777.124 38783.9
731.889 40584.9
676.791 43240
728.44 40773.8
415.49 72225.6
416.286 72165.6
704.239 41303.1
702.094 41959.9
643.187 45993.5
398.476 73884.3
475.352 66218.5
419.693 71805.9
427.167 70828.6
736.154 40494.3
727.723 40776.2
557.201 57943.1
507.786 61843.1
430.783 69146
730.252 40594.6
411.364 72846.4
461.885 66569
466.651 66311.6
592.558 53916
410.326 73369
414.24 72496.4
422.049 70981.9
444.12 68599.1
778.901 38504.4
824.385 36567
813 36808.6
515.865 61385.6
505.135 63870.6
637.703 47012.3
699.315 42128.4
476.425 65935.7
739.139 39701.9
664.588 44278.6
528.366 60465.9
712.484 41052.9
532.011 59967.3
455.142 67888.1
557.702 57517.9
643.188 45524.4
710.142 41247.6
674.07 43389.2
617.341 48601
594.831 52746.8
587.462 54185.3
669.918 43933.8
672.93 43895.8
524.95 60716.9
657.772 44736.6
679.876 43164.8
388.095 75563.3
601.419 49644.3
641.064 46097
648.006 45133.8
649.183 44873.3
522.938 60771.4
688.414 42580
694.353 42200.3
388.095 75469.6
737.483 40260.9
738.907 40124.6
517.153 60822.4
793 38122.4
787.933 38158.2
507.21 63733.8
769.66 38817.5
450.142 67900.1
632.162 47036.4
525.169 60671.8
544.642 58361.7
854 36389
428.59 70725
829 36431
825 36564
429.188 70411.6
767.978 38893.4
596.03 52314.2
410.184 73397.1
541.094 59095
796.886 37690
638.606 46369.7
555.297 58275.3
407.592 73424.9
536.273 59424.1
478.371 65734.9
480.064 65644.3
684.796 42953.8
409.81 73409.8
817 36609.4
580.377 56243.7
583.077 56098.4
752.58 39099.1
485.69 65223.5
531.794 60288.5
620.514 48376.1
579.012 56491
513.695 61576.3
808 37455.3
778.499 38721.4
556.347 58114.5
397.524 74511.4
450.048 68433.4
404.633 73659.1
489.86 65036.4
540.181 59218.4
802.615 37472.8
481.64 65500
562.593 56943.8
570.565 56553
746.381 39408.5
669.538 44116.4
671.012 43926.3
724.615 40866.3
722.393 40901.3
403.61 73848.9
785 38218.2
457.03 67156.3
394.857 75165.4
390 75307.6
493.15 63875.7
736.33 40367.4
625.028 47613.1
766.291 38981.1
507.264 62061.1
808.571 37017.2
