603.787 52134.3
476.632 65684.6
476.632 65684.6
453.545 68445.4
456.604 68420.1
834 37196.4
748.335 40459.2
823 37788.7
441.123 69388.5
491.055 65294.3
612.471 51685.3
689.025 43755.8
699.923 42798.9
514.425 62528.8
507.897 62805.7
543.013 59412
547.063 58922.9
441.684 68964
450.997 68697.3
444.211 68780.1
456.728 67682
888 36689.7
903 36607
910 36563
889 36670
900 36624
667.643 44562.1
487.599 65467.8
493.548 65162.9
501.233 64483.6
497.777 65050.1
827 37763.5
639.942 47337.2
498.556 64745.7
502.886 63420.9
522.586 60558.2
858 36779
924 36521
837 36784
563.708 58290.7
499.381 64551.7
833 37388.7
824.923 37772
732.047 40986.3
732.65 40913.1
738.219 40873.8
811.615 37991.9
709.162 42238.4
554.512 58456.9
817 37877.5
471.537 66721.8
566.941 57191.7
648.619 46533.2
413.36 72627.6
518.936 61806.7
537.769 60312.3
599.871 52786.8
407.73 73901.9
828 37713.4
614.41 50459.8
691.754 43511.8
697.206 42838.7
704.439 42691.9
461.334 67164.2
639.963 47022.2
651.819 46460.1
421.599 71738.7
830 37618
684.643 44240.8
537.671 60331.9
653.176 45936.2
412.762 73470
411.481 73570.1
399.473 74496.4
390.952 75240.9
518.591 62467.9
429.896 70052.1
660.081 45265.2
615.684 49530.5
680.039 44305.5
784.923 38889.4
739.024 40749.1
540.342 59627.4
766.107 39266.1
769.32 39225.2
778.423 39064.2
785.457 38554.7
405.524 74165.5
785.457 38554.7
641.397 46590.1
664.212 44814
717.432 42206.7
717.782 41801.8
790.154 38053.6
708.295 42347.2
816.571 37958.2
728.333 41366.4
723.335 41650
431.97 69997.2
422.748 70426.9
418.725 72196.6
506.802 63408.1
440.137 69970.2
592.233 53936
535.357 60361.7
727.552 41506.1
577.835 57149.6
582.159 54291.5
685.355 43991.2
623.684 47714.8
764.854 39686.2
759.955 39947.9
694.418 43364
831 37573.3
620.92 48227.1
741.468 40581.3
751.414 40252.3
755.424 39971.2
763.474 39867.3
566.118 58018.5
763.474 39867.3
658.2 45592.8
411.143 73825.7
