381.619 68212.1
422.929 63312.9
367.619 70263.2
487.693 56610.2
499.869 54812.7
385.654 68155
385.895 68086.6
391.167 67344.6
745.813 35159.1
770.615 34264.3
734.645 35617.6
647.47 39886.1
380 68612.3
632.965 40933.8
372.316 69564.6
651.95 39093.4
585.449 43100.9
437.29 62079.5
366.667 71150.4
663.928 38431.3
673.678 38290.6
691.682 37287.2
517.164 53610.7
421.719 63886.4
417.691 64191
394.308 67173.1
395.496 66807.8
370.535 69829.5
536.69 52409.7
453.495 61260.4
759.846 34552
687.701 37587.6
437.266 62212
678.623 37829.1
680.233 37740
674.153 37835.6
771 33889
775 33570
744.387 35194
437.884 61669.8
689.68 37550.5
421.729 63811.6
434.45 62450.4
706.857 36892.6
427.035 62646.4
425.135 62848.7
570.195 46499
811 33552
811 33552
714.419 36346.3
770.462 34510.5
740.846 35440.4
720.988 35837.2
376.79 69072.2
498.311 55709.9
489.955 55982.5
413.33 64851.7
417.2 64255.4
456.813 61014.6
544.712 52331.7
669.231 38393.1
632.923 40970.7
475.334 57217.5
450.973 61378.9
529.267 53516.7
712.998 36608.6
698.328 36974.6
415.066 64432
416.099 64364.7
404.247 65086.2
400.291 65910.7
615.664 41635.1
618.56 41250.2
644.385 40201.3
616.707 41316.8
635.85 40418.7
369.524 69889.8
457.504 59869.3
435.228 62229.8
393.76 67340.5
634.735 40667.8
398.044 66225.8
656.881 39088.3
550.66 52273.9
811.419 33485.1
710.932 36626.9
472.849 59669.8
755.385 34798.8
386.983 67961.9
512.269 53737.7
389.843 67817
602.721 42409
559.509 49529
473.544 58426.8
604.898 41732.6
486.112 57096.5
758.769 34723
650.999 39702.5
551.582 50565.8
580.126 45598.4
626.532 41040
636.181 40250.4
564.72 48719.8
642.711 40202.9
593.242 42929
651.176 39456.1
531.653 52964.6
536.641 52933.2
430.206 62508.4
379.899 69066.6
453.642 61067.4
734.018 35809.3
493.014 55956.9
374.759 69344.5
376.674 69180.7
485.584 57112.2
