784.569 233967
776.819 235967
779.277 235128
775.676 236453
775.24 236469
777.049 235889
774.87 236512
800.048 224551
806.494 224504
797.878 224628
798.747 224590
794.525 226145
796.081 225757
785.964 229150
888.613 194924
729.19 246378
733.887 246068
709.1 250840
720.871 250230
725.108 249422
714.336 250838
697.86 251743
694.991 252134
693.96 253434
690.145 254903
689.775 254940
687.143 257151
685.238 257610
682.381 257611
677.619 257666
826.07 219182
845.891 213203
597.476 267798
601.441 267782
603.873 267702
604.564 267680
594.862 268769
593.916 269191
594.23 269169
2593.64 141248
2578.84 142002
619.606 263400
622.158 263114
2181.48 142332
2187.48 142244
793.357 228569
1052.93 156429
616.425 263486
906.633 191170
915.341 187825
908.611 188591
903.085 191211
902.402 193563
899.164 194479
875.986 201360
883.704 200271
865.701 208821
842.736 214510
844.699 213976
838.224 215687
606.81 263840
912.439 188113
605.693 264350
746.761 240959
916.068 185948
916.072 185510
1088.53 148675
1050.51 158103
1047.84 158711
1089.08 148197
1100.22 146800
1109.13 145791
1105.89 146136
1026.19 161698
1031.75 161443
2593 141651
1112.03 145189
1113.04 145110
1111.51 145508
1115.52 144973
1125.97 144920
1002.31 169435
1008.6 168917
1014.65 164209
1013.9 168448
1116.14 144961
1126.52 144756
1134.24 144127
1143.08 143895
1156.98 143882
1094.67 147656
1162.23 143670
1095.66 147366
1185.98 143029
1131.1 144601
1096.86 147019
1129.77 144712
1083.57 149929
936.661 183191
935.743 184044
937.495 181574
934.867 184556
611.499 263769
615.628 263529
612.27 263690
873.521 203950
860.809 209933
871.399 208422
858.126 212125
867.803 208561
847.218 212322
827.739 215836
827.731 215933
828.157 215795
819.548 219859
818.699 222255
808.008 222476
806.777 222866
757.535 236762
773.584 236564
753.717 237572
2388.02 142075
1083.75 149601
1073.51 150492
1082.65 150345
824.795 219781
1000.61 173321
1066.43 150911
1071.43 150815
1061.68 155557
1043.12 158945
1041.06 160544
1082.24 150488
988.619 175656
985.293 176100
973.048 176269
