580.625 264351
578.801 265271
583.004 263969
1034 176724
1053.65 175587
1053.54 175735
1053.17 176047
981.514 190564
1170.62 147593
1157.81 148461
1162.15 148450
1151.06 149041
816.468 233821
841.406 218454
1182.94 147552
1205.27 146284
1207.43 146270
1213.37 146124
1215.84 145802
569.971 281448
1213.75 146032
1210.27 146138
1209.15 146159
1101.05 154569
1100.77 155087
1190.52 146523
704.66 254835
747.023 235502
732.343 236049
717.719 236957
752.236 235022
677.16 258319
826.222 220986
1130.4 149441
1133.09 149172
900.16 192768
911.052 191893
901.026 192284
581.08 264077
579.967 264956
584 263358
699.355 256974
703.322 255984
697.722 257506
840.572 220263
578.364 267606
580.261 264357
865.583 193826
863.774 195347
862.108 202725
860.404 209174
847.812 217703
842.096 218161
849.649 217591
848.976 217659
705.683 244625
716.224 244529
572.571 279528
1009.65 189642
1011.39 188970
1013.96 188163
662.566 263258
1202.05 146336
824.404 226021
823.466 226381
666.185 258979
2749.46 142787
1026.66 178450
1022.79 184811
757.323 233881
1084.76 160853
2961.23 142303
2928.39 142467
2932 142462
2900.54 142580
2923.23 142475
573.646 275816
1084.4 168342
1054.95 174705
1059.18 173770
1054.02 175499
1061.58 172701
1099.2 160015
1097.2 160201
1075.65 169579
1077.83 169185
1083.58 168738
750.417 235412
1007.33 190273
1007.99 189775
1104.72 152429
1107.53 152326
1117.57 151900
1127.37 151757
1117.04 152069
1130.12 151446
1232.54 145589
573.808 270863
