913.212 206915
875.052 224407
874.401 224407
1015.64 194709
828.403 229362
850.302 228768
1134.53 155550
717.526 262107
1035.52 193502
1098.86 169991
911.257 208681
706.558 264818
710.847 264219
696.198 265071
692.137 265487
695.919 265336
802.258 239472
610.476 286748
2901.46 146469
2893.8 146602
2897.15 146484
2910.69 146333
2891.34 146877
932.405 198430
937.855 198072
610.934 274359
612.171 274069
858.851 225944
898.449 209345
896.799 222854
1110.58 165952
1232 147873
1216.23 148254
1058.4 181959
1066.13 181952
1066.44 181443
888.17 223854
1168.62 151994
1175.03 151612
1149.76 152112
1177.63 151474
1128.82 155696
1120.33 156125
1113.89 156218
1135.59 154847
942.883 195143
782.985 240440
767.893 240878
786.027 240353
793.55 240198
825.339 238676
1210.31 148614
1187.41 149259
1197.69 148978
1188.77 149144
1195 148984
1202.08 148920
1184.23 149267
938.777 196522
713.467 264153
1095.77 174413
1038.69 189550
2845.14 147745
1144.23 153449
1143 153537
1177 151529
1148.14 152680
1147.15 153030
1147.11 153367
2946.79 145549
2925.73 145591
2912.46 146177
873.739 224652
615.055 265726
615.095 265669
920.672 199198
920.241 199385
921.598 199060
1072.83 176374
1077.17 175574
1081.82 174762
753.026 248337
757.698 247958
763.03 247766
761.088 247861
746.537 252922
743.366 253201
1054.54 188585
714.575 264089
708.031 264380
890.088 223636
733.723 254562
723.725 255151
722.481 256323
718.585 257068
742.953 254435
