461.366 61865
419.835 65829.2
474.065 61541.4
723.871 38003.6
696.435 39155.3
611.951 43695
730.319 37755.1
784 35407.7
804 35133
517.128 56210.1
719.325 38087.5
733.087 37660
758.407 36493.2
725.769 37993.2
371.905 72459.9
371.429 72464.8
365.714 72541.1
709.308 38564.5
783.375 35792
487.27 59206.9
696.865 39127.7
682.37 39366.8
576.357 49643.8
497.803 57897.5
535.614 54825.7
941 34831.2
941 34831.2
603.419 44744.7
688.719 39256.1
650.585 41245.1
381.622 71125.9
450.851 63290.4
381.622 71125.9
411.401 66092.1
711.367 38230.5
484.658 60991.9
807 35025
903 34835
816 34940
664.488 40498
658.334 40695.5
651.046 40958.7
624.6 42478.9
401.619 67972.9
657.906 40848.8
645.752 41535.5
578.938 49571.1
581.564 47671.4
544.767 54480
467.335 61823.4
486.298 59272.2
607.308 44395.2
422.525 65696.9
422.84 65058.6
415.67 65995.8
523.637 55375.9
397.997 69472.9
381.73 70200.9
387.438 69917.1
376.989 71725.2
593.319 45333.4
617.098 43680.2
618.498 43487
599.985 45126.9
666.209 40269
666.78 40207.4
670.597 40153.1
638.563 41673.3
584.633 46018.1
629.439 42294.4
728.139 37904.6
479.103 61000.4
494.349 58566.8
551.071 54107.9
494.04 59008
434.946 64729.6
433.382 64825.7
472.801 61747.4
399.451 69030.3
538.121 54558.6
774 35811.6
752 36589.7
744 36652.6
558.561 53886.6
517.075 56502.5
437.605 64456.2
744 36652.6
563.422 49979.8
607.916 43819.6
542.446 54546.2
759.846 36239.3
768.385 36054.8
765.462 36099.5
400.093 68775.9
388.75 69633.2
606.276 44609.6
396.025 69497.3
373.333 71862.8
379.81 71650.8
635.278 42040.7
450.096 63790.3
521.187 56115.1
676.2 40130.8
453.746 62702.6
554.784 53992.2
786 35143
765.879 36061.9
740.486 37263.5
709.675 38278.7
694.838 39194.6
698.665 39022.3
699.524 39019.7
404.955 66449.4
499.337 56746.7
497.483 58086.8
734.692 37511.9
380.716 71578.3
706.439 38571.7
559.607 50799.1
439.574 63905.3
680.584 39928.1
581.198 48279.9
701.39 38573
549.527 54237.1
