567.56 56747.7
710.638 41683.4
712.845 40971.4
403.37 73173.7
722.586 40929.2
455.327 67199.5
484.641 64501.1
538.67 58330
430.474 68947.9
459.101 66772.9
452.443 67884.5
471.2 65578.7
719.222 40936.8
474.561 65442.8
430.143 70057
592.876 53482.6
793.846 37997.3
679.285 43330.8
520.241 60191.8
514.371 60699.9
628.816 47833.3
680.437 43293
420.762 71286.8
442.43 68227.9
632.331 47174.2
719.56 40929.6
495.973 64038.8
468.139 65704
421.427 71222
828.432 36617.2
480.689 64800.4
484.565 64772.8
738.13 39915.3
535.193 59118.9
812 36917
817 36710
728.425 40528.9
726.514 40796.7
814 36783
754.118 39437.8
705.048 41767.6
794.923 37828.6
387.889 74322.4
392.762 74281.9
392.762 74281.9
387.143 74985.5
693.261 42540
709.629 41755.4
651.062 45080
601.837 52486.3
651.204 44804
662.87 43884
653.506 44775.5
657.916 44547.9
661.151 44356.2
586.551 55067.9
681.247 42764.9
662.568 44179
669.746 43548.1
497.41 63752.8
743.176 39796.8
726.357 40824
727.747 40613.5
733.557 40423
460.893 66524.1
630.503 47660.2
639.04 46078.1
653.797 44749.8
640.207 45829.1
620.054 48047
423.18 71219
521.57 60025.9
677.322 43331.7
491.559 64199
452.616 67536.3
701.115 41925.5
748.677 39724.1
572.961 55720.9
731.603 40469.4
723.482 40928.7
697.084 42222.1
566.152 56959.2
711.402 41511.6
736.238 40041.7
699.9 42035.2
669.462 43821.7
494.564 64080.4
508.982 61187
416.301 71491.4
549.548 57381.6
559.791 57159.3
621.73 47939.6
599.863 53089.4
632.846 46382.5
524.507 59183.6
501.261 61518.8
711.556 41400
757.816 39415.4
831 36253
760.777 39358.9
466.942 66382.9
768.341 38569.7
760.968 39079.3
396.667 74232.5
396 74252.6
710.432 41709.7
793.527 38291.3
795.67 37806.5
582.559 55462.3
544.758 58176.2
749.965 39555.9
834.077 35885.5
859 35880.9
860 35819.9
609.773 49600.3
674.005 43362.3
423.57 70967.6
560.463 57067.9
641.905 45581.2
544.363 58238.5
808.692 36932.9
571.754 56736.6
725.19 40839.4
407.045 71880.4
757.352 39416.6
686.419 42575.4
440.542 68801.7
425.026 70932.2
414.492 71817.3
426.066 70075.4
760.809 39215.6
397.333 73458.7
632.239 47295.5
636.054 46295.2
802.681 37742.7
425.069 70864.1
555.61 57204.4
519.257 60267.4
759.107 39383.2
639.474 46024.8
806 37311.6
806 37311.6
823 36619
767.432 38983.6
782.355 38300.1
467.257 66140.3
563.818 57052.7
805 37328
404.857 72238.3
446.371 67918.9
611.2 48713
384.286 75117.7
