455.141 67380.3
668.765 43827.2
609.578 48269.7
665.287 44415.7
662.656 44418.5
520.79 59405.8
682.323 42852.5
465.821 66151.2
456.986 66742.1
442.271 68215
435.684 68528
558.962 57029
474.533 65509.1
745.544 39550.7
787.308 38026.5
791.615 37720.4
671.017 43616.8
719.868 40908.3
695.937 41684.2
539.463 58486.4
491.19 63659.4
743.178 39690.9
703.041 41626.9
535.45 59342.3
673 43560.4
635.334 46451.8
573.161 56317.1
779.965 38094.8
554.932 57489.6
536.421 59311.3
615.473 47366
576.868 52491.4
384.952 75240.2
386.19 75070.6
384.667 75284.6
665.583 43965.3
733.898 40100.8
797 37008
489.687 64410.5
481.969 65012.2
411.101 72468.7
407.71 72555.2
406.27 72772.9
493.526 63406.4
825 36049
484.587 64997.9
822 36157
437.912 68503
433.779 68965.7
635.761 45906.6
648.489 45268.4
623.125 46665.6
727.579 40254.1
737.365 39888.2
753.152 39225.7
690.926 42348.7
537.814 59295.6
738.965 39760.2
658.59 44571.6
660.426 44462.5
417.874 70390.4
411.985 71928
412.733 71845.1
411.444 72021.3
393.594 73937.2
395.81 73935.8
597.67 52130.8
650.458 44941
499.401 62086.5
790.447 37997.1
726.874 40402.4
488.989 64944.2
732.73 40203.8
757.775 39004
751.538 39463.1
753.467 39189.7
549.303 57828.2
470.014 65700.3
564.248 56595.9
573.979 56218
553.222 57551.7
820 36407.6
818 36432
821 36322.4
642.823 45687.6
654.257 44932.7
518.573 60529.4
503.095 60838.9
601.622 51165.1
678.273 43277.5
677.918 43370.3
603.357 49121.4
461.355 66282.9
471.928 65688.9
429.633 70363.4
514.329 60570.2
689.618 42425.3
430.078 69719.2
722.659 40657.1
684.698 42739.2
646.978 45681.6
752.543 39460
808 36531
448.879 67592.2
449.818 67388.8
443.357 68201.4
669.333 43812.5
448.209 68107.9
541.148 58409
439.868 68324.9
654.814 44652.8
570.927 56434.6
705.108 41280.7
679.853 43041.3
758.538 38720.5
759.615 38558.8
763.077 38176.3
773.846 38120.4
710.653 41208.2
383.81 75906.4
534.685 59355.7
396.393 72867.9
630.35 46569
415.141 71300.6
388.19 74108.9
