615.968 36001.6
402.952 59525.1
402.524 60287.5
570.322 38018.4
538.513 41453.9
560.619 39433.1
474.545 50873.3
478.143 50097.6
479.983 49824.3
482.266 49426
485.41 49296.3
338.062 67342.4
460.416 53183.9
358.854 65127.2
354.221 65223.2
360.975 64745.7
599 36773.3
447.014 55082.5
436.571 56640
499.833 45398.9
499.723 46712.5
676 35014
485.713 49152
625 35686.5
339.508 66999.5
336.582 67518.6
331.253 68339.4
335.377 67730
334.602 67960.3
335.348 67813.9
450.987 54127.7
519.53 43673.9
319.634 71149.9
310.557 71801.2
308.095 71944.5
314.652 71777.2
319.601 71695.2
373.065 63257.7
368.663 63464.1
399.633 60350.9
416.017 58866.1
393.384 60885.4
397.171 60858
394.871 60877.1
414.273 59126.1
462.546 52861
476.19 50703.3
362.841 64503.8
610.839 36137
508.101 44531.7
488.707 48715.1
489.35 48280.3
495.494 47450.7
631.462 35652.8
342.28 66734
477.418 50614.5
542.398 40787.6
552.233 39940.2
622.846 35733.1
469.851 51179.7
538.011 41588.5
631.615 35505.6
640.462 35203
346.121 65780.2
348.162 65528.2
579.051 37751.8
598.968 37053.4
392.596 61888.8
389.742 61911.9
388.792 62554.7
628.613 35660.1
626.715 35667.4
649.613 35018.5
646 35146.5
649 35074.5
633.613 35209.5
382.602 62630.9
319.81 70484.9
367.539 63960.5
438.89 55641.5
430.851 56758
326.19 68844.7
526.387 42052.8
526.013 42428.5
373.41 63143.6
464.82 52194.7
461.22 52988.9
460.184 53304.6
449.011 54933.9
622.227 35823.2
444.03 55289.9
565.857 38922.3
541.619 41033.9
461.94 52861.8
457.762 53365.5
420.429 57895.5
449.242 54779.9
399.345 60656.6
598.433 37096.4
490.577 48196.3
480.91 49455.8
479.541 49872.6
486.725 48866.2
514.549 44020.7
510.841 44410.8
610 36324.8
491.404 47884.5
491.083 48033.4
468.81 51594.9
597.81 37133
583.692 37145.6
607 36372.7
600.55 36491.8
608 36364.8
568.801 38546.8
365.318 64167
562.886 39104.8
553.93 39453.5
544.857 40258.8
561.286 39266.8
420.094 58787.1
541.229 41286.2
598.762 37077.2
429.555 57882.7
429.657 57756.2
