466.772 59523
468.318 59342.4
446.014 62156.7
531.595 54100.2
772.095 35955.8
708.095 38687.7
707.359 38895.7
693.942 39339.1
718.095 38354.6
578.093 50768.1
759.095 36311.2
718.476 37809.9
440.996 63602.1
793.17 35781.3
427.799 64776.9
539.387 53443.6
684.56 39824.1
747.905 36680.7
716.029 38431.7
732.018 37325.4
737.257 37008.2
755.929 36421.9
462.845 61549.5
761.429 36310.7
645.739 42408.6
512.132 57035.8
544.86 52231.5
465.339 60548.8
723.516 37675.3
429.392 64541.2
478.748 58709.9
795.615 35760.7
729.092 37628.8
673.7 40464.6
683.943 40458.6
443.718 63404.6
437.512 63780.3
420.341 65198.1
421.894 65071
410.295 66363.6
410.926 65983.6
410.482 66277.4
524.34 54322.6
788.234 35808.8
684.018 40229.6
444.949 62835.6
455.344 62120.4
580.062 50541.3
559.048 51761.4
854 35243
416.136 65299.2
833 35275
611.615 44615
594.463 45838.9
644.155 42919.3
461.496 61763.6
582.95 50363.2
730.542 37573.8
742.249 36951.3
741.927 36972.5
490.518 57037.8
488.066 57790.9
487.542 57811.3
520.883 55310.5
561.407 51494.1
573.073 51369.1
577.039 51030.7
393.238 68553.2
464.176 61311.8
754.714 36443.5
658.816 41427.9
472.86 58725.5
483.71 57863.6
603.123 45043.7
422.828 64971.3
431.469 63941.9
411.498 65784.8
415.755 65468.6
404.8 66740.9
406.553 66666.2
409.722 66585.5
406.447 66697.5
409.531 66619.1
394.893 67092.8
398.527 66827.7
583.75 47283.6
651.625 42043.3
600.421 45278.1
617.282 43654.9
518.624 56243.2
517.418 56291.1
701.48 38986.5
642.432 43555
471.419 59066.3
392.238 70808.1
589.843 47113.8
775 35822.1
770.476 36000.6
802.349 35388.1
687.649 39793.2
689.949 39562.4
753.242 36614.1
512.155 56911.3
734.28 37103.8
747.957 36632.3
747.337 36855.7
797 35625.4
661.198 40681
660.771 41221.4
696.82 39058.4
573.87 51185.7
766.095 36248.6
768.131 36175.7
