929.208 194096
934.212 193535
932.492 194083
802.125 236457
842.073 236369
760.115 244485
744.493 245342
773.581 244214
729.636 246258
744.259 246225
800.719 243276
754.144 244777
989.21 190495
993.618 189543
1023.32 189153
1034.85 188629
1039.19 187238
855.504 228673
856.297 227362
3068.85 143775
3039.92 144570
1123.51 154646
2927.28 147474
2963.61 146984
2945.37 147150
2916.37 147827
2929.36 147388
604.095 266371
2630.02 148193
2605.85 148210
2630.38 148022
1155.85 154128
2657 147833
2587 148325
885.418 198700
883.144 207583
717.522 249116
718.645 248529
722.033 248147
1159.71 150958
873.255 222962
870.068 223124
880.319 219768
1167.85 150906
852.058 229988
874.818 220430
1191 148850
1183.81 150154
1171 150684
1173.27 150445
1178 150438
710.939 253408
1179.23 150259
1219.15 148618
1118.41 168223
1158.46 151836
923.914 195817
920.941 196669
1156.17 154033
693.817 263260
1118.84 158878
1052.1 175993
1046.49 185502
1077.06 170355
1085.74 169972
1098.34 169510
1114.43 168654
1107.96 168737
1096.45 169857
1104.12 169113
1149.62 154425
1153.43 154266
1137 154444
846.291 234616
1134.76 154446
606.916 266093
603.81 274857
2956.08 147086
2927.08 147485
2944 147298
2973.08 146129
2987.54 145736
2983.77 145932
602.286 287667
1066.11 173655
1075.12 172854
869.443 224092
856.436 224300
956.212 192599
958.995 191994
1051.06 178743
603.128 275321
602.857 275478
602.381 275481
692.73 263526
685.989 263747
691.835 263597
696.477 262817
847.556 233924
3014 145714
