314.84 28714.6
265.949 33015.4
271.418 32754.1
301.096 30214.9
490.516 17479.9
438.427 19643.8
296.584 30421.9
255.092 33883.3
272.371 32510.5
274.054 31861.1
487.154 17836.6
285.458 31127.8
327.026 27470.8
468.074 18266.1
466.526 18484.9
528 17051
253.238 34421.5
242.19 35430.1
331.272 26926.5
373.285 23427.9
399.654 21272.3
481.901 17880.1
240.747 35692.1
422.461 20131.3
479.439 18053.4
404.253 20841.1
310.6 29246.9
431.842 19759.8
447.256 19094.8
447.742 18731.6
447.251 19171.6
272.356 32733.9
257.041 33471.2
267.072 32893.9
262.045 33231.9
263.421 33149.8
532 17032.4
238.571 35840.8
237.143 35921.8
372.847 24353.5
243.238 35128.7
244.255 35043.3
241.905 35667.2
238.857 35767
324.545 28250.2
318.515 28610
252.055 34486.4
324.206 28372.7
308.944 29558.2
293.471 30897.6
478.315 18060.4
383.628 22820.6
248.067 34859
416.278 20365.9
491 17110
506 17086
518 17082
540 16964
280.667 31582.4
277.754 31847.7
320.016 28402.3
392.233 21592.2
439.505 19422.4
249.81 34627.6
253.834 34376.6
358.901 24464.3
524 17067.6
386.228 22302.1
270.28 32806.9
307.911 29848.1
254.268 34014
282.97 31221.8
347.327 26716.9
346.924 26722.8
438.268 19723.4
439.392 19490.8
348.348 25684.7
252.067 34469.4
444.115 19272.3
460.67 18608.1
430.883 19972.3
