695.253 40038.8
480.376 63570.1
670.358 41787.7
675.928 41453.6
448.174 65429.8
451.813 65391.5
610.953 46555.8
393.905 72102
657.078 42807.2
648.631 43354.2
397.69 71525.3
665.284 42212.6
517.625 58398.1
517.625 58398.1
689.151 40591.2
539.909 56708.1
413.959 69373.6
454.985 65221.9
664.133 42216.3
682.308 40870.9
702.308 39872.3
746.946 38291.8
716.685 38574.9
718.887 38324.2
712.524 39252
660.928 42496.4
661.684 42334.8
651.328 43151.7
457.466 65197.8
779 36314
483.723 63076.3
520.709 57478.6
660.323 42724.5
546.003 55612.3
480.673 63395.2
406.783 69988.7
529.484 57256.1
614.134 45929.5
462.054 64670.1
452.438 65335.7
409.646 69399
673.605 41697.5
641.738 43655.7
549.32 53369.6
678.601 41383.7
416.923 68904.1
395.617 71793.8
398.295 71367.8
401.238 71288.8
422.889 67714.9
405.429 70646.5
469.277 63924.1
495.259 59189.8
382.571 73622.1
588.01 50937.9
448.017 65727.8
691.276 40542.6
634.101 44243.4
637.52 44125.1
640.243 43804.5
514.354 58542
626.326 45414.7
619.113 45530.4
405.619 70225.4
507.403 58885.5
404.762 70709.6
590.873 49989.4
534.876 57049
390.369 72547
578.29 51667.1
597.633 46926.1
490.573 61877.7
682.634 40660
401.257 70800.5
627.957 45287
438.326 66642.5
439.535 65805.9
487.301 62552.3
391.773 72309
386.528 72923.8
811 35829.9
836 35770
801 35881
796 35994.9
468.739 64322.6
419.692 68580.1
417.73 68760.2
656.655 43061.5
791 36231.2
793 36113
790 36241
711.737 39650.6
749.989 38263.3
794 35998
660.603 42678.4
484.577 63031.3
389.333 72721
644.654 43396
761.286 37772.8
389.702 72621.8
463.015 64592.9
708.268 39735.8
750.251 37852.5
764.03 37624.4
675.332 41552.7
638.04 44099.3
631.286 44796.1
520.092 57542.9
485.559 62783
541.491 56131.3
378.095 74032.6
375.714 74204.5
378.571 73866.4
488.122 61885.5
488.122 61885.5
473.379 63720.7
394.378 71860.3
391.189 72462
385.619 72975.7
383.048 73037.8
396.851 71786.1
421.843 68278.3
459.964 65054.9
458.473 65106.1
680.017 41375
771.387 36834
660.808 42576.8
431.153 67165.2
429.95 67326.4
462.465 64593.5
435.853 66933.8
