402.381 75348.2
457.523 68947
450.781 69400.4
807 38507.9
584.248 56756.5
596.633 55572.3
468.486 67339
459.429 68475.2
458.885 68476.9
493.801 65569.6
501.253 62990.1
660.193 46262.6
594.045 55663.6
462.304 67895.9
461.652 67955.4
529.252 61659.2
433.439 71078.5
525.533 61726.3
391.905 76174.1
444.796 69529.3
625.528 48142.1
647.315 47511.6
392.857 76094.6
763.154 39673.7
785.739 38851.8
780.434 39218.2
777.308 39445.7
782.308 39010.7
557.491 59092.2
684.457 44437.7
495.184 64860.8
542.384 59904.5
559.29 58582.2
857 36713
494.454 65421
808.6 38265.9
586.24 56007.6
439.419 70568.6
687.217 44366.8
465.046 67797
458.821 68585.1
455.516 69071
432.25 71401.1
487.16 65621.7
676.101 44596.8
392.381 76147
385.714 76183.7
381.429 76231.8
621.675 48532.1
626.985 47627.5
535.549 60873.6
791.462 38603.3
546.589 59876.1
784.645 38935.9
780.692 39152.5
568.844 57938.2
480.673 66212.5
471.919 67126.5
465.35 67494.3
433.33 71143.2
430.75 71752.8
691.496 43520.9
706.625 42025.8
401.077 75350.2
539.976 60328.1
540.074 59918.1
521.955 62335
520.038 62803.6
411.433 72746.7
849 36944
849 36944
430.132 71762.7
847 37164
549.082 59670.9
847 37164
530.203 61212.4
656.524 46481.2
704.838 42992.6
652.014 46897.7
457.217 69031.6
564.238 58085.3
411.189 73778.8
879 36405
473.912 66545.8
523.374 61812.4
737.571 40646.6
745.773 40423
763.451 39486.8
600.34 54474.1
601.942 50810.4
777.626 39231.5
778.894 39225
741.374 40449.6
423.588 71869.7
404.132 74768
407.106 74131.8
409.608 74078.3
741.374 40449.6
824 37235
726.248 41608.6
730.063 40973.2
663.23 44599.5
710.926 41897.2
811 37901
817 37621
822 37471
398.952 75435
396.857 75725.3
444.435 69750.6
754.226 39688.6
648.638 47119.8
649.42 47065.2
619.265 49739.3
522.626 61996.1
402.78 75303.4
546.973 59774.1
569.864 57036.9
460.962 68009
420.714 72066.4
437.919 70826.6
438.327 70645.9
469.083 67175.6
551.929 59200.3
536.343 60398
567.195 57977.6
