536.698 55468.7
617.691 44544.5
630.582 42857.9
407.207 68682.1
716.407 38308.5
721.352 38003.3
459.524 62843.2
460.553 62827.5
458.21 62950.3
447.756 63962.8
697.47 39289.3
700.256 38762.8
693.009 39320.6
639.449 42486.9
404.256 68689.5
406.693 68686.6
404.216 68890.3
407.488 68304.7
495.258 59637.5
719.298 38053.5
708.756 38469.8
709.62 38425.3
722.926 37402.8
806 35324
781 35529
791 35464
695.769 39305.4
715.421 38351.7
731.011 37382.8
731.829 37036.8
732.619 37013.1
408.267 68058.1
542.675 54439.6
542.416 54885
428.508 66343.3
622.759 43606.1
396.074 69148.5
386.667 71217
382.19 71397.7
579.909 48933.5
656.672 41629.1
657.275 40984.7
662.132 40662.9
675.261 40094.7
770 36181.6
675.261 40094.7
390.919 69498.2
542.969 54274.9
490.362 60155.1
692.747 39458.6
776 35821.2
777.677 35543.4
527.925 55729.3
747.077 36946.3
465.665 62747
697.6 39135.8
380.176 71606.4
748.065 36787.4
722.516 37817
706.89 38722.2
715.218 38409.9
770.677 35946.1
511.296 57786
541.686 54958.8
388.571 70957.7
666.199 40385.4
676.338 39967.2
678.63 39548.8
527.495 56084.6
603.625 46205.8
645.547 41719.7
539.534 55144.3
616.588 44648
385.062 71284.1
378.286 71635.5
373.81 72070.2
376.667 71919.2
502.131 58907.9
502.467 57893.2
805 35409
794 35421.1
601.143 46439.5
500.219 59545
619.452 44424.2
608.683 45382.6
473.411 61199.2
513.991 57122.7
611.03 45104.8
514.862 57107
616.448 44777.6
519.511 56487.9
417.911 66546.3
410.905 67928.3
509.827 57798
434.506 64501.1
603.12 46299.4
559.424 51803.2
643.711 42397.5
836 35119
828 35197
840 35031
837 35095
540.067 55033.4
432.755 64933
673.528 40291.6
593.099 47249
385.905 71217.5
437.68 64209.1
471.763 61226.2
474.286 61170.9
517.349 57037.1
699.31 39089.2
760.149 36698
832 35128
863 34998
482.663 61026.1
447.921 63452.6
450.533 63425.3
389.266 70235.3
386.823 71011.5
521.978 56232.5
588.05 48228.7
556.732 54008.6
610.596 45337.4
430.034 65613.1
412.915 67797.1
766.231 36614.4
488.109 60958.7
615.543 44883
511.858 57703.1
534.891 55646.8
454.977 63385.1
480.205 61136.2
622.605 44001.6
629.823 43568.8
554.591 54136.5
716.701 38142.9
469.399 61677.6
