100
8
4

	0
	17
	1
	27
	2
	25
	3
	8
	4
	11
	5
	24
	6
	37
	7
	15


	0
	44
	1
	45
	2
	28
	3
	32
	4
	41
	5
	26
	6
	35
	7
	35


	0
	11
	1
	43
	2
	17
	3
	47
	4
	42
	5
	10
	6
	35
	7
	40


	0
	30
	1
	37
	2
	45
	3
	7
	4
	18
	5
	26
	6
	35
	7
	37


	0
	23
	1
	26
	2
	38
	3
	9
	4
	13
	5
	24
	6
	20
	7
	17


	0
	37
	1
	24
	2
	21
	3
	22
	4
	34
	5
	41
	6
	16
	7
	37


	0
	46
	1
	43
	2
	16
	3
	19
	4
	27
	5
	12
	6
	38
	7
	27


	0
	48
	1
	36
	2
	26
	3
	40
	4
	24
	5
	23
	6
	21
	7
	17


	0
	44
	1
	19
	2
	36
	3
	37
	4
	14
	5
	7
	6
	33
	7
	47


	0
	38
	1
	29
	2
	41
	3
	34
	4
	41
	5
	6
	6
	23
	7
	9


	0
	43
	1
	38
	2
	18
	3
	34
	4
	27
	5
	49
	6
	38
	7
	9


	0
	11
	1
	11
	2
	13
	3
	46
	4
	16
	5
	26
	6
	16
	7
	28


	0
	44
	1
	36
	2
	44
	3
	18
	4
	35
	5
	43
	6
	25
	7
	5


	0
	47
	1
	26
	2
	8
	3
	33
	4
	6
	5
	44
	6
	37
	7
	47


	0
	30
	1
	21
	2
	32
	3
	41
	4
	22
	5
	14
	6
	42
	7
	47


	0
	8
	1
	19
	2
	10
	3
	22
	4
	6
	5
	11
	6
	35
	7
	15


	0
	33
	1
	40
	2
	19
	3
	38
	4
	29
	5
	25
	6
	35
	7
	32


	0
	38
	1
	9
	2
	41
	3
	27
	4
	7
	5
	25
	6
	12
	7
	13


	0
	41
	1
	29
	2
	7
	3
	45
	4
	43
	5
	10
	6
	18
	7
	22


	0
	11
	1
	46
	2
	6
	3
	31
	4
	42
	5
	6
	6
	24
	7
	34


	0
	23
	1
	39
	2
	37
	3
	26
	4
	49
	5
	46
	6
	27
	7
	45


	0
	35
	1
	20
	2
	6
	3
	11
	4
	47
	5
	19
	6
	11
	7
	46


	0
	30
	1
	33
	2
	12
	3
	17
	4
	43
	5
	36
	6
	40
	7
	12


	0
	37
	1
	45
	2
	28
	3
	42
	4
	10
	5
	18
	6
	34
	7
	6


	0
	40
	1
	25
	2
	24
	3
	15
	4
	20
	5
	7
	6
	21
	7
	16


	0
	46
	1
	40
	2
	45
	3
	9
	4
	14
	5
	9
	6
	30
	7
	11


	0
	18
	1
	41
	2
	32
	3
	31
	4
	13
	5
	46
	6
	17
	7
	7


	0
	48
	1
	17
	2
	47
	3
	11
	4
	36
	5
	8
	6
	40
	7
	49


	0
	17
	1
	22
	2
	10
	3
	6
	4
	27
	5
	30
	6
	10
	7
	43


	0
	23
	1
	18
	2
	7
	3
	7
	4
	35
	5
	30
	6
	41
	7
	13


	0
	39
	1
	8
	2
	13
	3
	17
	4
	49
	5
	46
	6
	32
	7
	17


	0
	22
	1
	37
	2
	31
	3
	8
	4
	38
	5
	44
	6
	7
	7
	21


	0
	12
	1
	45
	2
	24
	3
	49
	4
	22
	5
	11
	6
	36
	7
	24


	0
	43
	1
	20
	2
	46
	3
	32
	4
	35
	5
	19
	6
	9
	7
	22


	0
	31
	1
	11
	2
	45
	3
	39
	4
	16
	5
	30
	6
	25
	7
	11


	0
	36
	1
	29
	2
	45
	3
	16
	4
	17
	5
	10
	6
	30
	7
	16


	0
	11
	1
	14
	2
	19
	3
	31
	4
	8
	5
	26
	6
	24
	7
	24


	0
	22
	1
	26
	2
	34
	3
	15
	4
	46
	5
	34
	6
	10
	7
	46


	0
	47
	1
	28
	2
	28
	3
	9
	4
	42
	5
	25
	6
	12
	7
	35


	0
	12
	1
	46
	2
	40
	3
	5
	4
	44
	5
	22
	6
	15
	7
	46


	0
	9
	1
	42
	2
	15
	3
	19
	4
	13
	5
	47
	6
	35
	7
	6


	0
	25
	1
	19
	2
	26
	3
	48
	4
	19
	5
	43
	6
	8
	7
	29


	0
	20
	1
	15
	2
	19
	3
	11
	4
	27
	5
	33
	6
	40
	7
	9


	0
	45
	1
	37
	2
	22
	3
	7
	4
	25
	5
	24
	6
	21
	7
	13


	0
	32
	1
	33
	2
	32
	3
	25
	4
	8
	5
	46
	6
	17
	7
	30


	0
	8
	1
	47
	2
	41
	3
	33
	4
	5
	5
	22
	6
	38
	7
	33


	0
	48
	1
	21
	2
	31
	3
	19
	4
	17
	5
	22
	6
	21
	7
	20


	0
	28
	1
	25
	2
	43
	3
	25
	4
	39
	5
	49
	6
	30
	7
	31


	0
	38
	1
	41
	2
	14
	3
	47
	4
	8
	5
	10
	6
	6
	7
	36


	0
	30
	1
	26
	2
	22
	3
	10
	4
	22
	5
	21
	6
	42
	7
	40


	0
	9
	1
	31
	2
	14
	3
	9
	4
	26
	5
	25
	6
	24
	7
	7


	0
	35
	1
	41
	2
	13
	3
	28
	4
	19
	5
	35
	6
	26
	7
	29


	0
	35
	1
	24
	2
	46
	3
	18
	4
	6
	5
	25
	6
	31
	7
	34


	0
	20
	1
	36
	2
	44
	3
	27
	4
	47
	5
	31
	6
	38
	7
	47


	0
	33
	1
	25
	2
	30
	3
	21
	4
	36
	5
	17
	6
	18
	7
	33


	0
	39
	1
	34
	2
	33
	3
	33
	4
	15
	5
	30
	6
	16
	7
	5


	0
	49
	1
	22
	2
	26
	3
	6
	4
	44
	5
	38
	6
	8
	7
	13


	0
	48
	1
	14
	2
	44
	3
	14
	4
	37
	5
	46
	6
	41
	7
	29


	0
	6
	1
	43
	2
	22
	3
	13
	4
	42
	5
	9
	6
	11
	7
	19


	0
	32
	1
	43
	2
	41
	3
	41
	4
	45
	5
	33
	6
	15
	7
	43


	0
	9
	1
	14
	2
	38
	3
	25
	4
	35
	5
	48
	6
	23
	7
	11


	0
	7
	1
	48
	2
	35
	3
	31
	4
	29
	5
	16
	6
	47
	7
	31


	0
	31
	1
	6
	2
	29
	3
	5
	4
	42
	5
	15
	6
	37
	7
	37


	0
	48
	1
	25
	2
	34
	3
	28
	4
	35
	5
	39
	6
	8
	7
	46


	0
	18
	1
	19
	2
	8
	3
	19
	4
	45
	5
	25
	6
	21
	7
	12


	0
	12
	1
	24
	2
	11
	3
	43
	4
	20
	5
	12
	6
	38
	7
	23


	0
	36
	1
	36
	2
	6
	3
	5
	4
	48
	5
	16
	6
	36
	7
	7


	0
	31
	1
	18
	2
	15
	3
	31
	4
	10
	5
	17
	6
	19
	7
	14


	0
	29
	1
	32
	2
	11
	3
	29
	4
	19
	5
	20
	6
	34
	7
	44


	0
	6
	1
	45
	2
	45
	3
	48
	4
	14
	5
	16
	6
	30
	7
	27


	0
	5
	1
	8
	2
	37
	3
	21
	4
	46
	5
	42
	6
	27
	7
	49


	0
	34
	1
	41
	2
	38
	3
	5
	4
	37
	5
	33
	6
	19
	7
	49


	0
	29
	1
	48
	2
	17
	3
	19
	4
	42
	5
	18
	6
	5
	7
	28


	0
	32
	1
	12
	2
	32
	3
	20
	4
	21
	5
	14
	6
	35
	7
	24


	0
	47
	1
	33
	2
	36
	3
	43
	4
	26
	5
	13
	6
	15
	7
	20


	0
	15
	1
	44
	2
	39
	3
	9
	4
	14
	5
	31
	6
	9
	7
	49


	0
	47
	1
	48
	2
	10
	3
	46
	4
	38
	5
	27
	6
	49
	7
	11


	0
	41
	1
	30
	2
	12
	3
	29
	4
	35
	5
	19
	6
	46
	7
	24


	0
	15
	1
	15
	2
	12
	3
	10
	4
	40
	5
	20
	6
	40
	7
	31


	0
	6
	1
	14
	2
	18
	3
	17
	4
	32
	5
	40
	6
	17
	7
	46


	0
	44
	1
	7
	2
	17
	3
	14
	4
	10
	5
	48
	6
	47
	7
	40


	0
	19
	1
	45
	2
	45
	3
	25
	4
	47
	5
	42
	6
	5
	7
	12


	0
	34
	1
	17
	2
	13
	3
	21
	4
	48
	5
	14
	6
	29
	7
	38


	0
	31
	1
	7
	2
	13
	3
	7
	4
	16
	5
	7
	6
	35
	7
	10


	0
	12
	1
	19
	2
	44
	3
	7
	4
	15
	5
	49
	6
	29
	7
	28


	0
	31
	1
	48
	2
	14
	3
	23
	4
	22
	5
	21
	6
	32
	7
	41


	0
	12
	1
	38
	2
	15
	3
	32
	4
	37
	5
	19
	6
	16
	7
	44


	0
	18
	1
	25
	2
	9
	3
	5
	4
	19
	5
	26
	6
	32
	7
	37


	0
	34
	1
	19
	2
	21
	3
	44
	4
	26
	5
	33
	6
	47
	7
	41


	0
	37
	1
	24
	2
	41
	3
	27
	4
	5
	5
	41
	6
	29
	7
	25


	0
	26
	1
	20
	2
	44
	3
	43
	4
	45
	5
	38
	6
	38
	7
	19


	0
	7
	1
	36
	2
	21
	3
	37
	4
	9
	5
	46
	6
	49
	7
	26


	0
	39
	1
	43
	2
	40
	3
	33
	4
	29
	5
	14
	6
	18
	7
	46


	0
	36
	1
	18
	2
	32
	3
	19
	4
	46
	5
	11
	6
	46
	7
	29


	0
	45
	1
	22
	2
	5
	3
	21
	4
	29
	5
	36
	6
	43
	7
	35


	0
	43
	1
	49
	2
	46
	3
	13
	4
	47
	5
	12
	6
	30
	7
	48


	0
	44
	1
	20
	2
	23
	3
	28
	4
	21
	5
	26
	6
	9
	7
	19


	0
	12
	1
	38
	2
	5
	3
	9
	4
	28
	5
	47
	6
	23
	7
	8


	0
	20
	1
	26
	2
	37
	3
	38
	4
	40
	5
	10
	6
	25
	7
	16


	0
	10
	1
	47
	2
	38
	3
	47
	4
	43
	5
	45
	6
	47
	7
	27

