20
8
3

	0
	48
	1
	9
	2
	30
	3
	17
	4
	25
	5
	23
	6
	48
	7
	10


	0
	9
	1
	45
	2
	24
	3
	36
	4
	5
	5
	13
	6
	46
	7
	35


	0
	45
	1
	47
	2
	27
	3
	8
	4
	8
	5
	6
	6
	11
	7
	23


	0
	36
	1
	24
	2
	35
	3
	28
	4
	20
	5
	6
	6
	15
	7
	28


	0
	25
	1
	6
	2
	30
	3
	23
	4
	20
	5
	39
	6
	6
	7
	19


	0
	31
	1
	44
	2
	47
	3
	12
	4
	42
	5
	10
	6
	47
	7
	11


	0
	5
	1
	16
	2
	20
	3
	24
	4
	39
	5
	6
	6
	15
	7
	26


	0
	41
	1
	47
	2
	27
	3
	15
	4
	5
	5
	5
	6
	25
	7
	34


	0
	20
	1
	42
	2
	7
	3
	10
	4
	32
	5
	31
	6
	30
	7
	32


	0
	28
	1
	11
	2
	12
	3
	40
	4
	21
	5
	35
	6
	46
	7
	19


	0
	34
	1
	21
	2
	21
	3
	38
	4
	21
	5
	9
	6
	17
	7
	48


	0
	21
	1
	15
	2
	12
	3
	20
	4
	21
	5
	11
	6
	22
	7
	11


	0
	18
	1
	5
	2
	14
	3
	24
	4
	16
	5
	34
	6
	7
	7
	44


	0
	21
	1
	21
	2
	19
	3
	44
	4
	14
	5
	8
	6
	28
	7
	32


	0
	9
	1
	45
	2
	18
	3
	20
	4
	10
	5
	42
	6
	19
	7
	10


	0
	32
	1
	30
	2
	38
	3
	14
	4
	6
	5
	13
	6
	33
	7
	13


	0
	42
	1
	33
	2
	40
	3
	45
	4
	18
	5
	46
	6
	14
	7
	31


	0
	36
	1
	21
	2
	7
	3
	14
	4
	41
	5
	49
	6
	49
	7
	12


	0
	42
	1
	25
	2
	5
	3
	13
	4
	6
	5
	11
	6
	33
	7
	41


	0
	19
	1
	14
	2
	28
	3
	46
	4
	11
	5
	13
	6
	29
	7
	45

