20
4
3

	0
	11
	1
	47
	2
	44
	3
	36


	0
	33
	1
	36
	2
	24
	3
	16


	0
	23
	1
	8
	2
	37
	3
	47


	0
	46
	1
	37
	2
	19
	3
	12


	0
	13
	1
	28
	2
	14
	3
	13


	0
	45
	1
	29
	2
	6
	3
	30


	0
	47
	1
	17
	2
	19
	3
	29


	0
	34
	1
	29
	2
	38
	3
	26


	0
	39
	1
	17
	2
	5
	3
	34


	0
	44
	1
	38
	2
	24
	3
	44


	0
	36
	1
	41
	2
	20
	3
	15


	0
	29
	1
	35
	2
	16
	3
	36


	0
	17
	1
	44
	2
	45
	3
	17


	0
	31
	1
	15
	2
	44
	3
	45


	0
	45
	1
	30
	2
	30
	3
	12


	0
	43
	1
	49
	2
	36
	3
	6


	0
	22
	1
	23
	2
	39
	3
	40


	0
	6
	1
	37
	2
	30
	3
	27


	0
	46
	1
	13
	2
	45
	3
	19


	0
	31
	1
	49
	2
	26
	3
	37

