20
16
4

	0
	19
	1
	40
	2
	7
	3
	11
	4
	14
	5
	24
	6
	37
	7
	44
	8
	23
	9
	6
	10
	27
	11
	10
	12
	9
	13
	47
	14
	47
	15
	14


	0
	11
	1
	31
	2
	21
	3
	21
	4
	20
	5
	8
	6
	45
	7
	9
	8
	38
	9
	37
	10
	13
	11
	31
	12
	43
	13
	15
	14
	38
	15
	17


	0
	23
	1
	15
	2
	15
	3
	14
	4
	26
	5
	38
	6
	7
	7
	38
	8
	36
	9
	30
	10
	49
	11
	46
	12
	24
	13
	43
	14
	17
	15
	34


	0
	25
	1
	35
	2
	45
	3
	15
	4
	49
	5
	20
	6
	15
	7
	16
	8
	6
	9
	24
	10
	30
	11
	35
	12
	15
	13
	48
	14
	9
	15
	49


	0
	35
	1
	42
	2
	46
	3
	39
	4
	25
	5
	37
	6
	22
	7
	37
	8
	15
	9
	42
	10
	25
	11
	47
	12
	42
	13
	46
	14
	29
	15
	47


	0
	43
	1
	35
	2
	37
	3
	41
	4
	46
	5
	45
	6
	9
	7
	6
	8
	7
	9
	27
	10
	19
	11
	7
	12
	19
	13
	40
	14
	39
	15
	48


	0
	28
	1
	45
	2
	11
	3
	41
	4
	37
	5
	17
	6
	40
	7
	45
	8
	34
	9
	8
	10
	44
	11
	18
	12
	12
	13
	44
	14
	28
	15
	30


	0
	41
	1
	40
	2
	14
	3
	35
	4
	35
	5
	39
	6
	18
	7
	41
	8
	40
	9
	37
	10
	39
	11
	23
	12
	12
	13
	32
	14
	25
	15
	21


	0
	17
	1
	11
	2
	47
	3
	16
	4
	32
	5
	36
	6
	37
	7
	7
	8
	37
	9
	21
	10
	27
	11
	17
	12
	15
	13
	26
	14
	5
	15
	17


	0
	21
	1
	34
	2
	15
	3
	25
	4
	5
	5
	34
	6
	26
	7
	36
	8
	35
	9
	24
	10
	34
	11
	12
	12
	5
	13
	41
	14
	9
	15
	8


	0
	47
	1
	22
	2
	5
	3
	8
	4
	39
	5
	13
	6
	46
	7
	46
	8
	6
	9
	23
	10
	41
	11
	39
	12
	16
	13
	32
	14
	23
	15
	49


	0
	22
	1
	25
	2
	27
	3
	48
	4
	49
	5
	20
	6
	47
	7
	43
	8
	6
	9
	39
	10
	36
	11
	25
	12
	21
	13
	22
	14
	27
	15
	19


	0
	6
	1
	25
	2
	15
	3
	16
	4
	6
	5
	29
	6
	28
	7
	20
	8
	28
	9
	33
	10
	24
	11
	21
	12
	30
	13
	11
	14
	40
	15
	7


	0
	19
	1
	37
	2
	19
	3
	14
	4
	45
	5
	5
	6
	48
	7
	28
	8
	43
	9
	38
	10
	49
	11
	26
	12
	5
	13
	34
	14
	8
	15
	48


	0
	8
	1
	44
	2
	30
	3
	21
	4
	42
	5
	28
	6
	36
	7
	40
	8
	11
	9
	24
	10
	29
	11
	19
	12
	41
	13
	7
	14
	14
	15
	33


	0
	46
	1
	9
	2
	43
	3
	25
	4
	15
	5
	30
	6
	18
	7
	30
	8
	5
	9
	42
	10
	45
	11
	48
	12
	39
	13
	18
	14
	34
	15
	32


	0
	20
	1
	20
	2
	5
	3
	20
	4
	21
	5
	32
	6
	43
	7
	37
	8
	24
	9
	37
	10
	9
	11
	43
	12
	43
	13
	46
	14
	24
	15
	44


	0
	42
	1
	34
	2
	9
	3
	19
	4
	12
	5
	44
	6
	29
	7
	35
	8
	42
	9
	30
	10
	48
	11
	21
	12
	13
	13
	38
	14
	30
	15
	29


	0
	47
	1
	21
	2
	28
	3
	26
	4
	31
	5
	43
	6
	35
	7
	43
	8
	7
	9
	26
	10
	42
	11
	5
	12
	44
	13
	16
	14
	38
	15
	19


	0
	12
	1
	21
	2
	34
	3
	32
	4
	21
	5
	31
	6
	7
	7
	11
	8
	42
	9
	10
	10
	5
	11
	5
	12
	35
	13
	14
	14
	8
	15
	43

