20
4
5

	0
	14
	1
	20
	2
	16
	3
	7


	0
	14
	1
	6
	2
	9
	3
	9


	0
	15
	1
	14
	2
	11
	3
	18


	0
	34
	1
	9
	2
	20
	3
	35


	0
	49
	1
	27
	2
	47
	3
	34


	0
	5
	1
	15
	2
	29
	3
	25


	0
	47
	1
	25
	2
	35
	3
	33


	0
	15
	1
	11
	2
	5
	3
	5


	0
	13
	1
	17
	2
	37
	3
	45


	0
	37
	1
	22
	2
	26
	3
	36


	0
	38
	1
	17
	2
	43
	3
	17


	0
	17
	1
	11
	2
	16
	3
	30


	0
	17
	1
	27
	2
	8
	3
	29


	0
	8
	1
	28
	2
	22
	3
	44


	0
	16
	1
	24
	2
	29
	3
	47


	0
	17
	1
	18
	2
	13
	3
	19


	0
	18
	1
	42
	2
	45
	3
	31


	0
	16
	1
	42
	2
	34
	3
	43


	0
	17
	1
	45
	2
	22
	3
	13


	0
	31
	1
	34
	2
	15
	3
	35

