20
8
2

	0
	36
	1
	39
	2
	10
	3
	25
	4
	13
	5
	49
	6
	23
	7
	46


	0
	39
	1
	28
	2
	35
	3
	43
	4
	39
	5
	23
	6
	9
	7
	38


	0
	33
	1
	28
	2
	34
	3
	32
	4
	5
	5
	42
	6
	6
	7
	42


	0
	6
	1
	43
	2
	15
	3
	27
	4
	30
	5
	47
	6
	9
	7
	33


	0
	20
	1
	48
	2
	13
	3
	12
	4
	26
	5
	18
	6
	10
	7
	30


	0
	39
	1
	41
	2
	16
	3
	24
	4
	18
	5
	47
	6
	40
	7
	41


	0
	6
	1
	26
	2
	44
	3
	16
	4
	33
	5
	14
	6
	24
	7
	48


	0
	33
	1
	33
	2
	49
	3
	35
	4
	28
	5
	48
	6
	27
	7
	47


	0
	49
	1
	11
	2
	38
	3
	47
	4
	42
	5
	20
	6
	8
	7
	19


	0
	38
	1
	27
	2
	15
	3
	33
	4
	40
	5
	30
	6
	49
	7
	36


	0
	11
	1
	45
	2
	20
	3
	8
	4
	42
	5
	24
	6
	31
	7
	26


	0
	7
	1
	20
	2
	40
	3
	11
	4
	38
	5
	22
	6
	29
	7
	23


	0
	17
	1
	27
	2
	35
	3
	10
	4
	12
	5
	22
	6
	35
	7
	47


	0
	26
	1
	29
	2
	20
	3
	13
	4
	29
	5
	16
	6
	20
	7
	15


	0
	35
	1
	39
	2
	43
	3
	9
	4
	7
	5
	10
	6
	37
	7
	12


	0
	20
	1
	22
	2
	7
	3
	25
	4
	31
	5
	49
	6
	33
	7
	49


	0
	11
	1
	39
	2
	13
	3
	17
	4
	28
	5
	47
	6
	24
	7
	26


	0
	41
	1
	21
	2
	10
	3
	37
	4
	37
	5
	17
	6
	34
	7
	40


	0
	9
	1
	45
	2
	45
	3
	7
	4
	19
	5
	36
	6
	45
	7
	34


	0
	27
	1
	24
	2
	44
	3
	12
	4
	8
	5
	14
	6
	6
	7
	37

