20
16
5

	0
	13
	1
	7
	2
	39
	3
	40
	4
	28
	5
	34
	6
	40
	7
	11
	8
	26
	9
	8
	10
	19
	11
	34
	12
	32
	13
	37
	14
	48
	15
	9


	0
	14
	1
	15
	2
	39
	3
	13
	4
	43
	5
	45
	6
	28
	7
	27
	8
	27
	9
	10
	10
	43
	11
	47
	12
	45
	13
	39
	14
	22
	15
	36


	0
	42
	1
	21
	2
	46
	3
	34
	4
	18
	5
	37
	6
	6
	7
	30
	8
	22
	9
	36
	10
	16
	11
	33
	12
	10
	13
	15
	14
	41
	15
	48


	0
	15
	1
	27
	2
	39
	3
	39
	4
	37
	5
	35
	6
	8
	7
	49
	8
	13
	9
	18
	10
	23
	11
	8
	12
	42
	13
	27
	14
	44
	15
	15


	0
	14
	1
	9
	2
	6
	3
	34
	4
	16
	5
	37
	6
	13
	7
	13
	8
	9
	9
	7
	10
	36
	11
	8
	12
	36
	13
	15
	14
	40
	15
	25


	0
	14
	1
	37
	2
	47
	3
	19
	4
	31
	5
	19
	6
	26
	7
	27
	8
	19
	9
	31
	10
	13
	11
	10
	12
	35
	13
	27
	14
	41
	15
	26


	0
	12
	1
	39
	2
	27
	3
	32
	4
	33
	5
	15
	6
	44
	7
	37
	8
	37
	9
	7
	10
	22
	11
	5
	12
	19
	13
	15
	14
	49
	15
	27


	0
	44
	1
	6
	2
	44
	3
	33
	4
	33
	5
	23
	6
	5
	7
	40
	8
	36
	9
	40
	10
	5
	11
	19
	12
	23
	13
	16
	14
	41
	15
	17


	0
	27
	1
	41
	2
	9
	3
	41
	4
	49
	5
	42
	6
	9
	7
	19
	8
	34
	9
	15
	10
	28
	11
	41
	12
	21
	13
	5
	14
	45
	15
	23


	0
	46
	1
	46
	2
	49
	3
	45
	4
	5
	5
	16
	6
	29
	7
	39
	8
	41
	9
	7
	10
	47
	11
	29
	12
	17
	13
	20
	14
	49
	15
	33


	0
	32
	1
	45
	2
	43
	3
	32
	4
	40
	5
	16
	6
	11
	7
	11
	8
	45
	9
	42
	10
	35
	11
	10
	12
	29
	13
	39
	14
	10
	15
	35


	0
	33
	1
	15
	2
	26
	3
	36
	4
	17
	5
	39
	6
	14
	7
	33
	8
	49
	9
	34
	10
	11
	11
	34
	12
	5
	13
	47
	14
	44
	15
	41


	0
	34
	1
	22
	2
	49
	3
	40
	4
	20
	5
	11
	6
	25
	7
	37
	8
	7
	9
	45
	10
	19
	11
	7
	12
	31
	13
	42
	14
	33
	15
	44


	0
	7
	1
	32
	2
	14
	3
	45
	4
	26
	5
	42
	6
	37
	7
	27
	8
	16
	9
	25
	10
	36
	11
	16
	12
	6
	13
	19
	14
	15
	15
	31


	0
	41
	1
	25
	2
	13
	3
	47
	4
	26
	5
	20
	6
	31
	7
	49
	8
	18
	9
	13
	10
	34
	11
	19
	12
	41
	13
	9
	14
	34
	15
	9


	0
	15
	1
	23
	2
	45
	3
	6
	4
	22
	5
	5
	6
	47
	7
	28
	8
	21
	9
	15
	10
	6
	11
	18
	12
	33
	13
	34
	14
	22
	15
	34


	0
	31
	1
	46
	2
	49
	3
	39
	4
	36
	5
	6
	6
	43
	7
	48
	8
	5
	9
	9
	10
	5
	11
	28
	12
	26
	13
	42
	14
	24
	15
	28


	0
	32
	1
	12
	2
	35
	3
	33
	4
	25
	5
	34
	6
	30
	7
	18
	8
	7
	9
	5
	10
	20
	11
	49
	12
	31
	13
	6
	14
	7
	15
	14


	0
	28
	1
	11
	2
	37
	3
	18
	4
	45
	5
	38
	6
	24
	7
	31
	8
	8
	9
	43
	10
	19
	11
	8
	12
	16
	13
	41
	14
	6
	15
	27


	0
	31
	1
	28
	2
	44
	3
	16
	4
	20
	5
	29
	6
	11
	7
	49
	8
	16
	9
	25
	10
	35
	11
	15
	12
	11
	13
	11
	14
	23
	15
	29

