20
16
4

	0
	19
	1
	20
	2
	29
	3
	34
	4
	10
	5
	17
	6
	29
	7
	24
	8
	9
	9
	45
	10
	6
	11
	5
	12
	48
	13
	37
	14
	13
	15
	29


	0
	19
	1
	48
	2
	40
	3
	16
	4
	23
	5
	45
	6
	9
	7
	24
	8
	43
	9
	11
	10
	23
	11
	39
	12
	48
	13
	33
	14
	30
	15
	21


	0
	18
	1
	24
	2
	20
	3
	39
	4
	25
	5
	33
	6
	15
	7
	32
	8
	31
	9
	24
	10
	10
	11
	38
	12
	16
	13
	39
	14
	45
	15
	38


	0
	49
	1
	5
	2
	32
	3
	42
	4
	37
	5
	38
	6
	20
	7
	46
	8
	48
	9
	20
	10
	48
	11
	23
	12
	41
	13
	38
	14
	30
	15
	48


	0
	38
	1
	5
	2
	6
	3
	48
	4
	46
	5
	7
	6
	25
	7
	42
	8
	42
	9
	6
	10
	47
	11
	43
	12
	19
	13
	22
	14
	31
	15
	35


	0
	46
	1
	20
	2
	21
	3
	34
	4
	15
	5
	14
	6
	28
	7
	41
	8
	22
	9
	15
	10
	32
	11
	29
	12
	45
	13
	49
	14
	37
	15
	29


	0
	42
	1
	27
	2
	11
	3
	36
	4
	16
	5
	41
	6
	39
	7
	43
	8
	24
	9
	34
	10
	16
	11
	24
	12
	18
	13
	27
	14
	34
	15
	28


	0
	5
	1
	20
	2
	16
	3
	46
	4
	38
	5
	38
	6
	44
	7
	9
	8
	29
	9
	6
	10
	13
	11
	21
	12
	28
	13
	40
	14
	24
	15
	23


	0
	20
	1
	16
	2
	23
	3
	29
	4
	11
	5
	47
	6
	30
	7
	47
	8
	39
	9
	29
	10
	30
	11
	9
	12
	31
	13
	41
	14
	8
	15
	18


	0
	8
	1
	24
	2
	5
	3
	5
	4
	9
	5
	23
	6
	34
	7
	15
	8
	23
	9
	23
	10
	40
	11
	40
	12
	29
	13
	10
	14
	24
	15
	32


	0
	33
	1
	12
	2
	44
	3
	40
	4
	14
	5
	7
	6
	35
	7
	9
	8
	24
	9
	49
	10
	45
	11
	13
	12
	5
	13
	22
	14
	46
	15
	21


	0
	24
	1
	19
	2
	43
	3
	45
	4
	17
	5
	28
	6
	39
	7
	41
	8
	49
	9
	9
	10
	25
	11
	30
	12
	35
	13
	28
	14
	46
	15
	17


	0
	44
	1
	26
	2
	45
	3
	13
	4
	29
	5
	34
	6
	39
	7
	11
	8
	15
	9
	12
	10
	22
	11
	46
	12
	49
	13
	33
	14
	5
	15
	47


	0
	45
	1
	37
	2
	16
	3
	38
	4
	20
	5
	42
	6
	37
	7
	44
	8
	32
	9
	18
	10
	11
	11
	20
	12
	26
	13
	34
	14
	11
	15
	10


	0
	13
	1
	16
	2
	11
	3
	26
	4
	12
	5
	36
	6
	28
	7
	28
	8
	26
	9
	33
	10
	38
	11
	7
	12
	16
	13
	18
	14
	28
	15
	17


	0
	35
	1
	14
	2
	16
	3
	31
	4
	22
	5
	42
	6
	44
	7
	25
	8
	33
	9
	30
	10
	23
	11
	13
	12
	16
	13
	32
	14
	30
	15
	7


	0
	17
	1
	22
	2
	47
	3
	6
	4
	28
	5
	22
	6
	7
	7
	27
	8
	27
	9
	9
	10
	13
	11
	15
	12
	38
	13
	10
	14
	43
	15
	19


	0
	12
	1
	8
	2
	47
	3
	13
	4
	5
	5
	38
	6
	16
	7
	5
	8
	12
	9
	24
	10
	23
	11
	12
	12
	9
	13
	22
	14
	7
	15
	49


	0
	25
	1
	17
	2
	31
	3
	11
	4
	21
	5
	13
	6
	27
	7
	16
	8
	6
	9
	42
	10
	15
	11
	42
	12
	18
	13
	14
	14
	36
	15
	47


	0
	40
	1
	5
	2
	35
	3
	13
	4
	10
	5
	39
	6
	5
	7
	49
	8
	38
	9
	35
	10
	30
	11
	15
	12
	27
	13
	38
	14
	38
	15
	25

