20
8
4

	0
	33
	1
	31
	2
	36
	3
	22
	4
	32
	5
	27
	6
	22
	7
	37


	0
	32
	1
	21
	2
	45
	3
	32
	4
	27
	5
	7
	6
	12
	7
	27


	0
	33
	1
	37
	2
	37
	3
	13
	4
	33
	5
	31
	6
	12
	7
	39


	0
	24
	1
	35
	2
	20
	3
	48
	4
	10
	5
	6
	6
	36
	7
	30


	0
	35
	1
	19
	2
	35
	3
	18
	4
	13
	5
	48
	6
	37
	7
	32


	0
	39
	1
	9
	2
	39
	3
	40
	4
	9
	5
	6
	6
	8
	7
	42


	0
	38
	1
	10
	2
	36
	3
	21
	4
	31
	5
	29
	6
	21
	7
	40


	0
	25
	1
	22
	2
	9
	3
	21
	4
	18
	5
	40
	6
	11
	7
	20


	0
	42
	1
	5
	2
	13
	3
	22
	4
	17
	5
	47
	6
	19
	7
	26


	0
	8
	1
	23
	2
	10
	3
	11
	4
	46
	5
	37
	6
	32
	7
	6


	0
	14
	1
	13
	2
	13
	3
	47
	4
	37
	5
	48
	6
	15
	7
	27


	0
	29
	1
	47
	2
	9
	3
	25
	4
	18
	5
	36
	6
	41
	7
	21


	0
	46
	1
	28
	2
	26
	3
	6
	4
	43
	5
	9
	6
	9
	7
	22


	0
	35
	1
	35
	2
	32
	3
	7
	4
	34
	5
	39
	6
	40
	7
	35


	0
	29
	1
	48
	2
	41
	3
	32
	4
	32
	5
	16
	6
	49
	7
	8


	0
	41
	1
	20
	2
	42
	3
	34
	4
	14
	5
	36
	6
	34
	7
	20


	0
	15
	1
	31
	2
	5
	3
	24
	4
	7
	5
	21
	6
	13
	7
	19


	0
	30
	1
	12
	2
	17
	3
	23
	4
	32
	5
	33
	6
	38
	7
	8


	0
	9
	1
	34
	2
	40
	3
	31
	4
	35
	5
	12
	6
	27
	7
	21


	0
	36
	1
	18
	2
	18
	3
	11
	4
	35
	5
	44
	6
	25
	7
	40

