20
16
2

	0
	10
	1
	43
	2
	34
	3
	29
	4
	5
	5
	46
	6
	39
	7
	45
	8
	21
	9
	47
	10
	26
	11
	27
	12
	42
	13
	43
	14
	41
	15
	24


	0
	36
	1
	30
	2
	33
	3
	28
	4
	36
	5
	10
	6
	22
	7
	27
	8
	22
	9
	47
	10
	6
	11
	13
	12
	7
	13
	11
	14
	10
	15
	27


	0
	37
	1
	33
	2
	42
	3
	10
	4
	23
	5
	25
	6
	15
	7
	27
	8
	41
	9
	13
	10
	34
	11
	38
	12
	28
	13
	25
	14
	39
	15
	41


	0
	28
	1
	44
	2
	48
	3
	40
	4
	21
	5
	29
	6
	48
	7
	27
	8
	28
	9
	38
	10
	9
	11
	21
	12
	12
	13
	28
	14
	22
	15
	33


	0
	48
	1
	46
	2
	40
	3
	18
	4
	33
	5
	27
	6
	25
	7
	20
	8
	18
	9
	11
	10
	14
	11
	15
	12
	31
	13
	45
	14
	43
	15
	5


	0
	34
	1
	49
	2
	42
	3
	44
	4
	46
	5
	36
	6
	48
	7
	48
	8
	11
	9
	39
	10
	49
	11
	24
	12
	9
	13
	12
	14
	16
	15
	42


	0
	47
	1
	26
	2
	48
	3
	32
	4
	15
	5
	7
	6
	20
	7
	39
	8
	12
	9
	35
	10
	12
	11
	26
	12
	16
	13
	42
	14
	41
	15
	44


	0
	15
	1
	37
	2
	43
	3
	36
	4
	8
	5
	10
	6
	29
	7
	32
	8
	38
	9
	19
	10
	30
	11
	35
	12
	47
	13
	31
	14
	48
	15
	19


	0
	20
	1
	17
	2
	13
	3
	22
	4
	7
	5
	14
	6
	39
	7
	24
	8
	36
	9
	12
	10
	47
	11
	20
	12
	40
	13
	23
	14
	28
	15
	36


	0
	44
	1
	44
	2
	28
	3
	8
	4
	31
	5
	48
	6
	35
	7
	21
	8
	7
	9
	20
	10
	14
	11
	9
	12
	49
	13
	35
	14
	23
	15
	7


	0
	32
	1
	42
	2
	31
	3
	47
	4
	32
	5
	26
	6
	45
	7
	46
	8
	40
	9
	12
	10
	34
	11
	8
	12
	47
	13
	24
	14
	46
	15
	49


	0
	37
	1
	40
	2
	46
	3
	29
	4
	28
	5
	17
	6
	29
	7
	21
	8
	10
	9
	18
	10
	28
	11
	12
	12
	35
	13
	7
	14
	28
	15
	16


	0
	5
	1
	23
	2
	8
	3
	14
	4
	9
	5
	28
	6
	32
	7
	19
	8
	8
	9
	28
	10
	21
	11
	49
	12
	22
	13
	14
	14
	47
	15
	25


	0
	46
	1
	8
	2
	41
	3
	28
	4
	6
	5
	8
	6
	30
	7
	38
	8
	14
	9
	34
	10
	45
	11
	43
	12
	34
	13
	18
	14
	46
	15
	37


	0
	30
	1
	20
	2
	39
	3
	38
	4
	23
	5
	19
	6
	12
	7
	12
	8
	6
	9
	48
	10
	41
	11
	31
	12
	25
	13
	39
	14
	34
	15
	49


	0
	22
	1
	7
	2
	10
	3
	49
	4
	10
	5
	47
	6
	13
	7
	32
	8
	47
	9
	28
	10
	32
	11
	8
	12
	19
	13
	40
	14
	36
	15
	9


	0
	45
	1
	10
	2
	45
	3
	16
	4
	9
	5
	42
	6
	46
	7
	32
	8
	36
	9
	6
	10
	13
	11
	46
	12
	28
	13
	30
	14
	32
	15
	37


	0
	41
	1
	46
	2
	9
	3
	38
	4
	18
	5
	42
	6
	28
	7
	29
	8
	12
	9
	44
	10
	11
	11
	5
	12
	27
	13
	13
	14
	11
	15
	22


	0
	31
	1
	30
	2
	43
	3
	38
	4
	41
	5
	32
	6
	33
	7
	32
	8
	8
	9
	11
	10
	45
	11
	9
	12
	10
	13
	49
	14
	20
	15
	21


	0
	17
	1
	40
	2
	47
	3
	13
	4
	30
	5
	6
	6
	17
	7
	6
	8
	35
	9
	23
	10
	23
	11
	12
	12
	39
	13
	23
	14
	40
	15
	22

