20
8
3

	0
	35
	1
	44
	2
	11
	3
	32
	4
	38
	5
	19
	6
	14
	7
	36


	0
	33
	1
	15
	2
	7
	3
	25
	4
	10
	5
	11
	6
	40
	7
	39


	0
	26
	1
	34
	2
	6
	3
	36
	4
	48
	5
	24
	6
	23
	7
	8


	0
	35
	1
	29
	2
	18
	3
	20
	4
	38
	5
	46
	6
	31
	7
	41


	0
	32
	1
	5
	2
	14
	3
	28
	4
	45
	5
	13
	6
	32
	7
	39


	0
	43
	1
	42
	2
	14
	3
	9
	4
	19
	5
	21
	6
	35
	7
	33


	0
	48
	1
	44
	2
	34
	3
	7
	4
	14
	5
	19
	6
	25
	7
	27


	0
	41
	1
	12
	2
	23
	3
	28
	4
	32
	5
	44
	6
	16
	7
	5


	0
	46
	1
	5
	2
	7
	3
	33
	4
	11
	5
	44
	6
	49
	7
	11


	0
	19
	1
	49
	2
	11
	3
	41
	4
	46
	5
	33
	6
	42
	7
	9


	0
	49
	1
	33
	2
	11
	3
	30
	4
	12
	5
	16
	6
	11
	7
	22


	0
	7
	1
	37
	2
	11
	3
	41
	4
	42
	5
	33
	6
	45
	7
	12


	0
	49
	1
	34
	2
	6
	3
	31
	4
	21
	5
	24
	6
	25
	7
	24


	0
	6
	1
	48
	2
	28
	3
	24
	4
	10
	5
	36
	6
	21
	7
	39


	0
	44
	1
	7
	2
	17
	3
	24
	4
	36
	5
	21
	6
	24
	7
	26


	0
	21
	1
	41
	2
	45
	3
	47
	4
	22
	5
	43
	6
	33
	7
	42


	0
	21
	1
	47
	2
	35
	3
	19
	4
	40
	5
	12
	6
	7
	7
	31


	0
	9
	1
	13
	2
	19
	3
	23
	4
	45
	5
	36
	6
	27
	7
	30


	0
	5
	1
	8
	2
	41
	3
	11
	4
	30
	5
	43
	6
	17
	7
	7


	0
	28
	1
	14
	2
	39
	3
	48
	4
	5
	5
	21
	6
	8
	7
	33

