20
16
4

	0
	49
	1
	44
	2
	23
	3
	11
	4
	24
	5
	43
	6
	20
	7
	35
	8
	10
	9
	47
	10
	45
	11
	46
	12
	13
	13
	31
	14
	47
	15
	44


	0
	8
	1
	20
	2
	29
	3
	11
	4
	6
	5
	30
	6
	25
	7
	19
	8
	10
	9
	25
	10
	47
	11
	23
	12
	7
	13
	28
	14
	13
	15
	48


	0
	24
	1
	22
	2
	15
	3
	22
	4
	47
	5
	28
	6
	31
	7
	11
	8
	42
	9
	19
	10
	38
	11
	34
	12
	27
	13
	42
	14
	38
	15
	23


	0
	24
	1
	26
	2
	41
	3
	18
	4
	22
	5
	43
	6
	5
	7
	17
	8
	29
	9
	27
	10
	20
	11
	6
	12
	46
	13
	48
	14
	36
	15
	10


	0
	24
	1
	19
	2
	13
	3
	7
	4
	18
	5
	42
	6
	28
	7
	29
	8
	13
	9
	29
	10
	17
	11
	14
	12
	48
	13
	24
	14
	14
	15
	22


	0
	27
	1
	11
	2
	22
	3
	20
	4
	30
	5
	19
	6
	10
	7
	39
	8
	36
	9
	20
	10
	24
	11
	36
	12
	10
	13
	7
	14
	38
	15
	29


	0
	9
	1
	46
	2
	39
	3
	44
	4
	33
	5
	38
	6
	42
	7
	27
	8
	43
	9
	12
	10
	18
	11
	20
	12
	22
	13
	44
	14
	44
	15
	23


	0
	26
	1
	47
	2
	10
	3
	41
	4
	16
	5
	33
	6
	12
	7
	49
	8
	39
	9
	13
	10
	38
	11
	31
	12
	45
	13
	13
	14
	32
	15
	14


	0
	11
	1
	45
	2
	41
	3
	7
	4
	26
	5
	17
	6
	25
	7
	16
	8
	41
	9
	45
	10
	10
	11
	28
	12
	28
	13
	13
	14
	5
	15
	47


	0
	39
	1
	17
	2
	20
	3
	47
	4
	44
	5
	13
	6
	46
	7
	23
	8
	6
	9
	46
	10
	27
	11
	39
	12
	15
	13
	22
	14
	20
	15
	42


	0
	7
	1
	42
	2
	18
	3
	43
	4
	11
	5
	16
	6
	29
	7
	43
	8
	48
	9
	5
	10
	49
	11
	26
	12
	28
	13
	13
	14
	17
	15
	29


	0
	40
	1
	45
	2
	12
	3
	38
	4
	39
	5
	41
	6
	40
	7
	18
	8
	6
	9
	11
	10
	44
	11
	45
	12
	39
	13
	14
	14
	38
	15
	18


	0
	45
	1
	12
	2
	21
	3
	11
	4
	15
	5
	43
	6
	42
	7
	48
	8
	42
	9
	18
	10
	7
	11
	44
	12
	35
	13
	45
	14
	22
	15
	36


	0
	34
	1
	21
	2
	30
	3
	23
	4
	14
	5
	18
	6
	43
	7
	9
	8
	24
	9
	5
	10
	37
	11
	34
	12
	21
	13
	13
	14
	9
	15
	39


	0
	47
	1
	49
	2
	46
	3
	40
	4
	18
	5
	15
	6
	40
	7
	16
	8
	14
	9
	40
	10
	37
	11
	44
	12
	37
	13
	47
	14
	5
	15
	23


	0
	12
	1
	26
	2
	9
	3
	48
	4
	46
	5
	18
	6
	48
	7
	25
	8
	26
	9
	13
	10
	29
	11
	16
	12
	7
	13
	39
	14
	8
	15
	21


	0
	32
	1
	43
	2
	16
	3
	14
	4
	10
	5
	25
	6
	33
	7
	47
	8
	5
	9
	40
	10
	37
	11
	12
	12
	36
	13
	9
	14
	11
	15
	11


	0
	41
	1
	10
	2
	7
	3
	15
	4
	22
	5
	16
	6
	42
	7
	16
	8
	7
	9
	5
	10
	32
	11
	25
	12
	36
	13
	31
	14
	31
	15
	7


	0
	36
	1
	30
	2
	39
	3
	21
	4
	19
	5
	11
	6
	17
	7
	48
	8
	9
	9
	40
	10
	16
	11
	45
	12
	20
	13
	32
	14
	45
	15
	9


	0
	16
	1
	25
	2
	43
	3
	34
	4
	5
	5
	43
	6
	25
	7
	30
	8
	20
	9
	31
	10
	18
	11
	16
	12
	17
	13
	32
	14
	30
	15
	12

