20
16
5

	0
	27
	1
	32
	2
	47
	3
	9
	4
	25
	5
	28
	6
	39
	7
	44
	8
	7
	9
	43
	10
	28
	11
	23
	12
	15
	13
	9
	14
	23
	15
	27


	0
	31
	1
	44
	2
	10
	3
	19
	4
	39
	5
	40
	6
	8
	7
	45
	8
	14
	9
	29
	10
	9
	11
	22
	12
	43
	13
	28
	14
	16
	15
	39


	0
	39
	1
	17
	2
	6
	3
	23
	4
	11
	5
	25
	6
	45
	7
	8
	8
	36
	9
	23
	10
	38
	11
	14
	12
	46
	13
	13
	14
	40
	15
	28


	0
	6
	1
	49
	2
	15
	3
	21
	4
	35
	5
	8
	6
	12
	7
	40
	8
	38
	9
	12
	10
	46
	11
	8
	12
	44
	13
	16
	14
	21
	15
	40


	0
	7
	1
	11
	2
	18
	3
	10
	4
	36
	5
	37
	6
	33
	7
	38
	8
	47
	9
	34
	10
	9
	11
	45
	12
	16
	13
	35
	14
	20
	15
	40


	0
	8
	1
	35
	2
	15
	3
	46
	4
	13
	5
	27
	6
	39
	7
	13
	8
	12
	9
	35
	10
	7
	11
	7
	12
	5
	13
	41
	14
	36
	15
	5


	0
	45
	1
	46
	2
	37
	3
	25
	4
	21
	5
	43
	6
	48
	7
	15
	8
	6
	9
	33
	10
	10
	11
	41
	12
	15
	13
	12
	14
	45
	15
	17


	0
	10
	1
	47
	2
	46
	3
	24
	4
	32
	5
	21
	6
	40
	7
	27
	8
	23
	9
	38
	10
	45
	11
	23
	12
	36
	13
	7
	14
	38
	15
	6


	0
	30
	1
	31
	2
	17
	3
	20
	4
	12
	5
	21
	6
	18
	7
	9
	8
	20
	9
	25
	10
	31
	11
	16
	12
	21
	13
	40
	14
	23
	15
	19


	0
	12
	1
	26
	2
	15
	3
	11
	4
	9
	5
	21
	6
	42
	7
	6
	8
	12
	9
	27
	10
	48
	11
	23
	12
	35
	13
	23
	14
	29
	15
	11


	0
	49
	1
	29
	2
	11
	3
	32
	4
	15
	5
	18
	6
	27
	7
	40
	8
	37
	9
	6
	10
	15
	11
	41
	12
	13
	13
	10
	14
	48
	15
	25


	0
	11
	1
	35
	2
	42
	3
	17
	4
	30
	5
	46
	6
	8
	7
	25
	8
	21
	9
	26
	10
	48
	11
	30
	12
	12
	13
	46
	14
	5
	15
	32


	0
	48
	1
	25
	2
	22
	3
	17
	4
	21
	5
	43
	6
	31
	7
	42
	8
	36
	9
	33
	10
	28
	11
	15
	12
	41
	13
	49
	14
	42
	15
	8


	0
	41
	1
	43
	2
	20
	3
	28
	4
	20
	5
	23
	6
	49
	7
	28
	8
	23
	9
	21
	10
	22
	11
	31
	12
	8
	13
	44
	14
	20
	15
	8


	0
	40
	1
	7
	2
	26
	3
	45
	4
	44
	5
	23
	6
	36
	7
	14
	8
	44
	9
	27
	10
	35
	11
	49
	12
	10
	13
	34
	14
	48
	15
	22


	0
	11
	1
	47
	2
	33
	3
	25
	4
	7
	5
	5
	6
	13
	7
	40
	8
	41
	9
	35
	10
	7
	11
	21
	12
	21
	13
	42
	14
	16
	15
	8


	0
	6
	1
	21
	2
	25
	3
	25
	4
	38
	5
	27
	6
	21
	7
	31
	8
	22
	9
	47
	10
	40
	11
	11
	12
	31
	13
	18
	14
	13
	15
	27


	0
	24
	1
	40
	2
	42
	3
	24
	4
	25
	5
	13
	6
	23
	7
	11
	8
	21
	9
	9
	10
	8
	11
	22
	12
	10
	13
	23
	14
	22
	15
	14


	0
	12
	1
	39
	2
	9
	3
	17
	4
	14
	5
	22
	6
	20
	7
	29
	8
	40
	9
	30
	10
	13
	11
	31
	12
	36
	13
	42
	14
	32
	15
	7


	0
	30
	1
	23
	2
	18
	3
	33
	4
	20
	5
	42
	6
	39
	7
	38
	8
	10
	9
	27
	10
	39
	11
	43
	12
	7
	13
	35
	14
	11
	15
	24

