20
16
4

	0
	16
	1
	28
	2
	34
	3
	48
	4
	49
	5
	20
	6
	27
	7
	11
	8
	9
	9
	34
	10
	19
	11
	20
	12
	8
	13
	49
	14
	34
	15
	32


	0
	40
	1
	47
	2
	5
	3
	27
	4
	19
	5
	26
	6
	20
	7
	40
	8
	7
	9
	21
	10
	23
	11
	39
	12
	19
	13
	45
	14
	28
	15
	21


	0
	12
	1
	46
	2
	8
	3
	38
	4
	12
	5
	7
	6
	30
	7
	25
	8
	22
	9
	43
	10
	9
	11
	29
	12
	48
	13
	6
	14
	22
	15
	45


	0
	20
	1
	29
	2
	9
	3
	12
	4
	37
	5
	49
	6
	18
	7
	37
	8
	18
	9
	30
	10
	7
	11
	38
	12
	35
	13
	13
	14
	27
	15
	40


	0
	16
	1
	26
	2
	11
	3
	18
	4
	29
	5
	13
	6
	13
	7
	23
	8
	36
	9
	35
	10
	11
	11
	40
	12
	22
	13
	42
	14
	41
	15
	5


	0
	9
	1
	5
	2
	11
	3
	33
	4
	6
	5
	9
	6
	19
	7
	48
	8
	15
	9
	11
	10
	29
	11
	46
	12
	12
	13
	41
	14
	42
	15
	23


	0
	5
	1
	23
	2
	6
	3
	21
	4
	40
	5
	11
	6
	38
	7
	23
	8
	10
	9
	25
	10
	32
	11
	32
	12
	27
	13
	43
	14
	39
	15
	41


	0
	18
	1
	25
	2
	45
	3
	46
	4
	21
	5
	9
	6
	34
	7
	41
	8
	46
	9
	41
	10
	9
	11
	19
	12
	46
	13
	43
	14
	48
	15
	39


	0
	27
	1
	20
	2
	43
	3
	10
	4
	11
	5
	18
	6
	31
	7
	11
	8
	14
	9
	49
	10
	23
	11
	25
	12
	39
	13
	47
	14
	48
	15
	35


	0
	15
	1
	24
	2
	35
	3
	49
	4
	6
	5
	32
	6
	35
	7
	25
	8
	42
	9
	41
	10
	21
	11
	16
	12
	26
	13
	35
	14
	30
	15
	21


	0
	49
	1
	13
	2
	23
	3
	17
	4
	20
	5
	41
	6
	30
	7
	43
	8
	23
	9
	16
	10
	18
	11
	36
	12
	39
	13
	9
	14
	45
	15
	45


	0
	28
	1
	22
	2
	38
	3
	46
	4
	37
	5
	11
	6
	40
	7
	48
	8
	9
	9
	21
	10
	6
	11
	10
	12
	34
	13
	29
	14
	7
	15
	49


	0
	45
	1
	43
	2
	9
	3
	16
	4
	11
	5
	46
	6
	34
	7
	13
	8
	47
	9
	38
	10
	36
	11
	15
	12
	19
	13
	43
	14
	38
	15
	17


	0
	5
	1
	30
	2
	43
	3
	36
	4
	48
	5
	48
	6
	12
	7
	43
	8
	8
	9
	23
	10
	14
	11
	35
	12
	46
	13
	25
	14
	23
	15
	38


	0
	43
	1
	40
	2
	12
	3
	5
	4
	7
	5
	45
	6
	5
	7
	44
	8
	35
	9
	34
	10
	41
	11
	22
	12
	20
	13
	29
	14
	16
	15
	44


	0
	5
	1
	47
	2
	45
	3
	47
	4
	20
	5
	16
	6
	34
	7
	29
	8
	16
	9
	36
	10
	14
	11
	46
	12
	49
	13
	42
	14
	21
	15
	14


	0
	14
	1
	31
	2
	43
	3
	38
	4
	13
	5
	20
	6
	18
	7
	46
	8
	15
	9
	46
	10
	35
	11
	18
	12
	34
	13
	22
	14
	17
	15
	31


	0
	18
	1
	15
	2
	40
	3
	29
	4
	31
	5
	32
	6
	39
	7
	12
	8
	15
	9
	17
	10
	41
	11
	14
	12
	48
	13
	32
	14
	28
	15
	28


	0
	41
	1
	6
	2
	37
	3
	5
	4
	31
	5
	22
	6
	7
	7
	43
	8
	5
	9
	25
	10
	42
	11
	37
	12
	36
	13
	15
	14
	15
	15
	22


	0
	15
	1
	46
	2
	22
	3
	9
	4
	33
	5
	39
	6
	10
	7
	30
	8
	13
	9
	31
	10
	33
	11
	40
	12
	28
	13
	42
	14
	15
	15
	6

