20
8
2

	0
	19
	1
	10
	2
	17
	3
	26
	4
	30
	5
	38
	6
	42
	7
	41


	0
	41
	1
	9
	2
	32
	3
	25
	4
	28
	5
	13
	6
	46
	7
	16


	0
	20
	1
	49
	2
	21
	3
	14
	4
	44
	5
	39
	6
	5
	7
	18


	0
	20
	1
	20
	2
	26
	3
	39
	4
	5
	5
	28
	6
	25
	7
	15


	0
	20
	1
	14
	2
	46
	3
	39
	4
	19
	5
	7
	6
	41
	7
	15


	0
	49
	1
	14
	2
	25
	3
	17
	4
	36
	5
	15
	6
	12
	7
	35


	0
	35
	1
	6
	2
	46
	3
	13
	4
	39
	5
	39
	6
	11
	7
	15


	0
	6
	1
	41
	2
	44
	3
	42
	4
	26
	5
	25
	6
	35
	7
	15


	0
	30
	1
	11
	2
	28
	3
	16
	4
	35
	5
	22
	6
	23
	7
	30


	0
	48
	1
	35
	2
	41
	3
	15
	4
	14
	5
	29
	6
	14
	7
	20


	0
	34
	1
	45
	2
	32
	3
	39
	4
	45
	5
	48
	6
	9
	7
	25


	0
	28
	1
	28
	2
	36
	3
	47
	4
	22
	5
	17
	6
	22
	7
	5


	0
	17
	1
	20
	2
	37
	3
	36
	4
	38
	5
	48
	6
	30
	7
	33


	0
	29
	1
	32
	2
	33
	3
	45
	4
	38
	5
	12
	6
	42
	7
	8


	0
	20
	1
	12
	2
	32
	3
	10
	4
	20
	5
	8
	6
	10
	7
	5


	0
	36
	1
	27
	2
	49
	3
	49
	4
	26
	5
	42
	6
	20
	7
	28


	0
	16
	1
	43
	2
	29
	3
	42
	4
	18
	5
	45
	6
	36
	7
	7


	0
	43
	1
	5
	2
	41
	3
	35
	4
	38
	5
	15
	6
	22
	7
	34


	0
	28
	1
	23
	2
	24
	3
	24
	4
	13
	5
	47
	6
	42
	7
	46


	0
	22
	1
	28
	2
	13
	3
	48
	4
	44
	5
	7
	6
	44
	7
	6

