20
16
5

	0
	49
	1
	14
	2
	17
	3
	20
	4
	6
	5
	11
	6
	33
	7
	27
	8
	46
	9
	31
	10
	25
	11
	21
	12
	19
	13
	38
	14
	5
	15
	22


	0
	23
	1
	29
	2
	31
	3
	14
	4
	30
	5
	44
	6
	25
	7
	37
	8
	30
	9
	40
	10
	30
	11
	18
	12
	19
	13
	21
	14
	49
	15
	47


	0
	43
	1
	9
	2
	24
	3
	20
	4
	20
	5
	25
	6
	26
	7
	28
	8
	26
	9
	29
	10
	13
	11
	31
	12
	42
	13
	25
	14
	26
	15
	39


	0
	49
	1
	38
	2
	28
	3
	15
	4
	35
	5
	11
	6
	18
	7
	18
	8
	35
	9
	23
	10
	37
	11
	49
	12
	27
	13
	5
	14
	12
	15
	14


	0
	20
	1
	34
	2
	45
	3
	47
	4
	36
	5
	45
	6
	39
	7
	48
	8
	13
	9
	6
	10
	35
	11
	20
	12
	12
	13
	42
	14
	10
	15
	26


	0
	17
	1
	8
	2
	29
	3
	33
	4
	35
	5
	22
	6
	21
	7
	7
	8
	10
	9
	30
	10
	29
	11
	23
	12
	29
	13
	23
	14
	15
	15
	32


	0
	30
	1
	9
	2
	44
	3
	40
	4
	12
	5
	20
	6
	13
	7
	32
	8
	29
	9
	28
	10
	37
	11
	30
	12
	6
	13
	25
	14
	14
	15
	18


	0
	22
	1
	23
	2
	11
	3
	29
	4
	23
	5
	35
	6
	13
	7
	39
	8
	44
	9
	24
	10
	28
	11
	8
	12
	48
	13
	31
	14
	25
	15
	15


	0
	48
	1
	46
	2
	40
	3
	15
	4
	22
	5
	41
	6
	46
	7
	25
	8
	33
	9
	37
	10
	37
	11
	26
	12
	34
	13
	12
	14
	5
	15
	38


	0
	45
	1
	23
	2
	46
	3
	29
	4
	15
	5
	22
	6
	33
	7
	16
	8
	19
	9
	34
	10
	12
	11
	36
	12
	38
	13
	34
	14
	43
	15
	11


	0
	13
	1
	6
	2
	45
	3
	36
	4
	42
	5
	43
	6
	41
	7
	34
	8
	26
	9
	48
	10
	38
	11
	45
	12
	25
	13
	21
	14
	26
	15
	6


	0
	48
	1
	42
	2
	41
	3
	22
	4
	39
	5
	35
	6
	46
	7
	45
	8
	49
	9
	47
	10
	33
	11
	49
	12
	25
	13
	28
	14
	11
	15
	32


	0
	25
	1
	25
	2
	48
	3
	49
	4
	37
	5
	13
	6
	34
	7
	7
	8
	30
	9
	11
	10
	6
	11
	37
	12
	23
	13
	7
	14
	8
	15
	9


	0
	44
	1
	28
	2
	36
	3
	22
	4
	39
	5
	24
	6
	23
	7
	44
	8
	25
	9
	41
	10
	22
	11
	40
	12
	37
	13
	17
	14
	48
	15
	11


	0
	39
	1
	30
	2
	7
	3
	45
	4
	36
	5
	29
	6
	9
	7
	7
	8
	27
	9
	6
	10
	11
	11
	42
	12
	42
	13
	5
	14
	25
	15
	39


	0
	20
	1
	35
	2
	19
	3
	30
	4
	22
	5
	47
	6
	31
	7
	44
	8
	48
	9
	26
	10
	22
	11
	47
	12
	45
	13
	20
	14
	37
	15
	48


	0
	37
	1
	46
	2
	38
	3
	35
	4
	44
	5
	17
	6
	17
	7
	44
	8
	18
	9
	10
	10
	31
	11
	6
	12
	44
	13
	46
	14
	39
	15
	22


	0
	5
	1
	37
	2
	16
	3
	34
	4
	46
	5
	30
	6
	25
	7
	43
	8
	35
	9
	24
	10
	45
	11
	42
	12
	42
	13
	44
	14
	11
	15
	34


	0
	43
	1
	15
	2
	5
	3
	37
	4
	27
	5
	41
	6
	9
	7
	37
	8
	46
	9
	41
	10
	30
	11
	18
	12
	25
	13
	23
	14
	35
	15
	14


	0
	21
	1
	21
	2
	18
	3
	17
	4
	46
	5
	28
	6
	47
	7
	7
	8
	23
	9
	39
	10
	43
	11
	38
	12
	15
	13
	23
	14
	24
	15
	7

