20
8
3

	0
	22
	1
	32
	2
	27
	3
	22
	4
	15
	5
	15
	6
	5
	7
	45


	0
	23
	1
	11
	2
	22
	3
	22
	4
	27
	5
	16
	6
	49
	7
	37


	0
	40
	1
	43
	2
	20
	3
	18
	4
	43
	5
	26
	6
	12
	7
	42


	0
	7
	1
	47
	2
	32
	3
	11
	4
	27
	5
	7
	6
	5
	7
	27


	0
	12
	1
	5
	2
	36
	3
	18
	4
	43
	5
	37
	6
	21
	7
	22


	0
	39
	1
	20
	2
	44
	3
	23
	4
	32
	5
	20
	6
	23
	7
	18


	0
	22
	1
	8
	2
	37
	3
	29
	4
	25
	5
	6
	6
	12
	7
	14


	0
	15
	1
	26
	2
	27
	3
	47
	4
	21
	5
	26
	6
	29
	7
	24


	0
	34
	1
	25
	2
	9
	3
	21
	4
	23
	5
	33
	6
	42
	7
	13


	0
	39
	1
	31
	2
	21
	3
	47
	4
	48
	5
	46
	6
	41
	7
	23


	0
	40
	1
	21
	2
	25
	3
	21
	4
	18
	5
	20
	6
	17
	7
	45


	0
	22
	1
	45
	2
	27
	3
	9
	4
	41
	5
	48
	6
	48
	7
	12


	0
	9
	1
	14
	2
	42
	3
	36
	4
	41
	5
	7
	6
	36
	7
	48


	0
	46
	1
	35
	2
	8
	3
	40
	4
	36
	5
	40
	6
	15
	7
	36


	0
	31
	1
	39
	2
	5
	3
	48
	4
	16
	5
	39
	6
	49
	7
	11


	0
	13
	1
	45
	2
	18
	3
	33
	4
	6
	5
	24
	6
	28
	7
	35


	0
	40
	1
	37
	2
	49
	3
	20
	4
	33
	5
	8
	6
	5
	7
	39


	0
	16
	1
	9
	2
	48
	3
	25
	4
	15
	5
	26
	6
	46
	7
	41


	0
	19
	1
	29
	2
	40
	3
	41
	4
	35
	5
	37
	6
	22
	7
	17


	0
	17
	1
	31
	2
	13
	3
	42
	4
	8
	5
	17
	6
	29
	7
	6

