20
16
5

	0
	36
	1
	18
	2
	30
	3
	25
	4
	41
	5
	41
	6
	9
	7
	38
	8
	39
	9
	40
	10
	17
	11
	12
	12
	16
	13
	36
	14
	5
	15
	46


	0
	28
	1
	17
	2
	9
	3
	41
	4
	36
	5
	33
	6
	43
	7
	28
	8
	22
	9
	11
	10
	35
	11
	6
	12
	35
	13
	29
	14
	18
	15
	34


	0
	46
	1
	36
	2
	41
	3
	43
	4
	23
	5
	42
	6
	42
	7
	18
	8
	22
	9
	11
	10
	40
	11
	28
	12
	13
	13
	47
	14
	11
	15
	12


	0
	9
	1
	19
	2
	47
	3
	34
	4
	28
	5
	40
	6
	12
	7
	12
	8
	37
	9
	23
	10
	23
	11
	46
	12
	43
	13
	35
	14
	15
	15
	20


	0
	48
	1
	48
	2
	31
	3
	43
	4
	26
	5
	39
	6
	20
	7
	21
	8
	48
	9
	35
	10
	30
	11
	17
	12
	9
	13
	20
	14
	18
	15
	28


	0
	49
	1
	37
	2
	14
	3
	19
	4
	9
	5
	45
	6
	44
	7
	36
	8
	24
	9
	14
	10
	11
	11
	6
	12
	35
	13
	30
	14
	26
	15
	25


	0
	22
	1
	43
	2
	36
	3
	31
	4
	5
	5
	40
	6
	18
	7
	24
	8
	42
	9
	8
	10
	38
	11
	15
	12
	30
	13
	37
	14
	6
	15
	37


	0
	48
	1
	47
	2
	32
	3
	9
	4
	11
	5
	43
	6
	48
	7
	35
	8
	42
	9
	47
	10
	15
	11
	31
	12
	28
	13
	29
	14
	25
	15
	11


	0
	15
	1
	21
	2
	33
	3
	10
	4
	40
	5
	33
	6
	39
	7
	12
	8
	17
	9
	6
	10
	23
	11
	17
	12
	42
	13
	7
	14
	23
	15
	30


	0
	5
	1
	17
	2
	21
	3
	49
	4
	14
	5
	25
	6
	31
	7
	49
	8
	7
	9
	25
	10
	6
	11
	32
	12
	12
	13
	27
	14
	7
	15
	16


	0
	39
	1
	10
	2
	33
	3
	43
	4
	49
	5
	5
	6
	46
	7
	11
	8
	13
	9
	38
	10
	5
	11
	26
	12
	29
	13
	11
	14
	21
	15
	6


	0
	8
	1
	20
	2
	41
	3
	20
	4
	40
	5
	9
	6
	38
	7
	11
	8
	39
	9
	19
	10
	46
	11
	9
	12
	23
	13
	15
	14
	13
	15
	29


	0
	24
	1
	17
	2
	43
	3
	33
	4
	49
	5
	20
	6
	16
	7
	17
	8
	6
	9
	10
	10
	26
	11
	11
	12
	34
	13
	34
	14
	42
	15
	13


	0
	19
	1
	20
	2
	43
	3
	23
	4
	48
	5
	33
	6
	43
	7
	9
	8
	31
	9
	5
	10
	20
	11
	11
	12
	45
	13
	20
	14
	21
	15
	14


	0
	45
	1
	48
	2
	44
	3
	9
	4
	34
	5
	43
	6
	25
	7
	17
	8
	25
	9
	12
	10
	20
	11
	47
	12
	12
	13
	8
	14
	44
	15
	30


	0
	42
	1
	15
	2
	46
	3
	19
	4
	15
	5
	17
	6
	29
	7
	40
	8
	32
	9
	27
	10
	10
	11
	21
	12
	43
	13
	40
	14
	48
	15
	19


	0
	11
	1
	14
	2
	15
	3
	37
	4
	32
	5
	34
	6
	33
	7
	10
	8
	35
	9
	11
	10
	13
	11
	41
	12
	25
	13
	7
	14
	7
	15
	43


	0
	47
	1
	35
	2
	37
	3
	10
	4
	33
	5
	28
	6
	37
	7
	47
	8
	14
	9
	47
	10
	21
	11
	22
	12
	9
	13
	34
	14
	47
	15
	43


	0
	30
	1
	11
	2
	13
	3
	36
	4
	24
	5
	47
	6
	38
	7
	10
	8
	12
	9
	15
	10
	20
	11
	48
	12
	14
	13
	48
	14
	45
	15
	13


	0
	18
	1
	20
	2
	49
	3
	48
	4
	49
	5
	26
	6
	20
	7
	46
	8
	42
	9
	40
	10
	30
	11
	19
	12
	30
	13
	42
	14
	13
	15
	8

