20
16
2

	0
	15
	1
	42
	2
	34
	3
	38
	4
	49
	5
	20
	6
	10
	7
	46
	8
	49
	9
	43
	10
	36
	11
	19
	12
	45
	13
	24
	14
	45
	15
	30


	0
	23
	1
	11
	2
	32
	3
	9
	4
	24
	5
	36
	6
	36
	7
	19
	8
	21
	9
	32
	10
	8
	11
	43
	12
	25
	13
	32
	14
	28
	15
	23


	0
	11
	1
	10
	2
	22
	3
	6
	4
	22
	5
	30
	6
	23
	7
	31
	8
	19
	9
	29
	10
	18
	11
	24
	12
	40
	13
	49
	14
	30
	15
	29


	0
	16
	1
	16
	2
	37
	3
	46
	4
	8
	5
	42
	6
	43
	7
	31
	8
	34
	9
	16
	10
	45
	11
	41
	12
	34
	13
	35
	14
	5
	15
	29


	0
	17
	1
	8
	2
	29
	3
	40
	4
	36
	5
	48
	6
	35
	7
	12
	8
	7
	9
	8
	10
	7
	11
	49
	12
	22
	13
	29
	14
	21
	15
	27


	0
	7
	1
	26
	2
	47
	3
	24
	4
	42
	5
	15
	6
	8
	7
	43
	8
	27
	9
	44
	10
	5
	11
	6
	12
	32
	13
	13
	14
	43
	15
	40


	0
	8
	1
	22
	2
	45
	3
	31
	4
	24
	5
	7
	6
	45
	7
	47
	8
	10
	9
	26
	10
	44
	11
	31
	12
	24
	13
	24
	14
	17
	15
	44


	0
	39
	1
	48
	2
	49
	3
	49
	4
	5
	5
	39
	6
	14
	7
	27
	8
	46
	9
	7
	10
	24
	11
	12
	12
	18
	13
	33
	14
	28
	15
	40


	0
	49
	1
	27
	2
	8
	3
	46
	4
	48
	5
	27
	6
	49
	7
	34
	8
	19
	9
	42
	10
	7
	11
	21
	12
	40
	13
	24
	14
	6
	15
	30


	0
	45
	1
	20
	2
	14
	3
	5
	4
	28
	5
	17
	6
	42
	7
	34
	8
	23
	9
	16
	10
	39
	11
	34
	12
	43
	13
	23
	14
	40
	15
	38


	0
	35
	1
	14
	2
	26
	3
	40
	4
	49
	5
	8
	6
	21
	7
	34
	8
	40
	9
	40
	10
	18
	11
	49
	12
	22
	13
	38
	14
	45
	15
	19


	0
	5
	1
	46
	2
	47
	3
	41
	4
	22
	5
	12
	6
	17
	7
	22
	8
	15
	9
	25
	10
	8
	11
	47
	12
	48
	13
	42
	14
	46
	15
	6


	0
	47
	1
	29
	2
	28
	3
	25
	4
	26
	5
	12
	6
	7
	7
	25
	8
	7
	9
	48
	10
	42
	11
	22
	12
	40
	13
	5
	14
	13
	15
	33


	0
	32
	1
	8
	2
	33
	3
	44
	4
	10
	5
	38
	6
	38
	7
	17
	8
	12
	9
	41
	10
	23
	11
	42
	12
	20
	13
	5
	14
	35
	15
	18


	0
	29
	1
	48
	2
	46
	3
	12
	4
	34
	5
	8
	6
	17
	7
	42
	8
	32
	9
	37
	10
	12
	11
	32
	12
	38
	13
	16
	14
	35
	15
	33


	0
	19
	1
	38
	2
	26
	3
	39
	4
	45
	5
	18
	6
	14
	7
	27
	8
	24
	9
	31
	10
	38
	11
	16
	12
	45
	13
	31
	14
	18
	15
	20


	0
	17
	1
	6
	2
	16
	3
	49
	4
	43
	5
	17
	6
	38
	7
	37
	8
	30
	9
	47
	10
	42
	11
	42
	12
	41
	13
	39
	14
	12
	15
	16


	0
	16
	1
	34
	2
	20
	3
	47
	4
	42
	5
	26
	6
	48
	7
	30
	8
	15
	9
	34
	10
	12
	11
	24
	12
	7
	13
	42
	14
	13
	15
	7


	0
	18
	1
	27
	2
	35
	3
	21
	4
	45
	5
	5
	6
	39
	7
	44
	8
	49
	9
	22
	10
	6
	11
	10
	12
	23
	13
	33
	14
	7
	15
	15


	0
	6
	1
	46
	2
	47
	3
	28
	4
	41
	5
	37
	6
	34
	7
	9
	8
	45
	9
	32
	10
	9
	11
	6
	12
	9
	13
	16
	14
	27
	15
	5

