20
4
2

	0
	46
	1
	10
	2
	33
	3
	32


	0
	38
	1
	23
	2
	6
	3
	17


	0
	25
	1
	9
	2
	15
	3
	13


	0
	23
	1
	42
	2
	10
	3
	46


	0
	16
	1
	15
	2
	47
	3
	49


	0
	24
	1
	44
	2
	9
	3
	25


	0
	27
	1
	20
	2
	8
	3
	10


	0
	6
	1
	25
	2
	33
	3
	23


	0
	9
	1
	25
	2
	37
	3
	22


	0
	44
	1
	31
	2
	35
	3
	27


	0
	23
	1
	27
	2
	14
	3
	41


	0
	15
	1
	5
	2
	42
	3
	15


	0
	40
	1
	32
	2
	19
	3
	13


	0
	10
	1
	8
	2
	40
	3
	16


	0
	39
	1
	45
	2
	11
	3
	48


	0
	5
	1
	39
	2
	47
	3
	9


	0
	42
	1
	30
	2
	48
	3
	34


	0
	15
	1
	37
	2
	20
	3
	24


	0
	15
	1
	37
	2
	49
	3
	48


	0
	34
	1
	9
	2
	47
	3
	47

