20
8
4

	0
	46
	1
	46
	2
	34
	3
	25
	4
	15
	5
	34
	6
	41
	7
	12


	0
	14
	1
	49
	2
	37
	3
	24
	4
	9
	5
	45
	6
	14
	7
	45


	0
	42
	1
	39
	2
	31
	3
	37
	4
	34
	5
	5
	6
	28
	7
	42


	0
	41
	1
	14
	2
	7
	3
	25
	4
	20
	5
	20
	6
	44
	7
	38


	0
	37
	1
	6
	2
	5
	3
	12
	4
	39
	5
	30
	6
	42
	7
	7


	0
	25
	1
	9
	2
	49
	3
	16
	4
	31
	5
	27
	6
	14
	7
	38


	0
	27
	1
	49
	2
	21
	3
	46
	4
	13
	5
	30
	6
	28
	7
	6


	0
	43
	1
	47
	2
	37
	3
	32
	4
	30
	5
	43
	6
	9
	7
	8


	0
	35
	1
	47
	2
	46
	3
	23
	4
	29
	5
	6
	6
	7
	7
	27


	0
	16
	1
	46
	2
	6
	3
	41
	4
	12
	5
	41
	6
	11
	7
	36


	0
	24
	1
	6
	2
	49
	3
	12
	4
	20
	5
	11
	6
	17
	7
	21


	0
	25
	1
	17
	2
	48
	3
	33
	4
	35
	5
	39
	6
	32
	7
	5


	0
	28
	1
	47
	2
	31
	3
	29
	4
	10
	5
	36
	6
	44
	7
	38


	0
	37
	1
	36
	2
	5
	3
	29
	4
	28
	5
	13
	6
	44
	7
	33


	0
	13
	1
	26
	2
	26
	3
	5
	4
	34
	5
	47
	6
	6
	7
	18


	0
	14
	1
	41
	2
	24
	3
	21
	4
	12
	5
	45
	6
	22
	7
	45


	0
	22
	1
	27
	2
	19
	3
	16
	4
	17
	5
	13
	6
	46
	7
	27


	0
	24
	1
	31
	2
	38
	3
	29
	4
	29
	5
	29
	6
	6
	7
	42


	0
	32
	1
	11
	2
	32
	3
	42
	4
	48
	5
	32
	6
	16
	7
	33


	0
	42
	1
	11
	2
	7
	3
	22
	4
	33
	5
	40
	6
	49
	7
	20

