20
8
3

	0
	19
	1
	21
	2
	30
	3
	49
	4
	36
	5
	29
	6
	39
	7
	46


	0
	47
	1
	19
	2
	18
	3
	17
	4
	46
	5
	17
	6
	46
	7
	7


	0
	43
	1
	32
	2
	24
	3
	11
	4
	20
	5
	5
	6
	41
	7
	8


	0
	33
	1
	19
	2
	43
	3
	25
	4
	19
	5
	27
	6
	14
	7
	47


	0
	9
	1
	10
	2
	32
	3
	5
	4
	26
	5
	27
	6
	49
	7
	6


	0
	36
	1
	5
	2
	31
	3
	6
	4
	27
	5
	23
	6
	25
	7
	25


	0
	19
	1
	9
	2
	39
	3
	10
	4
	20
	5
	28
	6
	33
	7
	11


	0
	21
	1
	43
	2
	30
	3
	22
	4
	13
	5
	31
	6
	27
	7
	39


	0
	15
	1
	20
	2
	23
	3
	14
	4
	37
	5
	26
	6
	19
	7
	29


	0
	39
	1
	9
	2
	12
	3
	37
	4
	41
	5
	49
	6
	33
	7
	12


	0
	12
	1
	9
	2
	9
	3
	37
	4
	13
	5
	23
	6
	38
	7
	9


	0
	7
	1
	26
	2
	18
	3
	24
	4
	37
	5
	7
	6
	8
	7
	17


	0
	14
	1
	32
	2
	8
	3
	38
	4
	41
	5
	44
	6
	24
	7
	35


	0
	44
	1
	27
	2
	9
	3
	37
	4
	36
	5
	18
	6
	23
	7
	15


	0
	41
	1
	37
	2
	22
	3
	37
	4
	30
	5
	32
	6
	21
	7
	30


	0
	30
	1
	32
	2
	7
	3
	13
	4
	23
	5
	17
	6
	38
	7
	21


	0
	9
	1
	35
	2
	46
	3
	31
	4
	11
	5
	8
	6
	6
	7
	46


	0
	45
	1
	29
	2
	37
	3
	7
	4
	49
	5
	21
	6
	39
	7
	43


	0
	5
	1
	29
	2
	31
	3
	11
	4
	15
	5
	9
	6
	37
	7
	17


	0
	24
	1
	47
	2
	27
	3
	6
	4
	47
	5
	40
	6
	49
	7
	5

