20
4
2

	0
	27
	1
	22
	2
	7
	3
	17


	0
	19
	1
	7
	2
	49
	3
	32


	0
	13
	1
	32
	2
	29
	3
	23


	0
	39
	1
	31
	2
	10
	3
	48


	0
	26
	1
	22
	2
	31
	3
	49


	0
	29
	1
	33
	2
	8
	3
	44


	0
	24
	1
	18
	2
	45
	3
	7


	0
	16
	1
	13
	2
	12
	3
	31


	0
	24
	1
	47
	2
	13
	3
	39


	0
	5
	1
	28
	2
	23
	3
	26


	0
	5
	1
	37
	2
	21
	3
	34


	0
	39
	1
	9
	2
	44
	3
	39


	0
	11
	1
	31
	2
	37
	3
	30


	0
	39
	1
	6
	2
	16
	3
	42


	0
	34
	1
	30
	2
	23
	3
	38


	0
	37
	1
	29
	2
	11
	3
	31


	0
	31
	1
	18
	2
	35
	3
	41


	0
	17
	1
	22
	2
	32
	3
	8


	0
	43
	1
	34
	2
	17
	3
	15


	0
	19
	1
	24
	2
	32
	3
	19

