20
4
4

	0
	26
	1
	36
	2
	34
	3
	41


	0
	31
	1
	30
	2
	39
	3
	17


	0
	37
	1
	22
	2
	44
	3
	35


	0
	23
	1
	8
	2
	31
	3
	45


	0
	44
	1
	10
	2
	34
	3
	24


	0
	6
	1
	26
	2
	42
	3
	31


	0
	18
	1
	8
	2
	28
	3
	14


	0
	8
	1
	30
	2
	36
	3
	28


	0
	43
	1
	8
	2
	13
	3
	8


	0
	8
	1
	16
	2
	14
	3
	26


	0
	5
	1
	15
	2
	28
	3
	30


	0
	36
	1
	9
	2
	5
	3
	30


	0
	16
	1
	29
	2
	21
	3
	25


	0
	27
	1
	21
	2
	26
	3
	21


	0
	6
	1
	24
	2
	46
	3
	6


	0
	12
	1
	21
	2
	38
	3
	16


	0
	31
	1
	7
	2
	49
	3
	37


	0
	42
	1
	22
	2
	43
	3
	36


	0
	43
	1
	40
	2
	38
	3
	9


	0
	42
	1
	5
	2
	19
	3
	29

