20
4
3

	0
	49
	1
	35
	2
	23
	3
	24


	0
	7
	1
	47
	2
	15
	3
	18


	0
	30
	1
	12
	2
	9
	3
	46


	0
	20
	1
	40
	2
	10
	3
	35


	0
	16
	1
	47
	2
	23
	3
	28


	0
	21
	1
	45
	2
	45
	3
	23


	0
	5
	1
	30
	2
	40
	3
	34


	0
	6
	1
	29
	2
	37
	3
	30


	0
	6
	1
	5
	2
	35
	3
	12


	0
	35
	1
	47
	2
	47
	3
	40


	0
	43
	1
	41
	2
	37
	3
	42


	0
	18
	1
	40
	2
	23
	3
	11


	0
	23
	1
	31
	2
	18
	3
	40


	0
	9
	1
	10
	2
	34
	3
	12


	0
	27
	1
	15
	2
	13
	3
	31


	0
	24
	1
	17
	2
	35
	3
	12


	0
	17
	1
	33
	2
	28
	3
	13


	0
	44
	1
	32
	2
	21
	3
	35


	0
	44
	1
	8
	2
	26
	3
	30


	0
	35
	1
	6
	2
	29
	3
	41

