20
16
4

	0
	12
	1
	35
	2
	10
	3
	23
	4
	39
	5
	33
	6
	5
	7
	32
	8
	13
	9
	13
	10
	10
	11
	40
	12
	14
	13
	20
	14
	33
	15
	29


	0
	26
	1
	24
	2
	49
	3
	45
	4
	19
	5
	10
	6
	40
	7
	18
	8
	28
	9
	45
	10
	17
	11
	6
	12
	25
	13
	42
	14
	45
	15
	34


	0
	8
	1
	6
	2
	47
	3
	5
	4
	11
	5
	8
	6
	49
	7
	49
	8
	41
	9
	12
	10
	41
	11
	19
	12
	27
	13
	39
	14
	12
	15
	37


	0
	23
	1
	38
	2
	30
	3
	38
	4
	17
	5
	16
	6
	38
	7
	34
	8
	40
	9
	35
	10
	34
	11
	24
	12
	30
	13
	22
	14
	31
	15
	34


	0
	32
	1
	7
	2
	34
	3
	27
	4
	14
	5
	42
	6
	28
	7
	37
	8
	38
	9
	32
	10
	31
	11
	24
	12
	15
	13
	9
	14
	38
	15
	6


	0
	14
	1
	33
	2
	13
	3
	12
	4
	36
	5
	19
	6
	41
	7
	35
	8
	20
	9
	41
	10
	41
	11
	44
	12
	25
	13
	7
	14
	6
	15
	23


	0
	40
	1
	36
	2
	10
	3
	24
	4
	42
	5
	6
	6
	35
	7
	46
	8
	14
	9
	49
	10
	12
	11
	45
	12
	6
	13
	21
	14
	33
	15
	12


	0
	44
	1
	44
	2
	48
	3
	10
	4
	15
	5
	13
	6
	16
	7
	26
	8
	13
	9
	22
	10
	34
	11
	25
	12
	9
	13
	48
	14
	15
	15
	14


	0
	11
	1
	38
	2
	36
	3
	8
	4
	34
	5
	32
	6
	46
	7
	14
	8
	21
	9
	5
	10
	6
	11
	30
	12
	46
	13
	48
	14
	39
	15
	29


	0
	38
	1
	32
	2
	45
	3
	22
	4
	26
	5
	40
	6
	22
	7
	37
	8
	36
	9
	21
	10
	19
	11
	16
	12
	26
	13
	19
	14
	26
	15
	43


	0
	23
	1
	48
	2
	38
	3
	47
	4
	19
	5
	23
	6
	18
	7
	21
	8
	22
	9
	43
	10
	20
	11
	36
	12
	44
	13
	22
	14
	21
	15
	26


	0
	29
	1
	31
	2
	18
	3
	41
	4
	48
	5
	21
	6
	49
	7
	37
	8
	31
	9
	20
	10
	49
	11
	48
	12
	27
	13
	31
	14
	22
	15
	39


	0
	37
	1
	18
	2
	9
	3
	38
	4
	45
	5
	34
	6
	24
	7
	24
	8
	40
	9
	36
	10
	9
	11
	22
	12
	17
	13
	46
	14
	7
	15
	41


	0
	48
	1
	33
	2
	14
	3
	18
	4
	29
	5
	45
	6
	27
	7
	30
	8
	23
	9
	46
	10
	23
	11
	12
	12
	27
	13
	18
	14
	36
	15
	26


	0
	12
	1
	16
	2
	38
	3
	13
	4
	19
	5
	28
	6
	41
	7
	37
	8
	46
	9
	7
	10
	45
	11
	33
	12
	43
	13
	6
	14
	11
	15
	17


	0
	11
	1
	6
	2
	8
	3
	10
	4
	17
	5
	31
	6
	27
	7
	22
	8
	10
	9
	44
	10
	17
	11
	8
	12
	46
	13
	40
	14
	29
	15
	40


	0
	16
	1
	25
	2
	11
	3
	48
	4
	16
	5
	11
	6
	35
	7
	31
	8
	45
	9
	34
	10
	21
	11
	48
	12
	22
	13
	27
	14
	7
	15
	19


	0
	28
	1
	24
	2
	22
	3
	9
	4
	21
	5
	44
	6
	8
	7
	36
	8
	12
	9
	19
	10
	47
	11
	36
	12
	36
	13
	47
	14
	46
	15
	45


	0
	24
	1
	28
	2
	32
	3
	43
	4
	6
	5
	43
	6
	13
	7
	10
	8
	47
	9
	28
	10
	31
	11
	33
	12
	48
	13
	45
	14
	24
	15
	25


	0
	23
	1
	17
	2
	15
	3
	39
	4
	18
	5
	37
	6
	45
	7
	42
	8
	14
	9
	37
	10
	16
	11
	38
	12
	25
	13
	30
	14
	47
	15
	22

