20
16
2

	0
	18
	1
	12
	2
	31
	3
	20
	4
	8
	5
	42
	6
	20
	7
	33
	8
	44
	9
	5
	10
	9
	11
	46
	12
	24
	13
	38
	14
	35
	15
	37


	0
	25
	1
	43
	2
	21
	3
	36
	4
	14
	5
	40
	6
	8
	7
	39
	8
	39
	9
	39
	10
	21
	11
	44
	12
	5
	13
	15
	14
	45
	15
	38


	0
	30
	1
	14
	2
	24
	3
	25
	4
	37
	5
	38
	6
	5
	7
	35
	8
	17
	9
	41
	10
	38
	11
	27
	12
	38
	13
	46
	14
	38
	15
	30


	0
	30
	1
	17
	2
	23
	3
	8
	4
	19
	5
	36
	6
	47
	7
	32
	8
	10
	9
	21
	10
	9
	11
	27
	12
	22
	13
	39
	14
	26
	15
	27


	0
	12
	1
	16
	2
	26
	3
	46
	4
	41
	5
	11
	6
	29
	7
	47
	8
	16
	9
	30
	10
	20
	11
	18
	12
	43
	13
	41
	14
	18
	15
	15


	0
	6
	1
	22
	2
	45
	3
	15
	4
	14
	5
	5
	6
	19
	7
	6
	8
	43
	9
	45
	10
	32
	11
	37
	12
	25
	13
	49
	14
	46
	15
	19


	0
	18
	1
	29
	2
	37
	3
	43
	4
	14
	5
	14
	6
	12
	7
	38
	8
	41
	9
	25
	10
	30
	11
	8
	12
	41
	13
	45
	14
	6
	15
	35


	0
	7
	1
	22
	2
	31
	3
	42
	4
	49
	5
	38
	6
	46
	7
	36
	8
	35
	9
	29
	10
	48
	11
	23
	12
	7
	13
	26
	14
	46
	15
	49


	0
	25
	1
	37
	2
	21
	3
	48
	4
	28
	5
	14
	6
	19
	7
	31
	8
	41
	9
	36
	10
	44
	11
	38
	12
	19
	13
	17
	14
	43
	15
	46


	0
	43
	1
	34
	2
	28
	3
	46
	4
	44
	5
	21
	6
	30
	7
	28
	8
	19
	9
	11
	10
	8
	11
	37
	12
	32
	13
	48
	14
	6
	15
	43


	0
	29
	1
	32
	2
	14
	3
	22
	4
	29
	5
	11
	6
	26
	7
	49
	8
	16
	9
	49
	10
	15
	11
	20
	12
	32
	13
	42
	14
	40
	15
	36


	0
	6
	1
	45
	2
	27
	3
	40
	4
	22
	5
	39
	6
	26
	7
	33
	8
	9
	9
	33
	10
	25
	11
	10
	12
	19
	13
	24
	14
	35
	15
	37


	0
	8
	1
	10
	2
	29
	3
	5
	4
	9
	5
	46
	6
	18
	7
	23
	8
	31
	9
	34
	10
	8
	11
	22
	12
	46
	13
	9
	14
	24
	15
	26


	0
	22
	1
	14
	2
	34
	3
	8
	4
	35
	5
	9
	6
	37
	7
	37
	8
	38
	9
	48
	10
	17
	11
	32
	12
	11
	13
	9
	14
	46
	15
	40


	0
	43
	1
	48
	2
	35
	3
	31
	4
	20
	5
	32
	6
	20
	7
	5
	8
	38
	9
	16
	10
	35
	11
	18
	12
	16
	13
	27
	14
	21
	15
	28


	0
	23
	1
	30
	2
	16
	3
	19
	4
	24
	5
	24
	6
	14
	7
	47
	8
	25
	9
	38
	10
	46
	11
	6
	12
	7
	13
	34
	14
	27
	15
	17


	0
	40
	1
	14
	2
	44
	3
	32
	4
	42
	5
	9
	6
	29
	7
	11
	8
	13
	9
	28
	10
	40
	11
	14
	12
	43
	13
	8
	14
	28
	15
	40


	0
	37
	1
	34
	2
	7
	3
	10
	4
	12
	5
	38
	6
	33
	7
	40
	8
	21
	9
	16
	10
	5
	11
	31
	12
	28
	13
	16
	14
	46
	15
	46


	0
	8
	1
	16
	2
	37
	3
	8
	4
	17
	5
	48
	6
	19
	7
	36
	8
	20
	9
	25
	10
	18
	11
	49
	12
	32
	13
	39
	14
	19
	15
	48


	0
	31
	1
	45
	2
	49
	3
	16
	4
	20
	5
	8
	6
	20
	7
	42
	8
	46
	9
	5
	10
	13
	11
	48
	12
	31
	13
	33
	14
	30
	15
	24

