20
8
5

	0
	13
	1
	37
	2
	8
	3
	44
	4
	21
	5
	5
	6
	12
	7
	38


	0
	33
	1
	29
	2
	48
	3
	15
	4
	11
	5
	48
	6
	21
	7
	30


	0
	40
	1
	7
	2
	25
	3
	13
	4
	28
	5
	10
	6
	33
	7
	18


	0
	42
	1
	13
	2
	27
	3
	38
	4
	39
	5
	24
	6
	40
	7
	42


	0
	23
	1
	15
	2
	36
	3
	22
	4
	38
	5
	38
	6
	24
	7
	41


	0
	42
	1
	49
	2
	37
	3
	35
	4
	22
	5
	23
	6
	10
	7
	48


	0
	30
	1
	21
	2
	41
	3
	24
	4
	29
	5
	25
	6
	12
	7
	13


	0
	33
	1
	10
	2
	16
	3
	43
	4
	39
	5
	34
	6
	20
	7
	37


	0
	9
	1
	45
	2
	15
	3
	32
	4
	7
	5
	19
	6
	24
	7
	42


	0
	6
	1
	44
	2
	23
	3
	31
	4
	18
	5
	10
	6
	40
	7
	47


	0
	48
	1
	25
	2
	5
	3
	29
	4
	8
	5
	34
	6
	35
	7
	14


	0
	5
	1
	18
	2
	18
	3
	42
	4
	42
	5
	44
	6
	13
	7
	34


	0
	40
	1
	46
	2
	33
	3
	49
	4
	27
	5
	42
	6
	38
	7
	17


	0
	35
	1
	28
	2
	29
	3
	27
	4
	29
	5
	42
	6
	47
	7
	11


	0
	36
	1
	7
	2
	39
	3
	37
	4
	45
	5
	36
	6
	30
	7
	7


	0
	14
	1
	39
	2
	15
	3
	15
	4
	35
	5
	12
	6
	26
	7
	20


	0
	44
	1
	6
	2
	9
	3
	10
	4
	34
	5
	19
	6
	28
	7
	12


	0
	48
	1
	49
	2
	42
	3
	6
	4
	9
	5
	16
	6
	38
	7
	9


	0
	23
	1
	13
	2
	18
	3
	28
	4
	21
	5
	34
	6
	45
	7
	27


	0
	22
	1
	30
	2
	27
	3
	45
	4
	48
	5
	18
	6
	21
	7
	42

