20
16
2

	0
	32
	1
	7
	2
	27
	3
	10
	4
	35
	5
	17
	6
	25
	7
	9
	8
	39
	9
	5
	10
	47
	11
	17
	12
	12
	13
	48
	14
	43
	15
	27


	0
	8
	1
	14
	2
	28
	3
	10
	4
	22
	5
	13
	6
	21
	7
	45
	8
	6
	9
	13
	10
	20
	11
	13
	12
	8
	13
	5
	14
	29
	15
	20


	0
	18
	1
	20
	2
	36
	3
	5
	4
	36
	5
	45
	6
	31
	7
	34
	8
	18
	9
	36
	10
	49
	11
	20
	12
	48
	13
	30
	14
	28
	15
	49


	0
	5
	1
	34
	2
	21
	3
	5
	4
	26
	5
	46
	6
	42
	7
	26
	8
	25
	9
	40
	10
	29
	11
	21
	12
	21
	13
	12
	14
	17
	15
	10


	0
	15
	1
	27
	2
	12
	3
	45
	4
	22
	5
	25
	6
	20
	7
	15
	8
	36
	9
	24
	10
	29
	11
	42
	12
	32
	13
	26
	14
	18
	15
	22


	0
	37
	1
	18
	2
	11
	3
	6
	4
	18
	5
	30
	6
	5
	7
	10
	8
	6
	9
	41
	10
	21
	11
	37
	12
	39
	13
	42
	14
	20
	15
	38


	0
	43
	1
	6
	2
	6
	3
	15
	4
	17
	5
	26
	6
	29
	7
	22
	8
	6
	9
	43
	10
	29
	11
	24
	12
	47
	13
	44
	14
	21
	15
	35


	0
	24
	1
	21
	2
	42
	3
	41
	4
	12
	5
	16
	6
	41
	7
	24
	8
	36
	9
	46
	10
	38
	11
	49
	12
	49
	13
	36
	14
	31
	15
	44


	0
	20
	1
	18
	2
	10
	3
	31
	4
	33
	5
	34
	6
	18
	7
	19
	8
	43
	9
	33
	10
	18
	11
	46
	12
	33
	13
	46
	14
	19
	15
	49


	0
	26
	1
	13
	2
	16
	3
	15
	4
	16
	5
	27
	6
	34
	7
	21
	8
	40
	9
	26
	10
	34
	11
	24
	12
	28
	13
	13
	14
	20
	15
	30


	0
	38
	1
	17
	2
	30
	3
	46
	4
	22
	5
	43
	6
	47
	7
	5
	8
	25
	9
	31
	10
	24
	11
	15
	12
	9
	13
	21
	14
	24
	15
	9


	0
	27
	1
	25
	2
	5
	3
	44
	4
	15
	5
	8
	6
	45
	7
	47
	8
	30
	9
	42
	10
	42
	11
	31
	12
	40
	13
	44
	14
	7
	15
	16


	0
	36
	1
	8
	2
	25
	3
	24
	4
	12
	5
	9
	6
	27
	7
	24
	8
	19
	9
	24
	10
	12
	11
	10
	12
	29
	13
	43
	14
	11
	15
	20


	0
	13
	1
	14
	2
	45
	3
	16
	4
	43
	5
	21
	6
	42
	7
	45
	8
	19
	9
	33
	10
	15
	11
	25
	12
	27
	13
	20
	14
	38
	15
	34


	0
	43
	1
	42
	2
	31
	3
	21
	4
	25
	5
	10
	6
	17
	7
	41
	8
	9
	9
	11
	10
	9
	11
	8
	12
	30
	13
	5
	14
	15
	15
	47


	0
	45
	1
	26
	2
	35
	3
	48
	4
	22
	5
	5
	6
	16
	7
	27
	8
	27
	9
	30
	10
	13
	11
	25
	12
	34
	13
	27
	14
	10
	15
	14


	0
	24
	1
	18
	2
	29
	3
	44
	4
	23
	5
	17
	6
	33
	7
	46
	8
	25
	9
	48
	10
	40
	11
	38
	12
	11
	13
	34
	14
	28
	15
	5


	0
	30
	1
	49
	2
	15
	3
	19
	4
	36
	5
	13
	6
	37
	7
	46
	8
	46
	9
	14
	10
	20
	11
	32
	12
	27
	13
	40
	14
	5
	15
	32


	0
	8
	1
	19
	2
	14
	3
	23
	4
	47
	5
	42
	6
	27
	7
	13
	8
	49
	9
	35
	10
	16
	11
	24
	12
	23
	13
	36
	14
	10
	15
	5


	0
	16
	1
	9
	2
	26
	3
	19
	4
	5
	5
	24
	6
	36
	7
	49
	8
	41
	9
	29
	10
	34
	11
	28
	12
	30
	13
	25
	14
	25
	15
	30

