20
16
2

	0
	31
	1
	16
	2
	16
	3
	8
	4
	49
	5
	13
	6
	39
	7
	33
	8
	21
	9
	36
	10
	39
	11
	26
	12
	5
	13
	38
	14
	5
	15
	8


	0
	11
	1
	7
	2
	36
	3
	8
	4
	24
	5
	43
	6
	14
	7
	32
	8
	33
	9
	45
	10
	12
	11
	26
	12
	45
	13
	26
	14
	9
	15
	7


	0
	17
	1
	9
	2
	10
	3
	41
	4
	23
	5
	18
	6
	44
	7
	46
	8
	19
	9
	42
	10
	28
	11
	41
	12
	29
	13
	49
	14
	16
	15
	37


	0
	18
	1
	33
	2
	27
	3
	5
	4
	5
	5
	47
	6
	24
	7
	43
	8
	30
	9
	43
	10
	12
	11
	35
	12
	10
	13
	13
	14
	13
	15
	28


	0
	18
	1
	38
	2
	14
	3
	48
	4
	31
	5
	31
	6
	33
	7
	5
	8
	7
	9
	48
	10
	37
	11
	45
	12
	38
	13
	21
	14
	44
	15
	34


	0
	45
	1
	8
	2
	34
	3
	47
	4
	39
	5
	30
	6
	36
	7
	29
	8
	49
	9
	21
	10
	15
	11
	33
	12
	25
	13
	46
	14
	44
	15
	32


	0
	10
	1
	38
	2
	48
	3
	33
	4
	41
	5
	33
	6
	48
	7
	15
	8
	22
	9
	8
	10
	24
	11
	43
	12
	11
	13
	17
	14
	18
	15
	16


	0
	47
	1
	44
	2
	24
	3
	26
	4
	48
	5
	5
	6
	12
	7
	7
	8
	36
	9
	19
	10
	28
	11
	7
	12
	34
	13
	31
	14
	7
	15
	14


	0
	40
	1
	18
	2
	25
	3
	39
	4
	18
	5
	11
	6
	47
	7
	16
	8
	41
	9
	23
	10
	37
	11
	46
	12
	30
	13
	46
	14
	23
	15
	9


	0
	37
	1
	10
	2
	39
	3
	37
	4
	45
	5
	5
	6
	14
	7
	25
	8
	49
	9
	44
	10
	35
	11
	24
	12
	23
	13
	26
	14
	13
	15
	30


	0
	26
	1
	32
	2
	15
	3
	15
	4
	7
	5
	5
	6
	32
	7
	34
	8
	9
	9
	30
	10
	19
	11
	12
	12
	26
	13
	6
	14
	40
	15
	21


	0
	10
	1
	21
	2
	22
	3
	38
	4
	5
	5
	5
	6
	27
	7
	37
	8
	24
	9
	24
	10
	18
	11
	48
	12
	5
	13
	40
	14
	27
	15
	33


	0
	39
	1
	22
	2
	43
	3
	21
	4
	42
	5
	10
	6
	34
	7
	26
	8
	17
	9
	14
	10
	38
	11
	43
	12
	46
	13
	26
	14
	23
	15
	16


	0
	40
	1
	17
	2
	25
	3
	24
	4
	18
	5
	24
	6
	5
	7
	34
	8
	6
	9
	34
	10
	42
	11
	43
	12
	11
	13
	35
	14
	16
	15
	25


	0
	8
	1
	23
	2
	37
	3
	18
	4
	7
	5
	29
	6
	41
	7
	9
	8
	11
	9
	30
	10
	5
	11
	35
	12
	37
	13
	14
	14
	20
	15
	47


	0
	43
	1
	17
	2
	14
	3
	23
	4
	41
	5
	16
	6
	22
	7
	19
	8
	21
	9
	9
	10
	22
	11
	30
	12
	7
	13
	45
	14
	47
	15
	28


	0
	44
	1
	43
	2
	34
	3
	11
	4
	42
	5
	19
	6
	34
	7
	12
	8
	24
	9
	33
	10
	17
	11
	35
	12
	26
	13
	38
	14
	7
	15
	26


	0
	27
	1
	47
	2
	34
	3
	42
	4
	29
	5
	13
	6
	31
	7
	18
	8
	14
	9
	27
	10
	35
	11
	45
	12
	39
	13
	39
	14
	28
	15
	21


	0
	47
	1
	40
	2
	35
	3
	17
	4
	11
	5
	30
	6
	11
	7
	10
	8
	28
	9
	14
	10
	13
	11
	32
	12
	38
	13
	35
	14
	16
	15
	33


	0
	30
	1
	35
	2
	25
	3
	47
	4
	24
	5
	45
	6
	36
	7
	8
	8
	35
	9
	28
	10
	24
	11
	46
	12
	39
	13
	27
	14
	46
	15
	37

