20
4
5

	0
	34
	1
	35
	2
	17
	3
	30


	0
	18
	1
	42
	2
	37
	3
	29


	0
	22
	1
	45
	2
	29
	3
	16


	0
	26
	1
	9
	2
	24
	3
	49


	0
	36
	1
	10
	2
	9
	3
	49


	0
	43
	1
	21
	2
	12
	3
	34


	0
	25
	1
	26
	2
	12
	3
	33


	0
	8
	1
	8
	2
	29
	3
	8


	0
	6
	1
	34
	2
	38
	3
	40


	0
	22
	1
	25
	2
	7
	3
	10


	0
	22
	1
	18
	2
	17
	3
	30


	0
	25
	1
	17
	2
	26
	3
	29


	0
	34
	1
	16
	2
	43
	3
	8


	0
	37
	1
	5
	2
	43
	3
	42


	0
	22
	1
	28
	2
	34
	3
	29


	0
	9
	1
	22
	2
	37
	3
	21


	0
	24
	1
	11
	2
	12
	3
	12


	0
	14
	1
	19
	2
	33
	3
	33


	0
	46
	1
	7
	2
	41
	3
	43


	0
	44
	1
	21
	2
	7
	3
	8

