20
4
2

	0
	7
	1
	8
	2
	19
	3
	25


	0
	6
	1
	35
	2
	35
	3
	46


	0
	7
	1
	20
	2
	35
	3
	29


	0
	10
	1
	41
	2
	8
	3
	5


	0
	23
	1
	23
	2
	15
	3
	16


	0
	28
	1
	46
	2
	26
	3
	29


	0
	13
	1
	13
	2
	32
	3
	36


	0
	34
	1
	49
	2
	13
	3
	13


	0
	27
	1
	14
	2
	21
	3
	47


	0
	12
	1
	22
	2
	43
	3
	15


	0
	43
	1
	36
	2
	42
	3
	19


	0
	15
	1
	33
	2
	15
	3
	44


	0
	15
	1
	6
	2
	11
	3
	22


	0
	47
	1
	15
	2
	49
	3
	10


	0
	43
	1
	21
	2
	48
	3
	15


	0
	45
	1
	32
	2
	19
	3
	26


	0
	9
	1
	9
	2
	28
	3
	7


	0
	19
	1
	44
	2
	40
	3
	36


	0
	13
	1
	14
	2
	41
	3
	26


	0
	8
	1
	18
	2
	36
	3
	9

