20
8
4

	0
	37
	1
	33
	2
	29
	3
	7
	4
	9
	5
	27
	6
	10
	7
	11


	0
	14
	1
	5
	2
	6
	3
	17
	4
	32
	5
	33
	6
	47
	7
	40


	0
	37
	1
	10
	2
	8
	3
	34
	4
	15
	5
	13
	6
	14
	7
	41


	0
	27
	1
	48
	2
	14
	3
	26
	4
	46
	5
	8
	6
	18
	7
	44


	0
	19
	1
	11
	2
	23
	3
	22
	4
	35
	5
	42
	6
	26
	7
	39


	0
	40
	1
	49
	2
	11
	3
	39
	4
	17
	5
	32
	6
	11
	7
	19


	0
	49
	1
	33
	2
	44
	3
	49
	4
	16
	5
	39
	6
	33
	7
	28


	0
	44
	1
	41
	2
	16
	3
	49
	4
	33
	5
	17
	6
	10
	7
	13


	0
	47
	1
	41
	2
	44
	3
	37
	4
	46
	5
	26
	6
	22
	7
	40


	0
	25
	1
	31
	2
	39
	3
	36
	4
	41
	5
	45
	6
	12
	7
	33


	0
	13
	1
	30
	2
	21
	3
	11
	4
	15
	5
	35
	6
	11
	7
	24


	0
	10
	1
	33
	2
	16
	3
	17
	4
	31
	5
	9
	6
	22
	7
	14


	0
	12
	1
	34
	2
	44
	3
	27
	4
	41
	5
	19
	6
	38
	7
	34


	0
	41
	1
	8
	2
	48
	3
	37
	4
	42
	5
	27
	6
	45
	7
	26


	0
	32
	1
	26
	2
	16
	3
	8
	4
	9
	5
	38
	6
	18
	7
	21


	0
	25
	1
	42
	2
	14
	3
	39
	4
	33
	5
	42
	6
	30
	7
	5


	0
	33
	1
	44
	2
	10
	3
	44
	4
	23
	5
	9
	6
	10
	7
	10


	0
	18
	1
	15
	2
	18
	3
	9
	4
	34
	5
	22
	6
	38
	7
	43


	0
	11
	1
	46
	2
	17
	3
	12
	4
	42
	5
	35
	6
	30
	7
	19


	0
	18
	1
	32
	2
	37
	3
	35
	4
	39
	5
	35
	6
	41
	7
	45

