20
8
2

	0
	25
	1
	12
	2
	49
	3
	38
	4
	33
	5
	24
	6
	11
	7
	38


	0
	49
	1
	46
	2
	22
	3
	7
	4
	47
	5
	9
	6
	22
	7
	28


	0
	40
	1
	28
	2
	49
	3
	16
	4
	49
	5
	45
	6
	6
	7
	39


	0
	5
	1
	28
	2
	12
	3
	16
	4
	23
	5
	48
	6
	13
	7
	35


	0
	11
	1
	42
	2
	34
	3
	15
	4
	48
	5
	41
	6
	10
	7
	40


	0
	41
	1
	34
	2
	19
	3
	17
	4
	12
	5
	8
	6
	44
	7
	48


	0
	29
	1
	36
	2
	16
	3
	49
	4
	22
	5
	19
	6
	9
	7
	22


	0
	30
	1
	7
	2
	12
	3
	10
	4
	36
	5
	23
	6
	41
	7
	37


	0
	47
	1
	30
	2
	5
	3
	46
	4
	20
	5
	20
	6
	27
	7
	35


	0
	30
	1
	48
	2
	13
	3
	43
	4
	33
	5
	37
	6
	14
	7
	35


	0
	24
	1
	12
	2
	22
	3
	19
	4
	26
	5
	26
	6
	44
	7
	24


	0
	5
	1
	21
	2
	27
	3
	39
	4
	9
	5
	39
	6
	34
	7
	9


	0
	12
	1
	26
	2
	16
	3
	20
	4
	8
	5
	7
	6
	7
	7
	20


	0
	14
	1
	8
	2
	41
	3
	7
	4
	7
	5
	10
	6
	47
	7
	47


	0
	26
	1
	30
	2
	16
	3
	44
	4
	43
	5
	25
	6
	5
	7
	21


	0
	34
	1
	15
	2
	8
	3
	39
	4
	43
	5
	22
	6
	9
	7
	7


	0
	37
	1
	35
	2
	13
	3
	14
	4
	45
	5
	18
	6
	19
	7
	9


	0
	43
	1
	35
	2
	48
	3
	20
	4
	5
	5
	9
	6
	25
	7
	7


	0
	28
	1
	12
	2
	26
	3
	38
	4
	34
	5
	20
	6
	7
	7
	9


	0
	34
	1
	24
	2
	23
	3
	15
	4
	20
	5
	32
	6
	30
	7
	30

