20
4
2

	0
	37
	1
	37
	2
	37
	3
	30


	0
	35
	1
	29
	2
	18
	3
	18


	0
	23
	1
	38
	2
	18
	3
	12


	0
	12
	1
	31
	2
	17
	3
	45


	0
	37
	1
	13
	2
	37
	3
	9


	0
	41
	1
	34
	2
	41
	3
	43


	0
	46
	1
	7
	2
	36
	3
	12


	0
	47
	1
	46
	2
	26
	3
	13


	0
	35
	1
	43
	2
	12
	3
	37


	0
	41
	1
	31
	2
	17
	3
	37


	0
	23
	1
	43
	2
	42
	3
	24


	0
	33
	1
	10
	2
	34
	3
	30


	0
	16
	1
	11
	2
	34
	3
	47


	0
	15
	1
	9
	2
	42
	3
	41


	0
	49
	1
	14
	2
	9
	3
	31


	0
	13
	1
	41
	2
	13
	3
	29


	0
	34
	1
	44
	2
	15
	3
	42


	0
	26
	1
	11
	2
	9
	3
	36


	0
	39
	1
	17
	2
	18
	3
	9


	0
	5
	1
	6
	2
	39
	3
	8

