20
16
2

	0
	46
	1
	40
	2
	19
	3
	29
	4
	46
	5
	32
	6
	43
	7
	5
	8
	29
	9
	30
	10
	38
	11
	38
	12
	29
	13
	43
	14
	29
	15
	34


	0
	24
	1
	15
	2
	32
	3
	46
	4
	24
	5
	38
	6
	15
	7
	35
	8
	49
	9
	16
	10
	6
	11
	41
	12
	44
	13
	34
	14
	29
	15
	10


	0
	11
	1
	10
	2
	38
	3
	14
	4
	32
	5
	23
	6
	39
	7
	14
	8
	25
	9
	9
	10
	37
	11
	42
	12
	22
	13
	21
	14
	33
	15
	5


	0
	31
	1
	9
	2
	43
	3
	30
	4
	34
	5
	17
	6
	7
	7
	7
	8
	30
	9
	24
	10
	47
	11
	38
	12
	48
	13
	38
	14
	10
	15
	42


	0
	9
	1
	42
	2
	5
	3
	36
	4
	18
	5
	22
	6
	44
	7
	42
	8
	9
	9
	6
	10
	44
	11
	46
	12
	36
	13
	17
	14
	44
	15
	15


	0
	37
	1
	23
	2
	6
	3
	37
	4
	30
	5
	11
	6
	6
	7
	20
	8
	48
	9
	16
	10
	46
	11
	11
	12
	23
	13
	30
	14
	32
	15
	49


	0
	37
	1
	7
	2
	24
	3
	22
	4
	39
	5
	6
	6
	44
	7
	11
	8
	43
	9
	29
	10
	5
	11
	40
	12
	45
	13
	36
	14
	48
	15
	39


	0
	27
	1
	39
	2
	42
	3
	17
	4
	45
	5
	26
	6
	29
	7
	30
	8
	18
	9
	41
	10
	28
	11
	13
	12
	25
	13
	15
	14
	33
	15
	36


	0
	45
	1
	26
	2
	36
	3
	5
	4
	8
	5
	5
	6
	36
	7
	36
	8
	15
	9
	46
	10
	31
	11
	22
	12
	46
	13
	5
	14
	42
	15
	14


	0
	43
	1
	22
	2
	36
	3
	49
	4
	24
	5
	35
	6
	21
	7
	21
	8
	44
	9
	46
	10
	19
	11
	34
	12
	17
	13
	27
	14
	47
	15
	44


	0
	39
	1
	27
	2
	17
	3
	27
	4
	13
	5
	48
	6
	35
	7
	14
	8
	37
	9
	16
	10
	46
	11
	38
	12
	38
	13
	35
	14
	33
	15
	40


	0
	6
	1
	6
	2
	42
	3
	35
	4
	25
	5
	46
	6
	37
	7
	5
	8
	14
	9
	21
	10
	19
	11
	35
	12
	18
	13
	29
	14
	32
	15
	15


	0
	46
	1
	46
	2
	39
	3
	42
	4
	36
	5
	32
	6
	21
	7
	36
	8
	8
	9
	47
	10
	38
	11
	46
	12
	13
	13
	37
	14
	38
	15
	28


	0
	11
	1
	24
	2
	47
	3
	29
	4
	46
	5
	5
	6
	7
	7
	39
	8
	5
	9
	29
	10
	21
	11
	23
	12
	22
	13
	26
	14
	42
	15
	38


	0
	8
	1
	26
	2
	18
	3
	39
	4
	20
	5
	46
	6
	15
	7
	34
	8
	46
	9
	23
	10
	5
	11
	16
	12
	17
	13
	11
	14
	49
	15
	44


	0
	49
	1
	14
	2
	43
	3
	32
	4
	36
	5
	14
	6
	43
	7
	25
	8
	35
	9
	27
	10
	47
	11
	16
	12
	32
	13
	30
	14
	13
	15
	37


	0
	8
	1
	45
	2
	19
	3
	44
	4
	44
	5
	40
	6
	27
	7
	18
	8
	18
	9
	20
	10
	8
	11
	42
	12
	16
	13
	18
	14
	15
	15
	34


	0
	7
	1
	25
	2
	40
	3
	28
	4
	19
	5
	14
	6
	5
	7
	39
	8
	47
	9
	49
	10
	22
	11
	11
	12
	5
	13
	6
	14
	35
	15
	9


	0
	25
	1
	12
	2
	7
	3
	47
	4
	33
	5
	5
	6
	16
	7
	37
	8
	8
	9
	44
	10
	6
	11
	24
	12
	11
	13
	44
	14
	30
	15
	46


	0
	42
	1
	8
	2
	49
	3
	8
	4
	5
	5
	41
	6
	28
	7
	13
	8
	39
	9
	10
	10
	49
	11
	45
	12
	19
	13
	26
	14
	48
	15
	16

