20
8
2

	0
	46
	1
	9
	2
	19
	3
	8
	4
	43
	5
	27
	6
	28
	7
	11


	0
	23
	1
	14
	2
	16
	3
	21
	4
	14
	5
	16
	6
	12
	7
	7


	0
	45
	1
	37
	2
	10
	3
	12
	4
	27
	5
	43
	6
	34
	7
	24


	0
	26
	1
	12
	2
	11
	3
	34
	4
	22
	5
	37
	6
	16
	7
	25


	0
	48
	1
	10
	2
	25
	3
	16
	4
	49
	5
	45
	6
	31
	7
	36


	0
	26
	1
	49
	2
	5
	3
	13
	4
	43
	5
	10
	6
	9
	7
	16


	0
	47
	1
	34
	2
	29
	3
	34
	4
	45
	5
	36
	6
	30
	7
	48


	0
	10
	1
	24
	2
	20
	3
	27
	4
	44
	5
	27
	6
	38
	7
	19


	0
	11
	1
	48
	2
	18
	3
	14
	4
	39
	5
	15
	6
	47
	7
	42


	0
	46
	1
	35
	2
	44
	3
	32
	4
	37
	5
	47
	6
	41
	7
	7


	0
	30
	1
	8
	2
	29
	3
	14
	4
	46
	5
	42
	6
	23
	7
	44


	0
	8
	1
	15
	2
	37
	3
	40
	4
	46
	5
	8
	6
	36
	7
	43


	0
	38
	1
	48
	2
	6
	3
	36
	4
	30
	5
	12
	6
	49
	7
	41


	0
	22
	1
	22
	2
	41
	3
	19
	4
	22
	5
	43
	6
	37
	7
	16


	0
	38
	1
	6
	2
	39
	3
	20
	4
	38
	5
	18
	6
	48
	7
	39


	0
	6
	1
	46
	2
	12
	3
	48
	4
	37
	5
	46
	6
	34
	7
	43


	0
	34
	1
	20
	2
	24
	3
	37
	4
	12
	5
	38
	6
	23
	7
	37


	0
	16
	1
	43
	2
	32
	3
	28
	4
	22
	5
	40
	6
	25
	7
	38


	0
	34
	1
	37
	2
	12
	3
	43
	4
	43
	5
	30
	6
	23
	7
	5


	0
	24
	1
	43
	2
	12
	3
	13
	4
	32
	5
	15
	6
	15
	7
	15

