20
4
5

	0
	33
	1
	38
	2
	40
	3
	29


	0
	40
	1
	32
	2
	14
	3
	15


	0
	7
	1
	20
	2
	18
	3
	17


	0
	43
	1
	9
	2
	19
	3
	24


	0
	5
	1
	22
	2
	19
	3
	12


	0
	48
	1
	44
	2
	5
	3
	37


	0
	46
	1
	42
	2
	45
	3
	8


	0
	17
	1
	7
	2
	23
	3
	15


	0
	34
	1
	31
	2
	17
	3
	7


	0
	10
	1
	18
	2
	28
	3
	28


	0
	25
	1
	18
	2
	45
	3
	49


	0
	39
	1
	18
	2
	9
	3
	37


	0
	48
	1
	33
	2
	12
	3
	15


	0
	31
	1
	34
	2
	33
	3
	40


	0
	11
	1
	14
	2
	46
	3
	12


	0
	33
	1
	32
	2
	33
	3
	13


	0
	19
	1
	14
	2
	16
	3
	18


	0
	24
	1
	48
	2
	39
	3
	5


	0
	22
	1
	5
	2
	7
	3
	20


	0
	16
	1
	47
	2
	29
	3
	8

