20
4
4

	0
	7
	1
	41
	2
	11
	3
	36


	0
	22
	1
	32
	2
	46
	3
	17


	0
	34
	1
	14
	2
	32
	3
	9


	0
	42
	1
	11
	2
	45
	3
	35


	0
	26
	1
	19
	2
	26
	3
	37


	0
	49
	1
	17
	2
	19
	3
	32


	0
	47
	1
	35
	2
	32
	3
	39


	0
	19
	1
	38
	2
	38
	3
	10


	0
	14
	1
	38
	2
	36
	3
	41


	0
	8
	1
	40
	2
	32
	3
	38


	0
	12
	1
	27
	2
	27
	3
	7


	0
	27
	1
	31
	2
	40
	3
	35


	0
	28
	1
	37
	2
	23
	3
	31


	0
	23
	1
	39
	2
	13
	3
	44


	0
	46
	1
	32
	2
	13
	3
	29


	0
	33
	1
	25
	2
	38
	3
	21


	0
	34
	1
	16
	2
	26
	3
	11


	0
	39
	1
	18
	2
	45
	3
	39


	0
	23
	1
	18
	2
	17
	3
	31


	0
	5
	1
	5
	2
	16
	3
	18

