20
8
4

	0
	40
	1
	49
	2
	34
	3
	21
	4
	47
	5
	33
	6
	13
	7
	36


	0
	23
	1
	16
	2
	39
	3
	18
	4
	33
	5
	38
	6
	43
	7
	18


	0
	22
	1
	12
	2
	8
	3
	17
	4
	22
	5
	43
	6
	20
	7
	7


	0
	28
	1
	36
	2
	28
	3
	20
	4
	37
	5
	31
	6
	20
	7
	38


	0
	39
	1
	16
	2
	5
	3
	40
	4
	28
	5
	8
	6
	22
	7
	49


	0
	30
	1
	49
	2
	14
	3
	29
	4
	25
	5
	32
	6
	49
	7
	35


	0
	33
	1
	20
	2
	23
	3
	37
	4
	29
	5
	44
	6
	34
	7
	42


	0
	28
	1
	11
	2
	25
	3
	42
	4
	28
	5
	21
	6
	24
	7
	49


	0
	48
	1
	7
	2
	48
	3
	17
	4
	45
	5
	20
	6
	29
	7
	31


	0
	27
	1
	30
	2
	34
	3
	32
	4
	15
	5
	31
	6
	6
	7
	6


	0
	30
	1
	33
	2
	48
	3
	33
	4
	27
	5
	32
	6
	9
	7
	9


	0
	38
	1
	45
	2
	25
	3
	39
	4
	33
	5
	30
	6
	25
	7
	22


	0
	45
	1
	5
	2
	6
	3
	31
	4
	27
	5
	48
	6
	5
	7
	43


	0
	20
	1
	30
	2
	22
	3
	38
	4
	41
	5
	46
	6
	42
	7
	36


	0
	39
	1
	46
	2
	8
	3
	24
	4
	30
	5
	13
	6
	39
	7
	21


	0
	9
	1
	33
	2
	45
	3
	44
	4
	31
	5
	36
	6
	12
	7
	24


	0
	43
	1
	29
	2
	42
	3
	10
	4
	28
	5
	17
	6
	21
	7
	31


	0
	41
	1
	38
	2
	21
	3
	20
	4
	35
	5
	30
	6
	48
	7
	42


	0
	14
	1
	5
	2
	27
	3
	22
	4
	45
	5
	10
	6
	45
	7
	35


	0
	38
	1
	34
	2
	11
	3
	32
	4
	44
	5
	23
	6
	48
	7
	30

