20
8
3

	0
	40
	1
	46
	2
	13
	3
	9
	4
	21
	5
	5
	6
	41
	7
	49


	0
	47
	1
	10
	2
	37
	3
	7
	4
	12
	5
	20
	6
	25
	7
	5


	0
	47
	1
	29
	2
	29
	3
	24
	4
	12
	5
	10
	6
	14
	7
	29


	0
	31
	1
	27
	2
	36
	3
	7
	4
	42
	5
	43
	6
	34
	7
	31


	0
	44
	1
	10
	2
	39
	3
	43
	4
	38
	5
	39
	6
	46
	7
	48


	0
	23
	1
	6
	2
	10
	3
	33
	4
	8
	5
	43
	6
	18
	7
	20


	0
	33
	1
	45
	2
	5
	3
	44
	4
	44
	5
	15
	6
	34
	7
	44


	0
	39
	1
	38
	2
	23
	3
	25
	4
	6
	5
	30
	6
	25
	7
	42


	0
	32
	1
	27
	2
	32
	3
	15
	4
	25
	5
	48
	6
	13
	7
	22


	0
	7
	1
	35
	2
	46
	3
	35
	4
	18
	5
	23
	6
	36
	7
	9


	0
	17
	1
	30
	2
	47
	3
	25
	4
	35
	5
	21
	6
	47
	7
	27


	0
	24
	1
	10
	2
	27
	3
	38
	4
	27
	5
	17
	6
	35
	7
	14


	0
	15
	1
	6
	2
	30
	3
	36
	4
	14
	5
	42
	6
	10
	7
	36


	0
	37
	1
	48
	2
	9
	3
	7
	4
	13
	5
	37
	6
	20
	7
	7


	0
	44
	1
	47
	2
	26
	3
	27
	4
	15
	5
	10
	6
	32
	7
	45


	0
	27
	1
	25
	2
	27
	3
	45
	4
	25
	5
	21
	6
	36
	7
	49


	0
	22
	1
	31
	2
	7
	3
	48
	4
	5
	5
	6
	6
	9
	7
	15


	0
	13
	1
	28
	2
	44
	3
	12
	4
	43
	5
	25
	6
	16
	7
	21


	0
	10
	1
	15
	2
	28
	3
	36
	4
	24
	5
	44
	6
	36
	7
	12


	0
	24
	1
	30
	2
	37
	3
	11
	4
	49
	5
	42
	6
	38
	7
	36

