20
4
3

	0
	30
	1
	25
	2
	31
	3
	43


	0
	7
	1
	16
	2
	10
	3
	13


	0
	30
	1
	37
	2
	39
	3
	47


	0
	32
	1
	44
	2
	6
	3
	16


	0
	11
	1
	32
	2
	35
	3
	6


	0
	22
	1
	5
	2
	45
	3
	12


	0
	42
	1
	5
	2
	9
	3
	25


	0
	9
	1
	31
	2
	32
	3
	7


	0
	19
	1
	44
	2
	8
	3
	33


	0
	40
	1
	14
	2
	38
	3
	27


	0
	38
	1
	39
	2
	11
	3
	42


	0
	29
	1
	48
	2
	17
	3
	38


	0
	33
	1
	24
	2
	25
	3
	12


	0
	13
	1
	12
	2
	15
	3
	45


	0
	29
	1
	19
	2
	16
	3
	41


	0
	17
	1
	49
	2
	31
	3
	43


	0
	26
	1
	14
	2
	45
	3
	14


	0
	30
	1
	28
	2
	12
	3
	12


	0
	20
	1
	28
	2
	8
	3
	17


	0
	10
	1
	28
	2
	48
	3
	30

