20
16
3

	0
	29
	1
	41
	2
	36
	3
	5
	4
	33
	5
	18
	6
	35
	7
	18
	8
	49
	9
	25
	10
	45
	11
	43
	12
	33
	13
	41
	14
	47
	15
	8


	0
	18
	1
	46
	2
	10
	3
	46
	4
	7
	5
	12
	6
	25
	7
	19
	8
	39
	9
	31
	10
	44
	11
	5
	12
	47
	13
	49
	14
	21
	15
	32


	0
	41
	1
	17
	2
	49
	3
	47
	4
	39
	5
	20
	6
	30
	7
	32
	8
	13
	9
	47
	10
	11
	11
	46
	12
	13
	13
	22
	14
	17
	15
	40


	0
	11
	1
	33
	2
	30
	3
	9
	4
	20
	5
	25
	6
	10
	7
	42
	8
	28
	9
	40
	10
	45
	11
	36
	12
	34
	13
	8
	14
	11
	15
	38


	0
	38
	1
	7
	2
	19
	3
	36
	4
	45
	5
	44
	6
	31
	7
	40
	8
	35
	9
	40
	10
	33
	11
	38
	12
	49
	13
	28
	14
	15
	15
	9


	0
	48
	1
	44
	2
	31
	3
	48
	4
	30
	5
	20
	6
	32
	7
	36
	8
	35
	9
	21
	10
	12
	11
	21
	12
	38
	13
	26
	14
	14
	15
	29


	0
	22
	1
	29
	2
	28
	3
	9
	4
	11
	5
	26
	6
	16
	7
	17
	8
	38
	9
	29
	10
	19
	11
	12
	12
	17
	13
	37
	14
	11
	15
	45


	0
	28
	1
	20
	2
	39
	3
	26
	4
	30
	5
	8
	6
	17
	7
	10
	8
	19
	9
	19
	10
	11
	11
	29
	12
	46
	13
	38
	14
	13
	15
	46


	0
	22
	1
	16
	2
	21
	3
	27
	4
	18
	5
	41
	6
	31
	7
	24
	8
	36
	9
	42
	10
	34
	11
	5
	12
	8
	13
	42
	14
	22
	15
	39


	0
	30
	1
	8
	2
	32
	3
	38
	4
	47
	5
	14
	6
	20
	7
	27
	8
	22
	9
	29
	10
	22
	11
	9
	12
	32
	13
	28
	14
	35
	15
	36


	0
	14
	1
	7
	2
	40
	3
	11
	4
	27
	5
	32
	6
	45
	7
	7
	8
	21
	9
	46
	10
	36
	11
	22
	12
	20
	13
	10
	14
	38
	15
	37


	0
	16
	1
	9
	2
	11
	3
	41
	4
	37
	5
	37
	6
	35
	7
	22
	8
	6
	9
	34
	10
	44
	11
	32
	12
	17
	13
	42
	14
	33
	15
	31


	0
	16
	1
	48
	2
	5
	3
	5
	4
	16
	5
	23
	6
	36
	7
	20
	8
	23
	9
	45
	10
	18
	11
	27
	12
	44
	13
	39
	14
	46
	15
	36


	0
	44
	1
	11
	2
	19
	3
	28
	4
	22
	5
	19
	6
	41
	7
	35
	8
	21
	9
	16
	10
	22
	11
	38
	12
	28
	13
	11
	14
	44
	15
	34


	0
	12
	1
	15
	2
	33
	3
	37
	4
	26
	5
	18
	6
	24
	7
	28
	8
	16
	9
	13
	10
	22
	11
	16
	12
	41
	13
	35
	14
	19
	15
	36


	0
	11
	1
	30
	2
	43
	3
	29
	4
	29
	5
	34
	6
	15
	7
	36
	8
	11
	9
	10
	10
	29
	11
	41
	12
	37
	13
	28
	14
	22
	15
	22


	0
	45
	1
	46
	2
	22
	3
	36
	4
	35
	5
	9
	6
	31
	7
	41
	8
	9
	9
	32
	10
	18
	11
	17
	12
	27
	13
	14
	14
	9
	15
	38


	0
	36
	1
	32
	2
	11
	3
	48
	4
	37
	5
	45
	6
	47
	7
	37
	8
	42
	9
	21
	10
	40
	11
	38
	12
	42
	13
	46
	14
	19
	15
	18


	0
	41
	1
	6
	2
	24
	3
	49
	4
	26
	5
	31
	6
	8
	7
	23
	8
	46
	9
	25
	10
	15
	11
	8
	12
	32
	13
	48
	14
	20
	15
	29


	0
	43
	1
	12
	2
	13
	3
	15
	4
	23
	5
	17
	6
	36
	7
	20
	8
	37
	9
	34
	10
	7
	11
	17
	12
	33
	13
	17
	14
	28
	15
	15

