20
8
4

	0
	9
	1
	30
	2
	21
	3
	8
	4
	26
	5
	12
	6
	27
	7
	17


	0
	47
	1
	28
	2
	25
	3
	17
	4
	25
	5
	13
	6
	35
	7
	48


	0
	8
	1
	46
	2
	42
	3
	48
	4
	8
	5
	34
	6
	41
	7
	9


	0
	33
	1
	34
	2
	44
	3
	6
	4
	11
	5
	40
	6
	17
	7
	38


	0
	12
	1
	45
	2
	31
	3
	22
	4
	21
	5
	40
	6
	47
	7
	26


	0
	44
	1
	15
	2
	25
	3
	31
	4
	8
	5
	7
	6
	48
	7
	20


	0
	7
	1
	37
	2
	8
	3
	17
	4
	44
	5
	34
	6
	10
	7
	47


	0
	25
	1
	42
	2
	11
	3
	26
	4
	26
	5
	38
	6
	41
	7
	43


	0
	10
	1
	18
	2
	43
	3
	31
	4
	16
	5
	34
	6
	9
	7
	5


	0
	37
	1
	10
	2
	17
	3
	16
	4
	9
	5
	19
	6
	6
	7
	27


	0
	11
	1
	37
	2
	46
	3
	16
	4
	31
	5
	24
	6
	5
	7
	8


	0
	46
	1
	20
	2
	44
	3
	25
	4
	14
	5
	14
	6
	47
	7
	47


	0
	38
	1
	49
	2
	12
	3
	20
	4
	17
	5
	37
	6
	42
	7
	43


	0
	40
	1
	21
	2
	30
	3
	14
	4
	47
	5
	39
	6
	23
	7
	30


	0
	10
	1
	27
	2
	40
	3
	10
	4
	40
	5
	42
	6
	43
	7
	20


	0
	30
	1
	32
	2
	12
	3
	30
	4
	30
	5
	15
	6
	6
	7
	46


	0
	46
	1
	37
	2
	43
	3
	17
	4
	37
	5
	13
	6
	45
	7
	9


	0
	23
	1
	15
	2
	48
	3
	46
	4
	45
	5
	47
	6
	13
	7
	48


	0
	31
	1
	25
	2
	22
	3
	25
	4
	16
	5
	45
	6
	40
	7
	22


	0
	27
	1
	20
	2
	7
	3
	28
	4
	37
	5
	5
	6
	9
	7
	28

