20
8
3

	0
	21
	1
	33
	2
	34
	3
	37
	4
	34
	5
	44
	6
	23
	7
	10


	0
	9
	1
	33
	2
	36
	3
	42
	4
	49
	5
	8
	6
	35
	7
	39


	0
	23
	1
	28
	2
	40
	3
	38
	4
	20
	5
	13
	6
	10
	7
	31


	0
	7
	1
	28
	2
	15
	3
	17
	4
	22
	5
	44
	6
	48
	7
	8


	0
	8
	1
	13
	2
	47
	3
	38
	4
	48
	5
	30
	6
	13
	7
	45


	0
	21
	1
	49
	2
	18
	3
	28
	4
	24
	5
	37
	6
	30
	7
	6


	0
	9
	1
	42
	2
	42
	3
	28
	4
	37
	5
	16
	6
	29
	7
	32


	0
	25
	1
	28
	2
	23
	3
	9
	4
	32
	5
	13
	6
	24
	7
	6


	0
	49
	1
	24
	2
	5
	3
	41
	4
	19
	5
	48
	6
	25
	7
	7


	0
	13
	1
	42
	2
	21
	3
	13
	4
	34
	5
	41
	6
	7
	7
	26


	0
	33
	1
	12
	2
	16
	3
	18
	4
	11
	5
	14
	6
	25
	7
	7


	0
	25
	1
	28
	2
	10
	3
	16
	4
	40
	5
	37
	6
	34
	7
	25


	0
	40
	1
	33
	2
	20
	3
	48
	4
	24
	5
	10
	6
	21
	7
	28


	0
	24
	1
	18
	2
	21
	3
	8
	4
	26
	5
	47
	6
	11
	7
	40


	0
	20
	1
	27
	2
	27
	3
	24
	4
	5
	5
	9
	6
	44
	7
	15


	0
	8
	1
	38
	2
	43
	3
	41
	4
	37
	5
	46
	6
	14
	7
	9


	0
	27
	1
	26
	2
	35
	3
	7
	4
	10
	5
	20
	6
	26
	7
	22


	0
	41
	1
	34
	2
	13
	3
	19
	4
	27
	5
	20
	6
	28
	7
	35


	0
	22
	1
	33
	2
	11
	3
	28
	4
	19
	5
	39
	6
	22
	7
	17


	0
	34
	1
	37
	2
	18
	3
	11
	4
	37
	5
	21
	6
	11
	7
	44

