20
16
5

	0
	27
	1
	49
	2
	40
	3
	7
	4
	6
	5
	37
	6
	32
	7
	18
	8
	25
	9
	40
	10
	39
	11
	47
	12
	32
	13
	40
	14
	38
	15
	32


	0
	13
	1
	23
	2
	32
	3
	32
	4
	37
	5
	10
	6
	42
	7
	6
	8
	16
	9
	46
	10
	30
	11
	40
	12
	5
	13
	40
	14
	24
	15
	24


	0
	6
	1
	22
	2
	6
	3
	46
	4
	22
	5
	26
	6
	23
	7
	7
	8
	7
	9
	9
	10
	29
	11
	21
	12
	7
	13
	23
	14
	16
	15
	12


	0
	32
	1
	35
	2
	47
	3
	12
	4
	25
	5
	43
	6
	49
	7
	24
	8
	20
	9
	6
	10
	36
	11
	5
	12
	28
	13
	17
	14
	46
	15
	7


	0
	10
	1
	38
	2
	37
	3
	41
	4
	25
	5
	49
	6
	22
	7
	17
	8
	18
	9
	16
	10
	26
	11
	24
	12
	45
	13
	46
	14
	12
	15
	47


	0
	34
	1
	38
	2
	11
	3
	25
	4
	37
	5
	19
	6
	17
	7
	20
	8
	20
	9
	9
	10
	39
	11
	40
	12
	28
	13
	41
	14
	21
	15
	34


	0
	44
	1
	38
	2
	28
	3
	25
	4
	29
	5
	22
	6
	44
	7
	39
	8
	31
	9
	16
	10
	8
	11
	29
	12
	23
	13
	9
	14
	25
	15
	29


	0
	36
	1
	13
	2
	36
	3
	29
	4
	25
	5
	34
	6
	37
	7
	24
	8
	13
	9
	10
	10
	27
	11
	37
	12
	45
	13
	27
	14
	9
	15
	11


	0
	42
	1
	19
	2
	7
	3
	15
	4
	47
	5
	28
	6
	12
	7
	47
	8
	13
	9
	21
	10
	12
	11
	29
	12
	36
	13
	33
	14
	31
	15
	22


	0
	41
	1
	10
	2
	18
	3
	19
	4
	16
	5
	16
	6
	25
	7
	20
	8
	5
	9
	21
	10
	15
	11
	28
	12
	41
	13
	17
	14
	12
	15
	24


	0
	34
	1
	15
	2
	35
	3
	23
	4
	22
	5
	6
	6
	30
	7
	19
	8
	6
	9
	46
	10
	42
	11
	46
	12
	37
	13
	49
	14
	21
	15
	36


	0
	36
	1
	30
	2
	44
	3
	17
	4
	14
	5
	10
	6
	36
	7
	37
	8
	36
	9
	13
	10
	6
	11
	12
	12
	8
	13
	48
	14
	18
	15
	7


	0
	23
	1
	28
	2
	19
	3
	43
	4
	38
	5
	33
	6
	20
	7
	10
	8
	32
	9
	7
	10
	5
	11
	31
	12
	5
	13
	7
	14
	28
	15
	27


	0
	21
	1
	12
	2
	22
	3
	39
	4
	36
	5
	23
	6
	37
	7
	23
	8
	29
	9
	13
	10
	37
	11
	41
	12
	6
	13
	14
	14
	44
	15
	20


	0
	13
	1
	18
	2
	40
	3
	8
	4
	17
	5
	10
	6
	24
	7
	39
	8
	24
	9
	32
	10
	17
	11
	28
	12
	7
	13
	41
	14
	28
	15
	32


	0
	31
	1
	26
	2
	33
	3
	36
	4
	20
	5
	7
	6
	5
	7
	26
	8
	6
	9
	15
	10
	41
	11
	6
	12
	7
	13
	46
	14
	34
	15
	32


	0
	31
	1
	34
	2
	26
	3
	43
	4
	31
	5
	38
	6
	37
	7
	29
	8
	28
	9
	45
	10
	15
	11
	20
	12
	38
	13
	40
	14
	31
	15
	10


	0
	6
	1
	39
	2
	42
	3
	12
	4
	36
	5
	43
	6
	33
	7
	32
	8
	12
	9
	24
	10
	39
	11
	39
	12
	5
	13
	19
	14
	16
	15
	24


	0
	15
	1
	43
	2
	41
	3
	11
	4
	10
	5
	47
	6
	26
	7
	21
	8
	9
	9
	7
	10
	8
	11
	18
	12
	20
	13
	27
	14
	25
	15
	33


	0
	13
	1
	33
	2
	7
	3
	36
	4
	49
	5
	35
	6
	23
	7
	7
	8
	40
	9
	20
	10
	29
	11
	34
	12
	44
	13
	5
	14
	31
	15
	38

