20
16
3

	0
	47
	1
	40
	2
	12
	3
	11
	4
	48
	5
	17
	6
	47
	7
	23
	8
	18
	9
	14
	10
	38
	11
	13
	12
	37
	13
	25
	14
	16
	15
	49


	0
	46
	1
	41
	2
	31
	3
	23
	4
	40
	5
	21
	6
	17
	7
	24
	8
	10
	9
	28
	10
	29
	11
	16
	12
	40
	13
	49
	14
	29
	15
	32


	0
	17
	1
	34
	2
	13
	3
	40
	4
	6
	5
	14
	6
	12
	7
	12
	8
	31
	9
	43
	10
	11
	11
	21
	12
	15
	13
	36
	14
	34
	15
	33


	0
	19
	1
	22
	2
	28
	3
	20
	4
	45
	5
	17
	6
	8
	7
	34
	8
	7
	9
	39
	10
	33
	11
	30
	12
	40
	13
	7
	14
	44
	15
	33


	0
	9
	1
	42
	2
	39
	3
	21
	4
	38
	5
	12
	6
	17
	7
	22
	8
	11
	9
	30
	10
	47
	11
	33
	12
	18
	13
	44
	14
	24
	15
	33


	0
	27
	1
	32
	2
	20
	3
	12
	4
	31
	5
	17
	6
	31
	7
	9
	8
	19
	9
	16
	10
	16
	11
	13
	12
	15
	13
	42
	14
	12
	15
	44


	0
	37
	1
	25
	2
	26
	3
	48
	4
	19
	5
	25
	6
	36
	7
	28
	8
	21
	9
	20
	10
	22
	11
	23
	12
	21
	13
	34
	14
	10
	15
	35


	0
	33
	1
	40
	2
	30
	3
	42
	4
	24
	5
	28
	6
	8
	7
	20
	8
	47
	9
	8
	10
	48
	11
	21
	12
	41
	13
	32
	14
	11
	15
	12


	0
	36
	1
	26
	2
	42
	3
	27
	4
	47
	5
	13
	6
	37
	7
	8
	8
	24
	9
	21
	10
	24
	11
	40
	12
	41
	13
	31
	14
	37
	15
	24


	0
	15
	1
	11
	2
	37
	3
	10
	4
	15
	5
	26
	6
	35
	7
	31
	8
	23
	9
	48
	10
	15
	11
	7
	12
	48
	13
	39
	14
	27
	15
	42


	0
	31
	1
	19
	2
	13
	3
	27
	4
	29
	5
	27
	6
	22
	7
	47
	8
	17
	9
	11
	10
	31
	11
	48
	12
	8
	13
	22
	14
	17
	15
	39


	0
	27
	1
	36
	2
	41
	3
	45
	4
	12
	5
	14
	6
	12
	7
	31
	8
	11
	9
	45
	10
	10
	11
	47
	12
	48
	13
	31
	14
	9
	15
	44


	0
	36
	1
	17
	2
	38
	3
	40
	4
	5
	5
	19
	6
	19
	7
	34
	8
	26
	9
	29
	10
	35
	11
	7
	12
	8
	13
	40
	14
	28
	15
	11


	0
	34
	1
	13
	2
	6
	3
	5
	4
	16
	5
	28
	6
	28
	7
	6
	8
	43
	9
	47
	10
	10
	11
	29
	12
	11
	13
	33
	14
	35
	15
	16


	0
	39
	1
	28
	2
	47
	3
	11
	4
	28
	5
	34
	6
	13
	7
	15
	8
	29
	9
	32
	10
	25
	11
	43
	12
	6
	13
	40
	14
	34
	15
	43


	0
	34
	1
	48
	2
	35
	3
	40
	4
	22
	5
	47
	6
	32
	7
	33
	8
	35
	9
	15
	10
	20
	11
	20
	12
	32
	13
	21
	14
	18
	15
	31


	0
	34
	1
	48
	2
	24
	3
	7
	4
	27
	5
	17
	6
	7
	7
	27
	8
	39
	9
	27
	10
	24
	11
	10
	12
	13
	13
	42
	14
	8
	15
	32


	0
	39
	1
	18
	2
	20
	3
	6
	4
	10
	5
	41
	6
	7
	7
	9
	8
	36
	9
	44
	10
	32
	11
	46
	12
	24
	13
	35
	14
	22
	15
	42


	0
	41
	1
	48
	2
	28
	3
	18
	4
	34
	5
	7
	6
	8
	7
	45
	8
	43
	9
	32
	10
	33
	11
	16
	12
	29
	13
	32
	14
	40
	15
	27


	0
	34
	1
	49
	2
	13
	3
	17
	4
	46
	5
	13
	6
	20
	7
	39
	8
	48
	9
	28
	10
	23
	11
	21
	12
	31
	13
	7
	14
	11
	15
	41

