20
16
2

	0
	28
	1
	28
	2
	41
	3
	17
	4
	15
	5
	48
	6
	7
	7
	35
	8
	33
	9
	27
	10
	32
	11
	11
	12
	13
	13
	11
	14
	40
	15
	22


	0
	28
	1
	28
	2
	18
	3
	38
	4
	42
	5
	19
	6
	29
	7
	41
	8
	16
	9
	25
	10
	47
	11
	32
	12
	24
	13
	20
	14
	22
	15
	48


	0
	20
	1
	6
	2
	20
	3
	22
	4
	28
	5
	42
	6
	24
	7
	20
	8
	36
	9
	42
	10
	45
	11
	11
	12
	34
	13
	31
	14
	49
	15
	29


	0
	40
	1
	25
	2
	5
	3
	49
	4
	42
	5
	14
	6
	42
	7
	17
	8
	7
	9
	22
	10
	13
	11
	38
	12
	41
	13
	30
	14
	17
	15
	48


	0
	44
	1
	40
	2
	21
	3
	13
	4
	9
	5
	42
	6
	27
	7
	18
	8
	26
	9
	28
	10
	13
	11
	11
	12
	38
	13
	17
	14
	22
	15
	13


	0
	35
	1
	32
	2
	12
	3
	22
	4
	22
	5
	22
	6
	46
	7
	20
	8
	44
	9
	19
	10
	35
	11
	34
	12
	11
	13
	14
	14
	32
	15
	43


	0
	9
	1
	48
	2
	31
	3
	41
	4
	48
	5
	22
	6
	33
	7
	17
	8
	6
	9
	19
	10
	11
	11
	6
	12
	38
	13
	43
	14
	37
	15
	15


	0
	41
	1
	9
	2
	26
	3
	39
	4
	25
	5
	42
	6
	22
	7
	41
	8
	7
	9
	14
	10
	49
	11
	33
	12
	37
	13
	12
	14
	11
	15
	28


	0
	39
	1
	22
	2
	34
	3
	15
	4
	33
	5
	10
	6
	8
	7
	26
	8
	34
	9
	41
	10
	9
	11
	20
	12
	32
	13
	5
	14
	47
	15
	43


	0
	42
	1
	17
	2
	16
	3
	21
	4
	26
	5
	28
	6
	7
	7
	17
	8
	30
	9
	8
	10
	37
	11
	28
	12
	35
	13
	41
	14
	20
	15
	10


	0
	11
	1
	31
	2
	40
	3
	43
	4
	49
	5
	46
	6
	45
	7
	34
	8
	26
	9
	14
	10
	28
	11
	23
	12
	28
	13
	11
	14
	7
	15
	30


	0
	11
	1
	13
	2
	26
	3
	21
	4
	39
	5
	23
	6
	47
	7
	24
	8
	19
	9
	23
	10
	45
	11
	23
	12
	28
	13
	13
	14
	23
	15
	48


	0
	39
	1
	8
	2
	8
	3
	32
	4
	40
	5
	10
	6
	35
	7
	49
	8
	43
	9
	25
	10
	13
	11
	30
	12
	49
	13
	23
	14
	34
	15
	12


	0
	37
	1
	20
	2
	19
	3
	17
	4
	19
	5
	37
	6
	37
	7
	11
	8
	34
	9
	36
	10
	15
	11
	22
	12
	40
	13
	40
	14
	43
	15
	27


	0
	27
	1
	37
	2
	13
	3
	11
	4
	9
	5
	47
	6
	43
	7
	42
	8
	25
	9
	25
	10
	45
	11
	27
	12
	22
	13
	36
	14
	21
	15
	29


	0
	38
	1
	24
	2
	22
	3
	8
	4
	12
	5
	28
	6
	37
	7
	21
	8
	43
	9
	10
	10
	13
	11
	12
	12
	7
	13
	38
	14
	39
	15
	41


	0
	12
	1
	22
	2
	29
	3
	49
	4
	37
	5
	15
	6
	7
	7
	32
	8
	20
	9
	34
	10
	14
	11
	43
	12
	47
	13
	19
	14
	9
	15
	46


	0
	21
	1
	27
	2
	39
	3
	33
	4
	29
	5
	22
	6
	44
	7
	43
	8
	11
	9
	29
	10
	20
	11
	22
	12
	7
	13
	8
	14
	28
	15
	37


	0
	44
	1
	39
	2
	31
	3
	7
	4
	5
	5
	38
	6
	44
	7
	10
	8
	16
	9
	10
	10
	8
	11
	9
	12
	16
	13
	45
	14
	12
	15
	27


	0
	18
	1
	22
	2
	9
	3
	23
	4
	13
	5
	24
	6
	20
	7
	7
	8
	15
	9
	34
	10
	32
	11
	42
	12
	30
	13
	24
	14
	26
	15
	47

