20
4
4

	0
	7
	1
	34
	2
	44
	3
	14


	0
	34
	1
	43
	2
	25
	3
	14


	0
	38
	1
	22
	2
	28
	3
	33


	0
	45
	1
	30
	2
	14
	3
	6


	0
	31
	1
	14
	2
	6
	3
	37


	0
	34
	1
	30
	2
	21
	3
	16


	0
	13
	1
	33
	2
	37
	3
	34


	0
	14
	1
	47
	2
	7
	3
	48


	0
	23
	1
	9
	2
	48
	3
	34


	0
	49
	1
	28
	2
	36
	3
	22


	0
	13
	1
	34
	2
	26
	3
	38


	0
	48
	1
	31
	2
	39
	3
	22


	0
	44
	1
	14
	2
	26
	3
	21


	0
	32
	1
	33
	2
	24
	3
	30


	0
	49
	1
	7
	2
	29
	3
	9


	0
	24
	1
	43
	2
	24
	3
	14


	0
	19
	1
	14
	2
	9
	3
	23


	0
	45
	1
	49
	2
	24
	3
	28


	0
	20
	1
	36
	2
	36
	3
	14


	0
	33
	1
	37
	2
	35
	3
	16

