20
8
3

	0
	21
	1
	37
	2
	20
	3
	47
	4
	19
	5
	18
	6
	45
	7
	6


	0
	33
	1
	23
	2
	27
	3
	29
	4
	5
	5
	15
	6
	30
	7
	32


	0
	5
	1
	25
	2
	29
	3
	28
	4
	13
	5
	32
	6
	16
	7
	22


	0
	35
	1
	20
	2
	27
	3
	8
	4
	35
	5
	20
	6
	12
	7
	48


	0
	30
	1
	33
	2
	29
	3
	45
	4
	5
	5
	12
	6
	30
	7
	7


	0
	29
	1
	31
	2
	44
	3
	21
	4
	26
	5
	44
	6
	41
	7
	29


	0
	5
	1
	12
	2
	24
	3
	32
	4
	40
	5
	6
	6
	41
	7
	38


	0
	7
	1
	10
	2
	18
	3
	18
	4
	6
	5
	21
	6
	48
	7
	26


	0
	49
	1
	36
	2
	21
	3
	12
	4
	16
	5
	37
	6
	13
	7
	29


	0
	20
	1
	5
	2
	44
	3
	29
	4
	29
	5
	18
	6
	22
	7
	41


	0
	42
	1
	9
	2
	30
	3
	33
	4
	14
	5
	47
	6
	27
	7
	23


	0
	40
	1
	39
	2
	8
	3
	42
	4
	20
	5
	11
	6
	13
	7
	47


	0
	22
	1
	26
	2
	21
	3
	19
	4
	33
	5
	40
	6
	25
	7
	45


	0
	23
	1
	17
	2
	43
	3
	28
	4
	24
	5
	14
	6
	25
	7
	10


	0
	10
	1
	9
	2
	35
	3
	27
	4
	30
	5
	23
	6
	43
	7
	34


	0
	36
	1
	34
	2
	39
	3
	47
	4
	42
	5
	33
	6
	8
	7
	15


	0
	5
	1
	35
	2
	39
	3
	31
	4
	38
	5
	19
	6
	6
	7
	48


	0
	21
	1
	19
	2
	49
	3
	33
	4
	11
	5
	35
	6
	9
	7
	29


	0
	49
	1
	23
	2
	33
	3
	42
	4
	31
	5
	23
	6
	25
	7
	16


	0
	45
	1
	49
	2
	39
	3
	22
	4
	6
	5
	31
	6
	13
	7
	16

