20
8
5

	0
	40
	1
	39
	2
	48
	3
	15
	4
	10
	5
	22
	6
	42
	7
	7


	0
	43
	1
	39
	2
	25
	3
	36
	4
	44
	5
	41
	6
	46
	7
	44


	0
	23
	1
	38
	2
	48
	3
	30
	4
	48
	5
	26
	6
	31
	7
	48


	0
	13
	1
	22
	2
	43
	3
	26
	4
	23
	5
	23
	6
	35
	7
	35


	0
	41
	1
	29
	2
	26
	3
	49
	4
	42
	5
	29
	6
	11
	7
	15


	0
	48
	1
	40
	2
	8
	3
	29
	4
	22
	5
	29
	6
	31
	7
	41


	0
	44
	1
	26
	2
	24
	3
	13
	4
	39
	5
	9
	6
	19
	7
	27


	0
	18
	1
	24
	2
	21
	3
	39
	4
	47
	5
	38
	6
	13
	7
	12


	0
	8
	1
	23
	2
	18
	3
	22
	4
	46
	5
	38
	6
	19
	7
	27


	0
	40
	1
	7
	2
	43
	3
	27
	4
	16
	5
	22
	6
	41
	7
	12


	0
	34
	1
	48
	2
	29
	3
	24
	4
	27
	5
	5
	6
	26
	7
	18


	0
	37
	1
	47
	2
	31
	3
	42
	4
	25
	5
	39
	6
	34
	7
	23


	0
	18
	1
	18
	2
	44
	3
	44
	4
	17
	5
	13
	6
	26
	7
	46


	0
	26
	1
	34
	2
	46
	3
	7
	4
	23
	5
	37
	6
	40
	7
	37


	0
	19
	1
	16
	2
	33
	3
	15
	4
	39
	5
	32
	6
	5
	7
	35


	0
	46
	1
	41
	2
	38
	3
	30
	4
	46
	5
	10
	6
	34
	7
	19


	0
	40
	1
	32
	2
	22
	3
	21
	4
	43
	5
	28
	6
	22
	7
	37


	0
	39
	1
	9
	2
	28
	3
	36
	4
	41
	5
	13
	6
	30
	7
	28


	0
	10
	1
	17
	2
	41
	3
	45
	4
	43
	5
	46
	6
	48
	7
	6


	0
	24
	1
	30
	2
	13
	3
	47
	4
	20
	5
	30
	6
	40
	7
	16

