20
4
2

	0
	18
	1
	39
	2
	45
	3
	46


	0
	18
	1
	10
	2
	36
	3
	47


	0
	35
	1
	15
	2
	49
	3
	46


	0
	38
	1
	35
	2
	46
	3
	16


	0
	21
	1
	43
	2
	31
	3
	44


	0
	46
	1
	46
	2
	33
	3
	17


	0
	42
	1
	29
	2
	15
	3
	44


	0
	35
	1
	34
	2
	22
	3
	32


	0
	12
	1
	46
	2
	39
	3
	10


	0
	19
	1
	39
	2
	38
	3
	20


	0
	34
	1
	39
	2
	20
	3
	28


	0
	7
	1
	47
	2
	35
	3
	9


	0
	46
	1
	42
	2
	8
	3
	8


	0
	36
	1
	23
	2
	44
	3
	26


	0
	40
	1
	38
	2
	29
	3
	46


	0
	47
	1
	14
	2
	41
	3
	32


	0
	22
	1
	29
	2
	44
	3
	37


	0
	5
	1
	11
	2
	16
	3
	33


	0
	8
	1
	25
	2
	33
	3
	31


	0
	15
	1
	18
	2
	35
	3
	27

