20
4
2

	0
	27
	1
	23
	2
	18
	3
	36


	0
	20
	1
	14
	2
	45
	3
	6


	0
	36
	1
	8
	2
	18
	3
	47


	0
	14
	1
	43
	2
	6
	3
	15


	0
	44
	1
	33
	2
	33
	3
	15


	0
	38
	1
	32
	2
	11
	3
	12


	0
	21
	1
	31
	2
	13
	3
	12


	0
	8
	1
	45
	2
	30
	3
	47


	0
	48
	1
	49
	2
	11
	3
	20


	0
	27
	1
	34
	2
	5
	3
	14


	0
	38
	1
	36
	2
	12
	3
	21


	0
	25
	1
	22
	2
	20
	3
	6


	0
	40
	1
	24
	2
	32
	3
	33


	0
	39
	1
	28
	2
	22
	3
	29


	0
	19
	1
	28
	2
	38
	3
	35


	0
	9
	1
	49
	2
	40
	3
	13


	0
	8
	1
	36
	2
	33
	3
	42


	0
	39
	1
	8
	2
	48
	3
	12


	0
	10
	1
	40
	2
	17
	3
	23


	0
	47
	1
	32
	2
	15
	3
	28

