20
8
4

	0
	5
	1
	37
	2
	25
	3
	19
	4
	25
	5
	27
	6
	34
	7
	8


	0
	8
	1
	17
	2
	13
	3
	41
	4
	25
	5
	44
	6
	9
	7
	47


	0
	29
	1
	34
	2
	17
	3
	30
	4
	12
	5
	35
	6
	20
	7
	32


	0
	33
	1
	7
	2
	36
	3
	30
	4
	25
	5
	31
	6
	29
	7
	11


	0
	23
	1
	24
	2
	49
	3
	20
	4
	48
	5
	29
	6
	22
	7
	13


	0
	23
	1
	19
	2
	24
	3
	44
	4
	28
	5
	41
	6
	19
	7
	19


	0
	37
	1
	49
	2
	44
	3
	14
	4
	5
	5
	34
	6
	21
	7
	39


	0
	20
	1
	26
	2
	21
	3
	17
	4
	31
	5
	13
	6
	7
	7
	16


	0
	9
	1
	8
	2
	49
	3
	13
	4
	27
	5
	6
	6
	6
	7
	22


	0
	35
	1
	9
	2
	9
	3
	49
	4
	19
	5
	35
	6
	36
	7
	15


	0
	26
	1
	10
	2
	22
	3
	10
	4
	30
	5
	24
	6
	23
	7
	32


	0
	12
	1
	23
	2
	24
	3
	49
	4
	34
	5
	22
	6
	33
	7
	27


	0
	9
	1
	12
	2
	16
	3
	7
	4
	8
	5
	30
	6
	20
	7
	31


	0
	12
	1
	17
	2
	47
	3
	25
	4
	44
	5
	24
	6
	30
	7
	30


	0
	48
	1
	43
	2
	45
	3
	37
	4
	49
	5
	33
	6
	33
	7
	9


	0
	16
	1
	40
	2
	20
	3
	19
	4
	18
	5
	40
	6
	32
	7
	45


	0
	17
	1
	34
	2
	8
	3
	31
	4
	38
	5
	5
	6
	46
	7
	27


	0
	36
	1
	10
	2
	27
	3
	10
	4
	12
	5
	17
	6
	29
	7
	16


	0
	46
	1
	36
	2
	42
	3
	11
	4
	9
	5
	13
	6
	46
	7
	12


	0
	12
	1
	8
	2
	9
	3
	28
	4
	46
	5
	36
	6
	20
	7
	34

