20
4
4

	0
	47
	1
	46
	2
	42
	3
	10


	0
	40
	1
	29
	2
	44
	3
	32


	0
	47
	1
	10
	2
	42
	3
	35


	0
	36
	1
	10
	2
	40
	3
	25


	0
	12
	1
	8
	2
	12
	3
	30


	0
	32
	1
	20
	2
	36
	3
	35


	0
	32
	1
	33
	2
	40
	3
	18


	0
	37
	1
	43
	2
	20
	3
	5


	0
	48
	1
	19
	2
	5
	3
	12


	0
	45
	1
	7
	2
	17
	3
	48


	0
	40
	1
	49
	2
	27
	3
	36


	0
	24
	1
	31
	2
	48
	3
	29


	0
	14
	1
	12
	2
	18
	3
	43


	0
	25
	1
	12
	2
	15
	3
	32


	0
	29
	1
	7
	2
	44
	3
	12


	0
	33
	1
	47
	2
	47
	3
	15


	0
	24
	1
	19
	2
	13
	3
	49


	0
	11
	1
	43
	2
	21
	3
	26


	0
	47
	1
	5
	2
	19
	3
	49


	0
	47
	1
	28
	2
	35
	3
	40

