20
8
2

	0
	38
	1
	37
	2
	15
	3
	39
	4
	44
	5
	19
	6
	47
	7
	33


	0
	12
	1
	6
	2
	10
	3
	39
	4
	5
	5
	21
	6
	6
	7
	25


	0
	38
	1
	24
	2
	40
	3
	39
	4
	31
	5
	7
	6
	31
	7
	6


	0
	6
	1
	37
	2
	29
	3
	32
	4
	39
	5
	11
	6
	48
	7
	42


	0
	45
	1
	47
	2
	48
	3
	9
	4
	9
	5
	23
	6
	22
	7
	32


	0
	17
	1
	45
	2
	12
	3
	20
	4
	36
	5
	28
	6
	17
	7
	18


	0
	5
	1
	47
	2
	18
	3
	12
	4
	37
	5
	19
	6
	19
	7
	26


	0
	18
	1
	24
	2
	20
	3
	42
	4
	12
	5
	19
	6
	36
	7
	47


	0
	15
	1
	33
	2
	33
	3
	37
	4
	11
	5
	34
	6
	27
	7
	45


	0
	35
	1
	44
	2
	40
	3
	43
	4
	32
	5
	12
	6
	16
	7
	8


	0
	33
	1
	46
	2
	11
	3
	23
	4
	28
	5
	16
	6
	15
	7
	27


	0
	17
	1
	46
	2
	17
	3
	18
	4
	26
	5
	8
	6
	15
	7
	20


	0
	27
	1
	17
	2
	39
	3
	44
	4
	39
	5
	48
	6
	15
	7
	9


	0
	13
	1
	19
	2
	15
	3
	46
	4
	41
	5
	6
	6
	35
	7
	9


	0
	7
	1
	14
	2
	20
	3
	44
	4
	49
	5
	10
	6
	17
	7
	17


	0
	18
	1
	49
	2
	32
	3
	29
	4
	41
	5
	7
	6
	41
	7
	49


	0
	35
	1
	29
	2
	47
	3
	17
	4
	47
	5
	25
	6
	22
	7
	28


	0
	31
	1
	18
	2
	27
	3
	21
	4
	43
	5
	9
	6
	13
	7
	10


	0
	6
	1
	41
	2
	39
	3
	14
	4
	23
	5
	22
	6
	47
	7
	20


	0
	30
	1
	11
	2
	46
	3
	20
	4
	15
	5
	44
	6
	33
	7
	47

