20
4
5

	0
	14
	1
	5
	2
	9
	3
	5


	0
	36
	1
	46
	2
	41
	3
	36


	0
	40
	1
	21
	2
	23
	3
	17


	0
	43
	1
	38
	2
	9
	3
	8


	0
	48
	1
	9
	2
	30
	3
	42


	0
	23
	1
	30
	2
	34
	3
	6


	0
	8
	1
	14
	2
	41
	3
	9


	0
	5
	1
	44
	2
	42
	3
	18


	0
	23
	1
	10
	2
	28
	3
	6


	0
	18
	1
	16
	2
	20
	3
	19


	0
	7
	1
	30
	2
	13
	3
	26


	0
	45
	1
	30
	2
	13
	3
	42


	0
	48
	1
	42
	2
	41
	3
	17


	0
	7
	1
	43
	2
	13
	3
	6


	0
	44
	1
	21
	2
	20
	3
	41


	0
	11
	1
	34
	2
	11
	3
	28


	0
	7
	1
	9
	2
	47
	3
	27


	0
	41
	1
	44
	2
	5
	3
	11


	0
	16
	1
	23
	2
	26
	3
	46


	0
	10
	1
	9
	2
	47
	3
	17

