20
4
2

	0
	41
	1
	9
	2
	43
	3
	14


	0
	31
	1
	7
	2
	5
	3
	47


	0
	38
	1
	36
	2
	17
	3
	21


	0
	45
	1
	37
	2
	8
	3
	33


	0
	25
	1
	14
	2
	31
	3
	44


	0
	27
	1
	34
	2
	13
	3
	41


	0
	27
	1
	14
	2
	12
	3
	47


	0
	15
	1
	14
	2
	11
	3
	35


	0
	30
	1
	43
	2
	22
	3
	7


	0
	44
	1
	6
	2
	8
	3
	47


	0
	39
	1
	13
	2
	24
	3
	41


	0
	6
	1
	9
	2
	48
	3
	22


	0
	24
	1
	11
	2
	42
	3
	38


	0
	14
	1
	6
	2
	19
	3
	22


	0
	47
	1
	24
	2
	27
	3
	14


	0
	31
	1
	46
	2
	24
	3
	42


	0
	48
	1
	22
	2
	25
	3
	33


	0
	28
	1
	37
	2
	34
	3
	38


	0
	48
	1
	32
	2
	14
	3
	39


	0
	6
	1
	36
	2
	5
	3
	6

