20
4
3

	0
	25
	1
	21
	2
	15
	3
	40


	0
	29
	1
	13
	2
	39
	3
	37


	0
	34
	1
	14
	2
	7
	3
	49


	0
	13
	1
	23
	2
	22
	3
	5


	0
	8
	1
	46
	2
	28
	3
	6


	0
	6
	1
	35
	2
	6
	3
	9


	0
	13
	1
	45
	2
	7
	3
	11


	0
	9
	1
	40
	2
	6
	3
	42


	0
	5
	1
	40
	2
	28
	3
	28


	0
	19
	1
	37
	2
	14
	3
	22


	0
	27
	1
	28
	2
	35
	3
	33


	0
	10
	1
	20
	2
	10
	3
	23


	0
	43
	1
	38
	2
	18
	3
	43


	0
	33
	1
	47
	2
	28
	3
	17


	0
	17
	1
	35
	2
	25
	3
	20


	0
	35
	1
	29
	2
	42
	3
	32


	0
	40
	1
	45
	2
	40
	3
	38


	0
	36
	1
	12
	2
	10
	3
	7


	0
	45
	1
	36
	2
	12
	3
	15


	0
	30
	1
	40
	2
	20
	3
	42

