20
4
3

	0
	49
	1
	44
	2
	12
	3
	39


	0
	10
	1
	16
	2
	48
	3
	26


	0
	24
	1
	5
	2
	48
	3
	14


	0
	38
	1
	30
	2
	12
	3
	29


	0
	46
	1
	33
	2
	13
	3
	36


	0
	37
	1
	49
	2
	14
	3
	16


	0
	40
	1
	37
	2
	41
	3
	6


	0
	16
	1
	34
	2
	26
	3
	7


	0
	5
	1
	48
	2
	5
	3
	25


	0
	29
	1
	48
	2
	6
	3
	42


	0
	6
	1
	21
	2
	6
	3
	49


	0
	47
	1
	16
	2
	24
	3
	41


	0
	43
	1
	39
	2
	30
	3
	44


	0
	48
	1
	33
	2
	39
	3
	43


	0
	31
	1
	9
	2
	28
	3
	36


	0
	6
	1
	18
	2
	27
	3
	7


	0
	16
	1
	26
	2
	21
	3
	19


	0
	10
	1
	7
	2
	43
	3
	35


	0
	24
	1
	39
	2
	10
	3
	32


	0
	14
	1
	26
	2
	45
	3
	48

