20
8
5

	0
	16
	1
	38
	2
	49
	3
	22
	4
	43
	5
	24
	6
	26
	7
	20


	0
	41
	1
	41
	2
	23
	3
	10
	4
	45
	5
	21
	6
	39
	7
	40


	0
	48
	1
	40
	2
	36
	3
	16
	4
	19
	5
	34
	6
	29
	7
	31


	0
	30
	1
	37
	2
	43
	3
	38
	4
	16
	5
	35
	6
	25
	7
	35


	0
	43
	1
	14
	2
	23
	3
	15
	4
	26
	5
	36
	6
	16
	7
	8


	0
	7
	1
	49
	2
	6
	3
	26
	4
	21
	5
	43
	6
	26
	7
	7


	0
	37
	1
	41
	2
	9
	3
	8
	4
	48
	5
	48
	6
	24
	7
	34


	0
	14
	1
	18
	2
	35
	3
	42
	4
	19
	5
	15
	6
	18
	7
	30


	0
	39
	1
	38
	2
	14
	3
	21
	4
	45
	5
	21
	6
	34
	7
	34


	0
	17
	1
	24
	2
	36
	3
	46
	4
	45
	5
	32
	6
	36
	7
	46


	0
	23
	1
	33
	2
	28
	3
	42
	4
	36
	5
	13
	6
	42
	7
	8


	0
	5
	1
	10
	2
	47
	3
	20
	4
	42
	5
	16
	6
	40
	7
	39


	0
	18
	1
	12
	2
	43
	3
	17
	4
	48
	5
	14
	6
	30
	7
	29


	0
	23
	1
	34
	2
	13
	3
	12
	4
	38
	5
	23
	6
	43
	7
	14


	0
	26
	1
	47
	2
	32
	3
	22
	4
	11
	5
	34
	6
	5
	7
	30


	0
	14
	1
	6
	2
	13
	3
	10
	4
	46
	5
	25
	6
	9
	7
	23


	0
	19
	1
	9
	2
	31
	3
	9
	4
	21
	5
	46
	6
	49
	7
	35


	0
	30
	1
	44
	2
	32
	3
	33
	4
	37
	5
	26
	6
	31
	7
	8


	0
	15
	1
	37
	2
	19
	3
	17
	4
	28
	5
	16
	6
	33
	7
	33


	0
	29
	1
	32
	2
	13
	3
	49
	4
	14
	5
	41
	6
	12
	7
	37

