20
16
3

	0
	6
	1
	36
	2
	13
	3
	32
	4
	17
	5
	30
	6
	21
	7
	34
	8
	5
	9
	43
	10
	22
	11
	30
	12
	21
	13
	36
	14
	30
	15
	25


	0
	10
	1
	35
	2
	19
	3
	27
	4
	37
	5
	38
	6
	5
	7
	22
	8
	44
	9
	35
	10
	43
	11
	44
	12
	14
	13
	29
	14
	9
	15
	26


	0
	27
	1
	43
	2
	20
	3
	10
	4
	49
	5
	28
	6
	8
	7
	46
	8
	32
	9
	12
	10
	18
	11
	35
	12
	33
	13
	23
	14
	15
	15
	35


	0
	37
	1
	49
	2
	15
	3
	9
	4
	20
	5
	5
	6
	41
	7
	13
	8
	10
	9
	35
	10
	25
	11
	23
	12
	7
	13
	36
	14
	5
	15
	39


	0
	35
	1
	16
	2
	49
	3
	22
	4
	26
	5
	18
	6
	36
	7
	10
	8
	48
	9
	47
	10
	44
	11
	25
	12
	44
	13
	9
	14
	23
	15
	47


	0
	31
	1
	12
	2
	17
	3
	33
	4
	18
	5
	16
	6
	36
	7
	46
	8
	25
	9
	41
	10
	13
	11
	30
	12
	24
	13
	23
	14
	44
	15
	21


	0
	33
	1
	20
	2
	22
	3
	46
	4
	42
	5
	49
	6
	36
	7
	27
	8
	49
	9
	6
	10
	37
	11
	49
	12
	35
	13
	14
	14
	35
	15
	37


	0
	44
	1
	13
	2
	8
	3
	13
	4
	6
	5
	21
	6
	49
	7
	25
	8
	10
	9
	5
	10
	29
	11
	30
	12
	28
	13
	31
	14
	39
	15
	7


	0
	43
	1
	35
	2
	26
	3
	19
	4
	28
	5
	43
	6
	10
	7
	20
	8
	10
	9
	46
	10
	29
	11
	41
	12
	43
	13
	33
	14
	9
	15
	41


	0
	45
	1
	48
	2
	14
	3
	27
	4
	9
	5
	15
	6
	39
	7
	26
	8
	13
	9
	11
	10
	43
	11
	28
	12
	16
	13
	17
	14
	42
	15
	47


	0
	44
	1
	7
	2
	19
	3
	37
	4
	11
	5
	12
	6
	7
	7
	38
	8
	22
	9
	38
	10
	24
	11
	24
	12
	20
	13
	28
	14
	31
	15
	46


	0
	19
	1
	23
	2
	30
	3
	17
	4
	8
	5
	8
	6
	11
	7
	15
	8
	18
	9
	48
	10
	15
	11
	8
	12
	28
	13
	16
	14
	49
	15
	31


	0
	11
	1
	29
	2
	41
	3
	11
	4
	45
	5
	19
	6
	20
	7
	28
	8
	15
	9
	28
	10
	16
	11
	33
	12
	45
	13
	17
	14
	41
	15
	25


	0
	9
	1
	18
	2
	7
	3
	36
	4
	36
	5
	35
	6
	20
	7
	14
	8
	44
	9
	46
	10
	34
	11
	39
	12
	40
	13
	6
	14
	26
	15
	13


	0
	16
	1
	25
	2
	6
	3
	11
	4
	31
	5
	44
	6
	15
	7
	14
	8
	7
	9
	8
	10
	5
	11
	36
	12
	6
	13
	22
	14
	21
	15
	9


	0
	44
	1
	9
	2
	29
	3
	42
	4
	8
	5
	29
	6
	48
	7
	46
	8
	34
	9
	9
	10
	20
	11
	5
	12
	21
	13
	38
	14
	5
	15
	6


	0
	18
	1
	22
	2
	19
	3
	12
	4
	10
	5
	28
	6
	13
	7
	45
	8
	22
	9
	47
	10
	37
	11
	42
	12
	27
	13
	32
	14
	13
	15
	46


	0
	36
	1
	46
	2
	14
	3
	28
	4
	36
	5
	49
	6
	14
	7
	14
	8
	15
	9
	15
	10
	45
	11
	24
	12
	8
	13
	23
	14
	20
	15
	38


	0
	34
	1
	10
	2
	7
	3
	30
	4
	36
	5
	46
	6
	8
	7
	42
	8
	33
	9
	17
	10
	44
	11
	39
	12
	20
	13
	24
	14
	19
	15
	31


	0
	23
	1
	44
	2
	16
	3
	24
	4
	37
	5
	6
	6
	40
	7
	32
	8
	30
	9
	10
	10
	30
	11
	13
	12
	40
	13
	43
	14
	17
	15
	46

