20
4
4

	0
	17
	1
	24
	2
	14
	3
	20


	0
	31
	1
	42
	2
	14
	3
	47


	0
	43
	1
	17
	2
	43
	3
	28


	0
	19
	1
	39
	2
	43
	3
	10


	0
	7
	1
	15
	2
	39
	3
	31


	0
	49
	1
	6
	2
	39
	3
	46


	0
	25
	1
	18
	2
	14
	3
	39


	0
	43
	1
	33
	2
	49
	3
	19


	0
	34
	1
	30
	2
	20
	3
	26


	0
	18
	1
	38
	2
	12
	3
	43


	0
	32
	1
	29
	2
	27
	3
	21


	0
	47
	1
	31
	2
	25
	3
	19


	0
	27
	1
	21
	2
	19
	3
	40


	0
	12
	1
	44
	2
	38
	3
	24


	0
	10
	1
	43
	2
	23
	3
	18


	0
	24
	1
	48
	2
	42
	3
	19


	0
	39
	1
	34
	2
	47
	3
	45


	0
	16
	1
	19
	2
	5
	3
	45


	0
	16
	1
	26
	2
	42
	3
	38


	0
	28
	1
	38
	2
	17
	3
	13

