20
8
4

	0
	5
	1
	41
	2
	23
	3
	44
	4
	21
	5
	28
	6
	45
	7
	38


	0
	16
	1
	6
	2
	36
	3
	6
	4
	34
	5
	9
	6
	8
	7
	13


	0
	30
	1
	40
	2
	19
	3
	15
	4
	45
	5
	34
	6
	25
	7
	20


	0
	6
	1
	34
	2
	40
	3
	19
	4
	7
	5
	48
	6
	26
	7
	20


	0
	17
	1
	9
	2
	5
	3
	21
	4
	15
	5
	21
	6
	7
	7
	29


	0
	18
	1
	39
	2
	42
	3
	34
	4
	17
	5
	46
	6
	28
	7
	11


	0
	28
	1
	22
	2
	15
	3
	13
	4
	42
	5
	48
	6
	16
	7
	28


	0
	8
	1
	19
	2
	43
	3
	15
	4
	42
	5
	45
	6
	45
	7
	16


	0
	24
	1
	23
	2
	9
	3
	17
	4
	23
	5
	35
	6
	25
	7
	39


	0
	44
	1
	44
	2
	6
	3
	21
	4
	41
	5
	14
	6
	49
	7
	19


	0
	35
	1
	23
	2
	20
	3
	18
	4
	21
	5
	34
	6
	35
	7
	49


	0
	16
	1
	38
	2
	18
	3
	36
	4
	27
	5
	38
	6
	48
	7
	16


	0
	8
	1
	11
	2
	24
	3
	15
	4
	8
	5
	42
	6
	41
	7
	14


	0
	35
	1
	28
	2
	7
	3
	24
	4
	8
	5
	14
	6
	21
	7
	46


	0
	40
	1
	15
	2
	48
	3
	46
	4
	25
	5
	9
	6
	17
	7
	41


	0
	46
	1
	45
	2
	10
	3
	14
	4
	11
	5
	40
	6
	40
	7
	43


	0
	9
	1
	22
	2
	49
	3
	10
	4
	11
	5
	39
	6
	31
	7
	13


	0
	11
	1
	13
	2
	34
	3
	26
	4
	25
	5
	45
	6
	40
	7
	39


	0
	49
	1
	42
	2
	29
	3
	40
	4
	19
	5
	21
	6
	32
	7
	36


	0
	42
	1
	17
	2
	34
	3
	6
	4
	14
	5
	26
	6
	14
	7
	14

