20
8
2

	0
	22
	1
	20
	2
	18
	3
	10
	4
	30
	5
	38
	6
	13
	7
	29


	0
	6
	1
	35
	2
	19
	3
	34
	4
	27
	5
	18
	6
	22
	7
	44


	0
	36
	1
	34
	2
	32
	3
	16
	4
	20
	5
	43
	6
	49
	7
	15


	0
	45
	1
	34
	2
	18
	3
	40
	4
	43
	5
	36
	6
	20
	7
	14


	0
	8
	1
	45
	2
	5
	3
	18
	4
	25
	5
	30
	6
	39
	7
	16


	0
	20
	1
	20
	2
	42
	3
	8
	4
	32
	5
	44
	6
	40
	7
	24


	0
	39
	1
	41
	2
	32
	3
	6
	4
	27
	5
	20
	6
	42
	7
	18


	0
	33
	1
	31
	2
	21
	3
	18
	4
	26
	5
	38
	6
	47
	7
	9


	0
	43
	1
	18
	2
	22
	3
	25
	4
	14
	5
	29
	6
	37
	7
	27


	0
	13
	1
	29
	2
	28
	3
	37
	4
	5
	5
	5
	6
	32
	7
	38


	0
	34
	1
	39
	2
	16
	3
	28
	4
	38
	5
	19
	6
	21
	7
	19


	0
	18
	1
	18
	2
	37
	3
	23
	4
	37
	5
	12
	6
	13
	7
	33


	0
	25
	1
	32
	2
	48
	3
	11
	4
	20
	5
	10
	6
	34
	7
	18


	0
	27
	1
	43
	2
	42
	3
	21
	4
	6
	5
	11
	6
	49
	7
	20


	0
	5
	1
	7
	2
	43
	3
	21
	4
	20
	5
	6
	6
	38
	7
	42


	0
	36
	1
	14
	2
	49
	3
	48
	4
	40
	5
	9
	6
	41
	7
	10


	0
	30
	1
	9
	2
	15
	3
	22
	4
	30
	5
	16
	6
	17
	7
	5


	0
	31
	1
	37
	2
	47
	3
	16
	4
	19
	5
	44
	6
	30
	7
	23


	0
	15
	1
	27
	2
	22
	3
	21
	4
	32
	5
	37
	6
	44
	7
	24


	0
	38
	1
	23
	2
	5
	3
	44
	4
	26
	5
	15
	6
	31
	7
	38

