20
16
3

	0
	17
	1
	47
	2
	5
	3
	12
	4
	33
	5
	28
	6
	36
	7
	39
	8
	37
	9
	18
	10
	26
	11
	32
	12
	25
	13
	39
	14
	30
	15
	47


	0
	31
	1
	32
	2
	34
	3
	40
	4
	28
	5
	35
	6
	20
	7
	6
	8
	21
	9
	13
	10
	37
	11
	19
	12
	6
	13
	24
	14
	29
	15
	17


	0
	24
	1
	42
	2
	15
	3
	30
	4
	42
	5
	19
	6
	29
	7
	13
	8
	49
	9
	36
	10
	10
	11
	5
	12
	44
	13
	35
	14
	7
	15
	29


	0
	42
	1
	23
	2
	7
	3
	36
	4
	33
	5
	17
	6
	17
	7
	22
	8
	31
	9
	22
	10
	23
	11
	34
	12
	8
	13
	26
	14
	17
	15
	24


	0
	41
	1
	39
	2
	5
	3
	16
	4
	48
	5
	31
	6
	43
	7
	23
	8
	37
	9
	41
	10
	16
	11
	35
	12
	36
	13
	36
	14
	22
	15
	6


	0
	39
	1
	38
	2
	38
	3
	41
	4
	41
	5
	49
	6
	35
	7
	30
	8
	27
	9
	42
	10
	33
	11
	31
	12
	6
	13
	44
	14
	34
	15
	23


	0
	43
	1
	13
	2
	47
	3
	21
	4
	29
	5
	42
	6
	32
	7
	21
	8
	41
	9
	6
	10
	11
	11
	6
	12
	14
	13
	45
	14
	6
	15
	27


	0
	28
	1
	15
	2
	43
	3
	42
	4
	10
	5
	14
	6
	30
	7
	37
	8
	40
	9
	49
	10
	31
	11
	22
	12
	20
	13
	24
	14
	16
	15
	48


	0
	34
	1
	24
	2
	34
	3
	5
	4
	39
	5
	21
	6
	29
	7
	48
	8
	37
	9
	22
	10
	37
	11
	14
	12
	29
	13
	44
	14
	43
	15
	8


	0
	32
	1
	45
	2
	26
	3
	5
	4
	8
	5
	24
	6
	12
	7
	12
	8
	45
	9
	11
	10
	16
	11
	7
	12
	43
	13
	29
	14
	47
	15
	10


	0
	23
	1
	34
	2
	16
	3
	47
	4
	36
	5
	19
	6
	8
	7
	30
	8
	46
	9
	32
	10
	36
	11
	44
	12
	30
	13
	11
	14
	26
	15
	17


	0
	39
	1
	15
	2
	14
	3
	26
	4
	48
	5
	15
	6
	12
	7
	42
	8
	25
	9
	39
	10
	46
	11
	17
	12
	29
	13
	31
	14
	46
	15
	18


	0
	38
	1
	34
	2
	9
	3
	9
	4
	37
	5
	45
	6
	31
	7
	27
	8
	41
	9
	15
	10
	26
	11
	47
	12
	47
	13
	20
	14
	38
	15
	40


	0
	27
	1
	5
	2
	15
	3
	45
	4
	42
	5
	9
	6
	31
	7
	17
	8
	10
	9
	34
	10
	8
	11
	43
	12
	26
	13
	23
	14
	11
	15
	10


	0
	15
	1
	46
	2
	25
	3
	16
	4
	26
	5
	31
	6
	47
	7
	45
	8
	14
	9
	35
	10
	22
	11
	35
	12
	46
	13
	5
	14
	44
	15
	30


	0
	9
	1
	32
	2
	41
	3
	5
	4
	28
	5
	48
	6
	23
	7
	43
	8
	44
	9
	10
	10
	48
	11
	27
	12
	30
	13
	46
	14
	26
	15
	14


	0
	43
	1
	41
	2
	20
	3
	47
	4
	9
	5
	43
	6
	6
	7
	29
	8
	29
	9
	34
	10
	20
	11
	16
	12
	7
	13
	11
	14
	22
	15
	45


	0
	32
	1
	28
	2
	49
	3
	9
	4
	32
	5
	34
	6
	9
	7
	46
	8
	17
	9
	5
	10
	15
	11
	41
	12
	15
	13
	19
	14
	29
	15
	49


	0
	31
	1
	27
	2
	34
	3
	11
	4
	31
	5
	39
	6
	12
	7
	47
	8
	28
	9
	7
	10
	47
	11
	19
	12
	26
	13
	30
	14
	34
	15
	12


	0
	16
	1
	15
	2
	16
	3
	9
	4
	28
	5
	32
	6
	10
	7
	14
	8
	29
	9
	10
	10
	22
	11
	45
	12
	31
	13
	48
	14
	26
	15
	28

