20
16
2

	0
	49
	1
	11
	2
	9
	3
	24
	4
	33
	5
	35
	6
	10
	7
	14
	8
	37
	9
	39
	10
	6
	11
	11
	12
	34
	13
	38
	14
	49
	15
	42


	0
	41
	1
	36
	2
	39
	3
	17
	4
	15
	5
	42
	6
	13
	7
	34
	8
	45
	9
	31
	10
	44
	11
	28
	12
	11
	13
	10
	14
	13
	15
	35


	0
	35
	1
	26
	2
	24
	3
	28
	4
	43
	5
	36
	6
	41
	7
	34
	8
	39
	9
	31
	10
	18
	11
	31
	12
	41
	13
	23
	14
	10
	15
	18


	0
	18
	1
	10
	2
	44
	3
	35
	4
	46
	5
	33
	6
	30
	7
	11
	8
	38
	9
	46
	10
	12
	11
	43
	12
	22
	13
	29
	14
	25
	15
	39


	0
	8
	1
	45
	2
	25
	3
	39
	4
	43
	5
	32
	6
	38
	7
	11
	8
	20
	9
	34
	10
	37
	11
	22
	12
	9
	13
	20
	14
	21
	15
	44


	0
	27
	1
	19
	2
	39
	3
	20
	4
	41
	5
	22
	6
	25
	7
	46
	8
	30
	9
	9
	10
	6
	11
	45
	12
	13
	13
	10
	14
	8
	15
	27


	0
	8
	1
	40
	2
	8
	3
	35
	4
	37
	5
	11
	6
	30
	7
	9
	8
	9
	9
	33
	10
	7
	11
	49
	12
	42
	13
	44
	14
	14
	15
	30


	0
	5
	1
	46
	2
	41
	3
	18
	4
	29
	5
	33
	6
	28
	7
	36
	8
	39
	9
	13
	10
	8
	11
	15
	12
	46
	13
	47
	14
	25
	15
	34


	0
	36
	1
	39
	2
	31
	3
	35
	4
	7
	5
	30
	6
	35
	7
	49
	8
	37
	9
	21
	10
	45
	11
	21
	12
	16
	13
	24
	14
	33
	15
	25


	0
	21
	1
	13
	2
	42
	3
	28
	4
	43
	5
	32
	6
	35
	7
	20
	8
	16
	9
	15
	10
	34
	11
	40
	12
	17
	13
	13
	14
	23
	15
	12


	0
	10
	1
	24
	2
	30
	3
	8
	4
	18
	5
	19
	6
	33
	7
	37
	8
	32
	9
	41
	10
	17
	11
	31
	12
	46
	13
	16
	14
	48
	15
	12


	0
	15
	1
	6
	2
	37
	3
	20
	4
	48
	5
	21
	6
	35
	7
	9
	8
	49
	9
	28
	10
	44
	11
	22
	12
	22
	13
	25
	14
	48
	15
	48


	0
	32
	1
	15
	2
	46
	3
	37
	4
	41
	5
	49
	6
	25
	7
	10
	8
	6
	9
	49
	10
	23
	11
	44
	12
	40
	13
	34
	14
	28
	15
	20


	0
	20
	1
	7
	2
	11
	3
	10
	4
	47
	5
	35
	6
	25
	7
	17
	8
	22
	9
	48
	10
	37
	11
	14
	12
	21
	13
	18
	14
	33
	15
	42


	0
	26
	1
	15
	2
	27
	3
	20
	4
	16
	5
	31
	6
	30
	7
	37
	8
	38
	9
	45
	10
	34
	11
	16
	12
	10
	13
	23
	14
	43
	15
	43


	0
	37
	1
	46
	2
	14
	3
	9
	4
	32
	5
	7
	6
	8
	7
	29
	8
	44
	9
	10
	10
	22
	11
	6
	12
	41
	13
	5
	14
	36
	15
	18


	0
	46
	1
	9
	2
	29
	3
	15
	4
	36
	5
	12
	6
	16
	7
	32
	8
	37
	9
	37
	10
	35
	11
	14
	12
	46
	13
	9
	14
	9
	15
	13


	0
	7
	1
	27
	2
	8
	3
	47
	4
	30
	5
	41
	6
	46
	7
	41
	8
	23
	9
	19
	10
	28
	11
	17
	12
	24
	13
	32
	14
	10
	15
	49


	0
	43
	1
	31
	2
	36
	3
	35
	4
	13
	5
	14
	6
	30
	7
	14
	8
	47
	9
	11
	10
	41
	11
	18
	12
	23
	13
	8
	14
	18
	15
	22


	0
	29
	1
	49
	2
	47
	3
	11
	4
	12
	5
	11
	6
	28
	7
	21
	8
	37
	9
	9
	10
	13
	11
	12
	12
	8
	13
	30
	14
	44
	15
	32

