20
4
3

	0
	44
	1
	8
	2
	19
	3
	17


	0
	44
	1
	41
	2
	7
	3
	6


	0
	42
	1
	20
	2
	26
	3
	49


	0
	26
	1
	16
	2
	20
	3
	12


	0
	44
	1
	6
	2
	37
	3
	8


	0
	32
	1
	14
	2
	24
	3
	36


	0
	42
	1
	41
	2
	16
	3
	33


	0
	20
	1
	27
	2
	48
	3
	18


	0
	5
	1
	16
	2
	24
	3
	5


	0
	34
	1
	21
	2
	47
	3
	36


	0
	31
	1
	29
	2
	24
	3
	48


	0
	25
	1
	34
	2
	46
	3
	46


	0
	6
	1
	24
	2
	41
	3
	41


	0
	41
	1
	25
	2
	13
	3
	35


	0
	22
	1
	48
	2
	23
	3
	39


	0
	5
	1
	8
	2
	24
	3
	21


	0
	34
	1
	16
	2
	34
	3
	42


	0
	31
	1
	24
	2
	44
	3
	14


	0
	45
	1
	28
	2
	9
	3
	27


	0
	16
	1
	20
	2
	19
	3
	24

