20
16
3

	0
	19
	1
	39
	2
	10
	3
	20
	4
	49
	5
	15
	6
	41
	7
	41
	8
	25
	9
	40
	10
	21
	11
	15
	12
	28
	13
	45
	14
	10
	15
	23


	0
	18
	1
	45
	2
	47
	3
	48
	4
	31
	5
	36
	6
	15
	7
	31
	8
	30
	9
	17
	10
	16
	11
	14
	12
	16
	13
	24
	14
	40
	15
	29


	0
	30
	1
	47
	2
	20
	3
	30
	4
	32
	5
	14
	6
	43
	7
	47
	8
	6
	9
	18
	10
	49
	11
	6
	12
	26
	13
	46
	14
	44
	15
	17


	0
	32
	1
	25
	2
	21
	3
	42
	4
	8
	5
	46
	6
	7
	7
	43
	8
	10
	9
	32
	10
	48
	11
	24
	12
	46
	13
	31
	14
	12
	15
	23


	0
	41
	1
	38
	2
	16
	3
	19
	4
	44
	5
	38
	6
	31
	7
	33
	8
	41
	9
	11
	10
	7
	11
	7
	12
	40
	13
	46
	14
	45
	15
	23


	0
	9
	1
	43
	2
	7
	3
	46
	4
	8
	5
	23
	6
	42
	7
	10
	8
	34
	9
	11
	10
	48
	11
	5
	12
	27
	13
	41
	14
	23
	15
	7


	0
	41
	1
	13
	2
	23
	3
	11
	4
	33
	5
	30
	6
	37
	7
	6
	8
	32
	9
	38
	10
	48
	11
	9
	12
	11
	13
	25
	14
	24
	15
	10


	0
	14
	1
	9
	2
	35
	3
	40
	4
	34
	5
	42
	6
	37
	7
	31
	8
	40
	9
	38
	10
	44
	11
	5
	12
	35
	13
	30
	14
	22
	15
	46


	0
	37
	1
	17
	2
	35
	3
	31
	4
	48
	5
	48
	6
	8
	7
	27
	8
	14
	9
	12
	10
	21
	11
	41
	12
	12
	13
	27
	14
	47
	15
	20


	0
	44
	1
	35
	2
	26
	3
	37
	4
	5
	5
	16
	6
	6
	7
	29
	8
	8
	9
	26
	10
	48
	11
	34
	12
	16
	13
	34
	14
	37
	15
	40


	0
	28
	1
	21
	2
	47
	3
	33
	4
	36
	5
	19
	6
	14
	7
	48
	8
	48
	9
	18
	10
	18
	11
	29
	12
	16
	13
	47
	14
	41
	15
	41


	0
	8
	1
	16
	2
	9
	3
	42
	4
	47
	5
	9
	6
	13
	7
	48
	8
	9
	9
	46
	10
	34
	11
	18
	12
	48
	13
	8
	14
	37
	15
	28


	0
	48
	1
	9
	2
	36
	3
	32
	4
	30
	5
	16
	6
	16
	7
	25
	8
	45
	9
	21
	10
	43
	11
	29
	12
	38
	13
	31
	14
	28
	15
	44


	0
	25
	1
	5
	2
	46
	3
	34
	4
	14
	5
	45
	6
	28
	7
	25
	8
	23
	9
	27
	10
	19
	11
	10
	12
	21
	13
	46
	14
	10
	15
	40


	0
	19
	1
	5
	2
	17
	3
	38
	4
	9
	5
	44
	6
	22
	7
	8
	8
	16
	9
	41
	10
	30
	11
	18
	12
	9
	13
	27
	14
	29
	15
	45


	0
	23
	1
	41
	2
	46
	3
	11
	4
	40
	5
	14
	6
	39
	7
	12
	8
	10
	9
	15
	10
	13
	11
	27
	12
	45
	13
	36
	14
	15
	15
	23


	0
	10
	1
	32
	2
	26
	3
	40
	4
	20
	5
	11
	6
	13
	7
	34
	8
	15
	9
	29
	10
	22
	11
	48
	12
	21
	13
	49
	14
	49
	15
	40


	0
	38
	1
	28
	2
	6
	3
	22
	4
	42
	5
	16
	6
	20
	7
	35
	8
	38
	9
	18
	10
	31
	11
	8
	12
	10
	13
	15
	14
	7
	15
	35


	0
	7
	1
	39
	2
	18
	3
	30
	4
	16
	5
	25
	6
	20
	7
	37
	8
	34
	9
	26
	10
	36
	11
	23
	12
	37
	13
	49
	14
	13
	15
	11


	0
	33
	1
	18
	2
	9
	3
	21
	4
	24
	5
	27
	6
	40
	7
	38
	8
	21
	9
	44
	10
	39
	11
	19
	12
	24
	13
	37
	14
	22
	15
	40

