20
16
4

	0
	6
	1
	21
	2
	29
	3
	25
	4
	45
	5
	37
	6
	38
	7
	19
	8
	14
	9
	33
	10
	8
	11
	22
	12
	24
	13
	40
	14
	31
	15
	12


	0
	25
	1
	5
	2
	12
	3
	42
	4
	46
	5
	14
	6
	36
	7
	44
	8
	31
	9
	42
	10
	19
	11
	13
	12
	13
	13
	22
	14
	16
	15
	16


	0
	41
	1
	22
	2
	8
	3
	6
	4
	44
	5
	27
	6
	17
	7
	21
	8
	49
	9
	11
	10
	49
	11
	23
	12
	23
	13
	15
	14
	49
	15
	5


	0
	7
	1
	25
	2
	38
	3
	25
	4
	36
	5
	36
	6
	26
	7
	6
	8
	12
	9
	21
	10
	11
	11
	19
	12
	39
	13
	43
	14
	21
	15
	27


	0
	38
	1
	31
	2
	19
	3
	30
	4
	48
	5
	7
	6
	49
	7
	28
	8
	15
	9
	35
	10
	29
	11
	33
	12
	10
	13
	44
	14
	6
	15
	18


	0
	9
	1
	45
	2
	9
	3
	37
	4
	11
	5
	32
	6
	20
	7
	31
	8
	6
	9
	38
	10
	12
	11
	33
	12
	5
	13
	14
	14
	26
	15
	17


	0
	22
	1
	14
	2
	14
	3
	20
	4
	30
	5
	22
	6
	17
	7
	38
	8
	44
	9
	38
	10
	37
	11
	19
	12
	37
	13
	37
	14
	39
	15
	8


	0
	24
	1
	9
	2
	8
	3
	39
	4
	24
	5
	11
	6
	42
	7
	5
	8
	48
	9
	38
	10
	25
	11
	9
	12
	31
	13
	17
	14
	38
	15
	38


	0
	44
	1
	37
	2
	40
	3
	8
	4
	46
	5
	39
	6
	30
	7
	37
	8
	43
	9
	14
	10
	41
	11
	38
	12
	39
	13
	14
	14
	49
	15
	25


	0
	25
	1
	7
	2
	42
	3
	20
	4
	39
	5
	47
	6
	39
	7
	22
	8
	36
	9
	35
	10
	38
	11
	47
	12
	8
	13
	15
	14
	37
	15
	44


	0
	10
	1
	17
	2
	6
	3
	29
	4
	43
	5
	21
	6
	22
	7
	48
	8
	19
	9
	47
	10
	10
	11
	37
	12
	26
	13
	41
	14
	5
	15
	46


	0
	47
	1
	7
	2
	42
	3
	14
	4
	43
	5
	29
	6
	21
	7
	43
	8
	26
	9
	40
	10
	45
	11
	33
	12
	38
	13
	31
	14
	29
	15
	45


	0
	49
	1
	43
	2
	15
	3
	12
	4
	19
	5
	9
	6
	12
	7
	48
	8
	30
	9
	25
	10
	32
	11
	40
	12
	9
	13
	27
	14
	45
	15
	10


	0
	28
	1
	22
	2
	30
	3
	13
	4
	16
	5
	17
	6
	44
	7
	38
	8
	9
	9
	43
	10
	46
	11
	46
	12
	26
	13
	15
	14
	22
	15
	39


	0
	46
	1
	29
	2
	36
	3
	12
	4
	27
	5
	35
	6
	34
	7
	34
	8
	34
	9
	40
	10
	6
	11
	29
	12
	33
	13
	32
	14
	34
	15
	22


	0
	27
	1
	43
	2
	9
	3
	49
	4
	25
	5
	22
	6
	6
	7
	30
	8
	23
	9
	28
	10
	13
	11
	45
	12
	8
	13
	40
	14
	42
	15
	36


	0
	5
	1
	14
	2
	36
	3
	30
	4
	31
	5
	28
	6
	32
	7
	39
	8
	44
	9
	11
	10
	24
	11
	39
	12
	35
	13
	46
	14
	11
	15
	24


	0
	6
	1
	18
	2
	32
	3
	43
	4
	21
	5
	19
	6
	36
	7
	25
	8
	14
	9
	15
	10
	27
	11
	39
	12
	16
	13
	6
	14
	37
	15
	27


	0
	17
	1
	34
	2
	33
	3
	42
	4
	33
	5
	35
	6
	41
	7
	42
	8
	44
	9
	16
	10
	40
	11
	34
	12
	23
	13
	33
	14
	25
	15
	11


	0
	43
	1
	6
	2
	16
	3
	38
	4
	42
	5
	42
	6
	44
	7
	28
	8
	31
	9
	12
	10
	11
	11
	48
	12
	48
	13
	38
	14
	10
	15
	49

