20
8
5

	0
	40
	1
	38
	2
	10
	3
	6
	4
	16
	5
	47
	6
	5
	7
	39


	0
	20
	1
	21
	2
	41
	3
	28
	4
	12
	5
	41
	6
	43
	7
	39


	0
	20
	1
	47
	2
	6
	3
	9
	4
	45
	5
	27
	6
	40
	7
	41


	0
	38
	1
	41
	2
	23
	3
	10
	4
	15
	5
	46
	6
	31
	7
	45


	0
	13
	1
	32
	2
	36
	3
	15
	4
	14
	5
	38
	6
	49
	7
	18


	0
	5
	1
	16
	2
	21
	3
	27
	4
	32
	5
	23
	6
	48
	7
	46


	0
	31
	1
	28
	2
	46
	3
	30
	4
	39
	5
	15
	6
	48
	7
	37


	0
	9
	1
	31
	2
	17
	3
	42
	4
	32
	5
	12
	6
	17
	7
	14


	0
	49
	1
	21
	2
	36
	3
	46
	4
	26
	5
	41
	6
	11
	7
	32


	0
	19
	1
	16
	2
	29
	3
	45
	4
	30
	5
	28
	6
	15
	7
	24


	0
	38
	1
	17
	2
	36
	3
	17
	4
	42
	5
	13
	6
	30
	7
	30


	0
	38
	1
	34
	2
	44
	3
	36
	4
	28
	5
	17
	6
	14
	7
	47


	0
	32
	1
	21
	2
	21
	3
	44
	4
	30
	5
	42
	6
	39
	7
	11


	0
	34
	1
	29
	2
	32
	3
	35
	4
	39
	5
	34
	6
	18
	7
	37


	0
	47
	1
	10
	2
	48
	3
	35
	4
	32
	5
	23
	6
	23
	7
	26


	0
	27
	1
	38
	2
	30
	3
	29
	4
	47
	5
	6
	6
	45
	7
	42


	0
	8
	1
	10
	2
	32
	3
	10
	4
	23
	5
	19
	6
	28
	7
	13


	0
	33
	1
	18
	2
	40
	3
	20
	4
	49
	5
	35
	6
	10
	7
	34


	0
	25
	1
	43
	2
	9
	3
	13
	4
	8
	5
	43
	6
	13
	7
	46


	0
	32
	1
	18
	2
	47
	3
	6
	4
	9
	5
	5
	6
	48
	7
	8

