20
16
5

	0
	20
	1
	16
	2
	22
	3
	16
	4
	42
	5
	16
	6
	22
	7
	7
	8
	8
	9
	16
	10
	26
	11
	6
	12
	35
	13
	29
	14
	27
	15
	30


	0
	46
	1
	32
	2
	13
	3
	11
	4
	17
	5
	22
	6
	49
	7
	12
	8
	27
	9
	12
	10
	30
	11
	7
	12
	7
	13
	5
	14
	16
	15
	36


	0
	41
	1
	10
	2
	39
	3
	8
	4
	14
	5
	42
	6
	28
	7
	22
	8
	25
	9
	17
	10
	7
	11
	28
	12
	8
	13
	38
	14
	40
	15
	39


	0
	18
	1
	35
	2
	39
	3
	41
	4
	9
	5
	49
	6
	16
	7
	20
	8
	28
	9
	44
	10
	35
	11
	42
	12
	21
	13
	8
	14
	49
	15
	15


	0
	41
	1
	30
	2
	38
	3
	15
	4
	15
	5
	36
	6
	36
	7
	11
	8
	16
	9
	42
	10
	34
	11
	25
	12
	20
	13
	44
	14
	45
	15
	31


	0
	7
	1
	7
	2
	6
	3
	9
	4
	40
	5
	47
	6
	42
	7
	8
	8
	22
	9
	44
	10
	12
	11
	47
	12
	13
	13
	40
	14
	48
	15
	38


	0
	24
	1
	44
	2
	10
	3
	24
	4
	49
	5
	31
	6
	38
	7
	41
	8
	41
	9
	45
	10
	14
	11
	41
	12
	7
	13
	38
	14
	34
	15
	35


	0
	48
	1
	21
	2
	32
	3
	9
	4
	30
	5
	32
	6
	22
	7
	16
	8
	23
	9
	14
	10
	37
	11
	34
	12
	36
	13
	15
	14
	31
	15
	5


	0
	25
	1
	32
	2
	33
	3
	17
	4
	15
	5
	31
	6
	36
	7
	35
	8
	27
	9
	48
	10
	45
	11
	17
	12
	6
	13
	47
	14
	46
	15
	27


	0
	44
	1
	27
	2
	37
	3
	37
	4
	24
	5
	23
	6
	49
	7
	35
	8
	47
	9
	33
	10
	40
	11
	7
	12
	42
	13
	23
	14
	43
	15
	20


	0
	11
	1
	22
	2
	15
	3
	37
	4
	10
	5
	27
	6
	26
	7
	39
	8
	5
	9
	6
	10
	12
	11
	5
	12
	22
	13
	8
	14
	32
	15
	24


	0
	38
	1
	31
	2
	32
	3
	19
	4
	11
	5
	22
	6
	25
	7
	27
	8
	18
	9
	44
	10
	22
	11
	40
	12
	18
	13
	9
	14
	24
	15
	45


	0
	43
	1
	33
	2
	9
	3
	48
	4
	10
	5
	29
	6
	9
	7
	49
	8
	11
	9
	25
	10
	7
	11
	11
	12
	36
	13
	46
	14
	31
	15
	13


	0
	7
	1
	23
	2
	13
	3
	23
	4
	32
	5
	19
	6
	18
	7
	10
	8
	16
	9
	30
	10
	15
	11
	15
	12
	38
	13
	35
	14
	49
	15
	7


	0
	32
	1
	26
	2
	41
	3
	22
	4
	46
	5
	46
	6
	41
	7
	40
	8
	18
	9
	36
	10
	43
	11
	41
	12
	26
	13
	24
	14
	22
	15
	40


	0
	26
	1
	14
	2
	48
	3
	39
	4
	39
	5
	29
	6
	48
	7
	18
	8
	12
	9
	24
	10
	48
	11
	39
	12
	26
	13
	24
	14
	36
	15
	12


	0
	10
	1
	35
	2
	15
	3
	32
	4
	31
	5
	27
	6
	8
	7
	19
	8
	33
	9
	26
	10
	26
	11
	19
	12
	26
	13
	21
	14
	42
	15
	21


	0
	33
	1
	18
	2
	26
	3
	28
	4
	47
	5
	37
	6
	34
	7
	35
	8
	7
	9
	30
	10
	12
	11
	21
	12
	19
	13
	22
	14
	40
	15
	48


	0
	39
	1
	37
	2
	29
	3
	33
	4
	12
	5
	18
	6
	31
	7
	34
	8
	11
	9
	11
	10
	44
	11
	18
	12
	9
	13
	8
	14
	48
	15
	27


	0
	40
	1
	32
	2
	45
	3
	13
	4
	32
	5
	36
	6
	8
	7
	40
	8
	25
	9
	39
	10
	29
	11
	44
	12
	10
	13
	13
	14
	10
	15
	8

