20
4
4

	0
	19
	1
	17
	2
	14
	3
	13


	0
	23
	1
	24
	2
	34
	3
	6


	0
	41
	1
	17
	2
	18
	3
	34


	0
	44
	1
	48
	2
	39
	3
	21


	0
	26
	1
	26
	2
	34
	3
	41


	0
	7
	1
	40
	2
	27
	3
	20


	0
	15
	1
	11
	2
	24
	3
	34


	0
	19
	1
	15
	2
	36
	3
	33


	0
	19
	1
	8
	2
	34
	3
	38


	0
	28
	1
	36
	2
	37
	3
	41


	0
	34
	1
	21
	2
	22
	3
	39


	0
	16
	1
	34
	2
	39
	3
	38


	0
	48
	1
	38
	2
	43
	3
	37


	0
	7
	1
	42
	2
	6
	3
	14


	0
	5
	1
	35
	2
	42
	3
	11


	0
	31
	1
	23
	2
	8
	3
	11


	0
	14
	1
	46
	2
	35
	3
	30


	0
	6
	1
	44
	2
	27
	3
	24


	0
	12
	1
	22
	2
	17
	3
	24


	0
	18
	1
	16
	2
	16
	3
	17

