20
4
2

	0
	6
	1
	21
	2
	43
	3
	9


	0
	19
	1
	10
	2
	38
	3
	21


	0
	8
	1
	49
	2
	20
	3
	10


	0
	30
	1
	9
	2
	10
	3
	30


	0
	41
	1
	47
	2
	13
	3
	29


	0
	23
	1
	27
	2
	24
	3
	49


	0
	42
	1
	40
	2
	7
	3
	22


	0
	5
	1
	17
	2
	38
	3
	18


	0
	23
	1
	15
	2
	38
	3
	45


	0
	37
	1
	10
	2
	44
	3
	18


	0
	19
	1
	37
	2
	41
	3
	23


	0
	39
	1
	18
	2
	46
	3
	48


	0
	21
	1
	27
	2
	7
	3
	19


	0
	24
	1
	21
	2
	49
	3
	43


	0
	14
	1
	20
	2
	25
	3
	48


	0
	19
	1
	43
	2
	15
	3
	9


	0
	12
	1
	24
	2
	48
	3
	48


	0
	12
	1
	39
	2
	13
	3
	44


	0
	16
	1
	44
	2
	31
	3
	7


	0
	27
	1
	13
	2
	48
	3
	12

