20
16
5

	0
	20
	1
	46
	2
	9
	3
	44
	4
	35
	5
	37
	6
	28
	7
	15
	8
	49
	9
	46
	10
	44
	11
	14
	12
	45
	13
	9
	14
	14
	15
	14


	0
	23
	1
	35
	2
	29
	3
	39
	4
	9
	5
	27
	6
	37
	7
	28
	8
	27
	9
	27
	10
	11
	11
	34
	12
	43
	13
	17
	14
	42
	15
	18


	0
	18
	1
	35
	2
	34
	3
	32
	4
	30
	5
	44
	6
	37
	7
	14
	8
	49
	9
	24
	10
	28
	11
	20
	12
	5
	13
	13
	14
	36
	15
	5


	0
	49
	1
	36
	2
	31
	3
	49
	4
	35
	5
	12
	6
	6
	7
	25
	8
	26
	9
	5
	10
	19
	11
	25
	12
	39
	13
	7
	14
	40
	15
	35


	0
	16
	1
	40
	2
	21
	3
	37
	4
	33
	5
	30
	6
	11
	7
	29
	8
	8
	9
	33
	10
	40
	11
	29
	12
	37
	13
	12
	14
	8
	15
	14


	0
	28
	1
	45
	2
	48
	3
	7
	4
	8
	5
	25
	6
	49
	7
	20
	8
	9
	9
	5
	10
	48
	11
	22
	12
	47
	13
	31
	14
	15
	15
	38


	0
	44
	1
	34
	2
	20
	3
	10
	4
	32
	5
	13
	6
	41
	7
	25
	8
	12
	9
	49
	10
	41
	11
	47
	12
	42
	13
	19
	14
	35
	15
	6


	0
	37
	1
	10
	2
	32
	3
	25
	4
	25
	5
	42
	6
	34
	7
	31
	8
	24
	9
	24
	10
	36
	11
	8
	12
	14
	13
	32
	14
	15
	15
	22


	0
	15
	1
	35
	2
	37
	3
	49
	4
	21
	5
	18
	6
	24
	7
	33
	8
	39
	9
	18
	10
	43
	11
	33
	12
	12
	13
	45
	14
	44
	15
	19


	0
	23
	1
	13
	2
	26
	3
	19
	4
	9
	5
	39
	6
	31
	7
	17
	8
	40
	9
	19
	10
	48
	11
	5
	12
	8
	13
	26
	14
	49
	15
	39


	0
	23
	1
	32
	2
	10
	3
	34
	4
	49
	5
	7
	6
	19
	7
	43
	8
	27
	9
	31
	10
	11
	11
	39
	12
	46
	13
	36
	14
	11
	15
	45


	0
	29
	1
	26
	2
	21
	3
	46
	4
	37
	5
	7
	6
	49
	7
	25
	8
	31
	9
	9
	10
	34
	11
	33
	12
	38
	13
	32
	14
	16
	15
	13


	0
	13
	1
	37
	2
	10
	3
	47
	4
	16
	5
	28
	6
	49
	7
	7
	8
	25
	9
	12
	10
	33
	11
	48
	12
	19
	13
	24
	14
	44
	15
	14


	0
	32
	1
	16
	2
	27
	3
	44
	4
	41
	5
	43
	6
	9
	7
	33
	8
	45
	9
	25
	10
	34
	11
	27
	12
	25
	13
	44
	14
	27
	15
	15


	0
	42
	1
	17
	2
	11
	3
	48
	4
	24
	5
	48
	6
	15
	7
	35
	8
	27
	9
	28
	10
	12
	11
	18
	12
	17
	13
	16
	14
	33
	15
	19


	0
	9
	1
	18
	2
	47
	3
	49
	4
	48
	5
	19
	6
	36
	7
	15
	8
	21
	9
	6
	10
	45
	11
	40
	12
	31
	13
	7
	14
	9
	15
	25


	0
	36
	1
	36
	2
	8
	3
	23
	4
	36
	5
	12
	6
	45
	7
	5
	8
	14
	9
	19
	10
	40
	11
	12
	12
	22
	13
	23
	14
	25
	15
	25


	0
	11
	1
	22
	2
	48
	3
	19
	4
	45
	5
	7
	6
	26
	7
	30
	8
	39
	9
	22
	10
	5
	11
	44
	12
	48
	13
	34
	14
	13
	15
	31


	0
	33
	1
	10
	2
	34
	3
	11
	4
	16
	5
	8
	6
	20
	7
	47
	8
	20
	9
	30
	10
	22
	11
	15
	12
	10
	13
	35
	14
	28
	15
	10


	0
	23
	1
	47
	2
	45
	3
	47
	4
	32
	5
	32
	6
	39
	7
	27
	8
	47
	9
	24
	10
	45
	11
	48
	12
	37
	13
	41
	14
	18
	15
	22

