20
8
5

	0
	6
	1
	16
	2
	31
	3
	44
	4
	44
	5
	43
	6
	15
	7
	5


	0
	24
	1
	36
	2
	21
	3
	35
	4
	12
	5
	31
	6
	41
	7
	19


	0
	17
	1
	27
	2
	32
	3
	22
	4
	33
	5
	12
	6
	24
	7
	6


	0
	21
	1
	19
	2
	14
	3
	5
	4
	44
	5
	31
	6
	33
	7
	25


	0
	28
	1
	38
	2
	33
	3
	49
	4
	25
	5
	42
	6
	20
	7
	21


	0
	22
	1
	5
	2
	7
	3
	12
	4
	17
	5
	35
	6
	19
	7
	19


	0
	14
	1
	39
	2
	49
	3
	49
	4
	36
	5
	16
	6
	10
	7
	5


	0
	40
	1
	11
	2
	12
	3
	22
	4
	46
	5
	36
	6
	35
	7
	19


	0
	9
	1
	24
	2
	48
	3
	45
	4
	29
	5
	37
	6
	19
	7
	48


	0
	36
	1
	16
	2
	15
	3
	37
	4
	38
	5
	26
	6
	25
	7
	5


	0
	44
	1
	8
	2
	14
	3
	49
	4
	41
	5
	43
	6
	45
	7
	36


	0
	40
	1
	45
	2
	43
	3
	9
	4
	38
	5
	25
	6
	25
	7
	20


	0
	27
	1
	5
	2
	11
	3
	46
	4
	7
	5
	35
	6
	39
	7
	42


	0
	30
	1
	42
	2
	23
	3
	44
	4
	29
	5
	32
	6
	33
	7
	30


	0
	46
	1
	48
	2
	47
	3
	14
	4
	13
	5
	30
	6
	46
	7
	28


	0
	33
	1
	13
	2
	36
	3
	12
	4
	13
	5
	47
	6
	6
	7
	19


	0
	15
	1
	12
	2
	10
	3
	25
	4
	27
	5
	26
	6
	14
	7
	11


	0
	44
	1
	6
	2
	7
	3
	11
	4
	35
	5
	19
	6
	30
	7
	19


	0
	30
	1
	47
	2
	49
	3
	9
	4
	27
	5
	17
	6
	17
	7
	15


	0
	8
	1
	35
	2
	45
	3
	11
	4
	7
	5
	35
	6
	23
	7
	38

