20
4
5

	0
	9
	1
	21
	2
	20
	3
	49


	0
	39
	1
	22
	2
	46
	3
	10


	0
	5
	1
	18
	2
	38
	3
	25


	0
	10
	1
	13
	2
	24
	3
	6


	0
	6
	1
	38
	2
	19
	3
	36


	0
	21
	1
	15
	2
	23
	3
	30


	0
	23
	1
	20
	2
	34
	3
	36


	0
	41
	1
	22
	2
	24
	3
	40


	0
	19
	1
	21
	2
	39
	3
	36


	0
	47
	1
	26
	2
	34
	3
	47


	0
	17
	1
	33
	2
	33
	3
	5


	0
	20
	1
	15
	2
	12
	3
	37


	0
	15
	1
	32
	2
	44
	3
	46


	0
	45
	1
	48
	2
	12
	3
	16


	0
	22
	1
	14
	2
	38
	3
	45


	0
	10
	1
	17
	2
	20
	3
	11


	0
	45
	1
	27
	2
	29
	3
	9


	0
	47
	1
	42
	2
	37
	3
	14


	0
	28
	1
	42
	2
	49
	3
	10


	0
	11
	1
	28
	2
	42
	3
	26

