20
4
4

	0
	36
	1
	32
	2
	39
	3
	27


	0
	24
	1
	11
	2
	32
	3
	36


	0
	29
	1
	18
	2
	6
	3
	27


	0
	30
	1
	5
	2
	35
	3
	11


	0
	11
	1
	45
	2
	12
	3
	48


	0
	25
	1
	27
	2
	17
	3
	23


	0
	21
	1
	21
	2
	40
	3
	33


	0
	15
	1
	28
	2
	46
	3
	23


	0
	22
	1
	47
	2
	32
	3
	5


	0
	19
	1
	11
	2
	26
	3
	22


	0
	9
	1
	24
	2
	48
	3
	29


	0
	22
	1
	29
	2
	6
	3
	45


	0
	10
	1
	7
	2
	18
	3
	49


	0
	38
	1
	38
	2
	14
	3
	25


	0
	20
	1
	17
	2
	43
	3
	43


	0
	25
	1
	48
	2
	29
	3
	24


	0
	49
	1
	19
	2
	40
	3
	40


	0
	30
	1
	28
	2
	37
	3
	39


	0
	18
	1
	30
	2
	14
	3
	12


	0
	49
	1
	30
	2
	26
	3
	9

