20
4
3

	0
	19
	1
	6
	2
	5
	3
	13


	0
	20
	1
	36
	2
	11
	3
	28


	0
	47
	1
	46
	2
	14
	3
	9


	0
	40
	1
	29
	2
	20
	3
	36


	0
	45
	1
	12
	2
	5
	3
	46


	0
	21
	1
	12
	2
	30
	3
	13


	0
	7
	1
	37
	2
	28
	3
	13


	0
	44
	1
	18
	2
	33
	3
	44


	0
	25
	1
	49
	2
	21
	3
	34


	0
	28
	1
	5
	2
	9
	3
	14


	0
	29
	1
	30
	2
	17
	3
	31


	0
	34
	1
	43
	2
	10
	3
	34


	0
	27
	1
	47
	2
	30
	3
	41


	0
	33
	1
	28
	2
	31
	3
	15


	0
	29
	1
	8
	2
	8
	3
	6


	0
	23
	1
	36
	2
	11
	3
	31


	0
	49
	1
	24
	2
	6
	3
	47


	0
	27
	1
	43
	2
	44
	3
	45


	0
	8
	1
	13
	2
	34
	3
	8


	0
	24
	1
	49
	2
	10
	3
	14

