20
8
2

	0
	18
	1
	21
	2
	5
	3
	27
	4
	32
	5
	21
	6
	20
	7
	5


	0
	33
	1
	44
	2
	41
	3
	40
	4
	46
	5
	12
	6
	17
	7
	6


	0
	10
	1
	40
	2
	14
	3
	39
	4
	45
	5
	8
	6
	13
	7
	8


	0
	10
	1
	42
	2
	43
	3
	23
	4
	12
	5
	12
	6
	15
	7
	24


	0
	29
	1
	22
	2
	16
	3
	37
	4
	47
	5
	31
	6
	34
	7
	17


	0
	26
	1
	15
	2
	20
	3
	26
	4
	42
	5
	39
	6
	25
	7
	33


	0
	43
	1
	26
	2
	22
	3
	32
	4
	44
	5
	30
	6
	14
	7
	48


	0
	39
	1
	5
	2
	41
	3
	16
	4
	8
	5
	39
	6
	5
	7
	22


	0
	10
	1
	43
	2
	15
	3
	32
	4
	42
	5
	35
	6
	10
	7
	32


	0
	42
	1
	23
	2
	34
	3
	16
	4
	20
	5
	27
	6
	18
	7
	48


	0
	47
	1
	23
	2
	45
	3
	31
	4
	48
	5
	30
	6
	15
	7
	27


	0
	8
	1
	34
	2
	24
	3
	46
	4
	18
	5
	19
	6
	47
	7
	28


	0
	27
	1
	27
	2
	30
	3
	31
	4
	10
	5
	33
	6
	43
	7
	23


	0
	11
	1
	27
	2
	20
	3
	18
	4
	12
	5
	33
	6
	40
	7
	49


	0
	38
	1
	48
	2
	19
	3
	18
	4
	37
	5
	5
	6
	36
	7
	15


	0
	31
	1
	22
	2
	36
	3
	29
	4
	32
	5
	30
	6
	46
	7
	17


	0
	45
	1
	28
	2
	42
	3
	16
	4
	33
	5
	30
	6
	30
	7
	17


	0
	34
	1
	23
	2
	8
	3
	32
	4
	10
	5
	12
	6
	22
	7
	45


	0
	13
	1
	36
	2
	8
	3
	15
	4
	9
	5
	49
	6
	28
	7
	7


	0
	7
	1
	33
	2
	30
	3
	21
	4
	25
	5
	47
	6
	15
	7
	12

