20
4
5

	0
	40
	1
	42
	2
	23
	3
	14


	0
	22
	1
	19
	2
	7
	3
	44


	0
	41
	1
	41
	2
	22
	3
	37


	0
	24
	1
	47
	2
	38
	3
	33


	0
	34
	1
	28
	2
	25
	3
	21


	0
	30
	1
	6
	2
	7
	3
	23


	0
	13
	1
	27
	2
	33
	3
	14


	0
	49
	1
	6
	2
	13
	3
	47


	0
	44
	1
	24
	2
	25
	3
	14


	0
	31
	1
	34
	2
	25
	3
	20


	0
	18
	1
	14
	2
	20
	3
	32


	0
	49
	1
	33
	2
	11
	3
	13


	0
	38
	1
	17
	2
	45
	3
	47


	0
	16
	1
	14
	2
	48
	3
	6


	0
	23
	1
	40
	2
	33
	3
	23


	0
	18
	1
	18
	2
	15
	3
	17


	0
	22
	1
	7
	2
	18
	3
	33


	0
	15
	1
	12
	2
	32
	3
	35


	0
	9
	1
	32
	2
	42
	3
	40


	0
	22
	1
	42
	2
	5
	3
	38

