20
8
3

	0
	27
	1
	26
	2
	10
	3
	48
	4
	17
	5
	27
	6
	6
	7
	5


	0
	27
	1
	43
	2
	38
	3
	17
	4
	12
	5
	11
	6
	40
	7
	47


	0
	37
	1
	12
	2
	43
	3
	15
	4
	12
	5
	48
	6
	15
	7
	23


	0
	17
	1
	45
	2
	45
	3
	30
	4
	7
	5
	16
	6
	15
	7
	9


	0
	27
	1
	5
	2
	38
	3
	40
	4
	31
	5
	35
	6
	38
	7
	17


	0
	38
	1
	41
	2
	37
	3
	36
	4
	19
	5
	45
	6
	40
	7
	45


	0
	11
	1
	48
	2
	42
	3
	49
	4
	23
	5
	27
	6
	49
	7
	38


	0
	14
	1
	23
	2
	47
	3
	42
	4
	9
	5
	10
	6
	19
	7
	27


	0
	27
	1
	36
	2
	35
	3
	24
	4
	34
	5
	16
	6
	8
	7
	45


	0
	13
	1
	25
	2
	38
	3
	22
	4
	39
	5
	20
	6
	24
	7
	7


	0
	10
	1
	27
	2
	48
	3
	34
	4
	24
	5
	30
	6
	24
	7
	37


	0
	43
	1
	15
	2
	30
	3
	26
	4
	12
	5
	15
	6
	29
	7
	28


	0
	15
	1
	34
	2
	21
	3
	24
	4
	26
	5
	15
	6
	15
	7
	30


	0
	10
	1
	26
	2
	34
	3
	20
	4
	45
	5
	18
	6
	22
	7
	11


	0
	27
	1
	22
	2
	37
	3
	22
	4
	18
	5
	36
	6
	15
	7
	10


	0
	20
	1
	8
	2
	25
	3
	21
	4
	12
	5
	43
	6
	6
	7
	47


	0
	21
	1
	28
	2
	41
	3
	26
	4
	26
	5
	28
	6
	40
	7
	30


	0
	34
	1
	22
	2
	44
	3
	9
	4
	6
	5
	14
	6
	37
	7
	33


	0
	42
	1
	40
	2
	44
	3
	12
	4
	14
	5
	15
	6
	13
	7
	49


	0
	38
	1
	16
	2
	40
	3
	44
	4
	14
	5
	44
	6
	48
	7
	40

