20
8
4

	0
	40
	1
	30
	2
	25
	3
	8
	4
	18
	5
	18
	6
	40
	7
	18


	0
	19
	1
	33
	2
	36
	3
	29
	4
	38
	5
	27
	6
	49
	7
	32


	0
	43
	1
	32
	2
	37
	3
	15
	4
	23
	5
	9
	6
	47
	7
	29


	0
	47
	1
	9
	2
	41
	3
	41
	4
	12
	5
	36
	6
	43
	7
	31


	0
	35
	1
	6
	2
	42
	3
	44
	4
	48
	5
	20
	6
	12
	7
	8


	0
	43
	1
	23
	2
	12
	3
	5
	4
	11
	5
	34
	6
	34
	7
	39


	0
	14
	1
	32
	2
	42
	3
	14
	4
	25
	5
	33
	6
	5
	7
	40


	0
	6
	1
	18
	2
	32
	3
	28
	4
	48
	5
	40
	6
	47
	7
	19


	0
	17
	1
	45
	2
	23
	3
	39
	4
	45
	5
	23
	6
	30
	7
	24


	0
	45
	1
	20
	2
	19
	3
	49
	4
	17
	5
	35
	6
	12
	7
	5


	0
	17
	1
	28
	2
	43
	3
	34
	4
	49
	5
	24
	6
	18
	7
	42


	0
	20
	1
	21
	2
	16
	3
	24
	4
	38
	5
	31
	6
	16
	7
	17


	0
	38
	1
	41
	2
	37
	3
	36
	4
	17
	5
	38
	6
	37
	7
	46


	0
	49
	1
	11
	2
	42
	3
	43
	4
	16
	5
	34
	6
	46
	7
	37


	0
	27
	1
	44
	2
	24
	3
	39
	4
	8
	5
	47
	6
	22
	7
	26


	0
	9
	1
	8
	2
	25
	3
	35
	4
	48
	5
	8
	6
	46
	7
	19


	0
	33
	1
	42
	2
	24
	3
	34
	4
	39
	5
	19
	6
	28
	7
	9


	0
	19
	1
	23
	2
	40
	3
	35
	4
	23
	5
	43
	6
	21
	7
	24


	0
	44
	1
	34
	2
	47
	3
	5
	4
	13
	5
	35
	6
	25
	7
	35


	0
	14
	1
	33
	2
	26
	3
	17
	4
	31
	5
	14
	6
	13
	7
	34

