20
8
4

	0
	48
	1
	16
	2
	22
	3
	26
	4
	19
	5
	28
	6
	33
	7
	38


	0
	19
	1
	7
	2
	32
	3
	39
	4
	39
	5
	19
	6
	22
	7
	30


	0
	40
	1
	12
	2
	34
	3
	45
	4
	16
	5
	41
	6
	43
	7
	42


	0
	16
	1
	8
	2
	28
	3
	10
	4
	25
	5
	46
	6
	47
	7
	33


	0
	18
	1
	25
	2
	21
	3
	47
	4
	18
	5
	8
	6
	39
	7
	34


	0
	13
	1
	41
	2
	15
	3
	47
	4
	5
	5
	38
	6
	29
	7
	38


	0
	5
	1
	29
	2
	29
	3
	42
	4
	33
	5
	21
	6
	19
	7
	30


	0
	34
	1
	15
	2
	42
	3
	43
	4
	47
	5
	43
	6
	6
	7
	15


	0
	33
	1
	39
	2
	47
	3
	13
	4
	30
	5
	21
	6
	31
	7
	10


	0
	28
	1
	18
	2
	47
	3
	16
	4
	14
	5
	29
	6
	19
	7
	48


	0
	6
	1
	6
	2
	35
	3
	17
	4
	29
	5
	42
	6
	35
	7
	34


	0
	34
	1
	14
	2
	7
	3
	49
	4
	37
	5
	36
	6
	35
	7
	33


	0
	48
	1
	49
	2
	36
	3
	35
	4
	29
	5
	46
	6
	19
	7
	40


	0
	20
	1
	5
	2
	49
	3
	22
	4
	21
	5
	40
	6
	45
	7
	43


	0
	30
	1
	37
	2
	33
	3
	15
	4
	13
	5
	45
	6
	12
	7
	29


	0
	32
	1
	31
	2
	45
	3
	24
	4
	45
	5
	36
	6
	11
	7
	39


	0
	29
	1
	34
	2
	28
	3
	44
	4
	6
	5
	29
	6
	15
	7
	27


	0
	36
	1
	18
	2
	30
	3
	35
	4
	31
	5
	16
	6
	43
	7
	27


	0
	38
	1
	36
	2
	18
	3
	40
	4
	19
	5
	21
	6
	32
	7
	46


	0
	13
	1
	10
	2
	18
	3
	5
	4
	42
	5
	22
	6
	5
	7
	43

