20
8
4

	0
	20
	1
	23
	2
	42
	3
	30
	4
	14
	5
	6
	6
	23
	7
	15


	0
	15
	1
	42
	2
	14
	3
	43
	4
	7
	5
	16
	6
	42
	7
	8


	0
	49
	1
	33
	2
	45
	3
	39
	4
	43
	5
	48
	6
	18
	7
	38


	0
	6
	1
	48
	2
	16
	3
	47
	4
	18
	5
	19
	6
	43
	7
	11


	0
	37
	1
	5
	2
	29
	3
	47
	4
	15
	5
	16
	6
	15
	7
	39


	0
	17
	1
	41
	2
	46
	3
	26
	4
	34
	5
	32
	6
	41
	7
	15


	0
	9
	1
	33
	2
	35
	3
	40
	4
	10
	5
	46
	6
	44
	7
	13


	0
	14
	1
	30
	2
	21
	3
	8
	4
	16
	5
	17
	6
	13
	7
	26


	0
	34
	1
	18
	2
	44
	3
	8
	4
	41
	5
	5
	6
	40
	7
	39


	0
	45
	1
	12
	2
	10
	3
	45
	4
	15
	5
	14
	6
	42
	7
	20


	0
	45
	1
	35
	2
	44
	3
	30
	4
	48
	5
	17
	6
	15
	7
	21


	0
	44
	1
	47
	2
	8
	3
	30
	4
	30
	5
	8
	6
	24
	7
	29


	0
	14
	1
	49
	2
	49
	3
	9
	4
	30
	5
	38
	6
	12
	7
	40


	0
	37
	1
	21
	2
	42
	3
	17
	4
	49
	5
	26
	6
	25
	7
	23


	0
	44
	1
	42
	2
	19
	3
	37
	4
	37
	5
	12
	6
	10
	7
	27


	0
	11
	1
	5
	2
	24
	3
	15
	4
	47
	5
	8
	6
	23
	7
	5


	0
	35
	1
	11
	2
	47
	3
	10
	4
	24
	5
	19
	6
	48
	7
	10


	0
	42
	1
	23
	2
	5
	3
	5
	4
	19
	5
	25
	6
	41
	7
	24


	0
	14
	1
	35
	2
	43
	3
	31
	4
	25
	5
	28
	6
	30
	7
	41


	0
	24
	1
	40
	2
	6
	3
	20
	4
	11
	5
	48
	6
	29
	7
	20

