20
16
2

	0
	29
	1
	24
	2
	22
	3
	49
	4
	25
	5
	16
	6
	43
	7
	8
	8
	49
	9
	33
	10
	43
	11
	5
	12
	28
	13
	47
	14
	31
	15
	17


	0
	26
	1
	16
	2
	39
	3
	7
	4
	26
	5
	21
	6
	24
	7
	41
	8
	39
	9
	42
	10
	46
	11
	29
	12
	49
	13
	41
	14
	18
	15
	44


	0
	9
	1
	12
	2
	36
	3
	37
	4
	10
	5
	37
	6
	42
	7
	36
	8
	44
	9
	37
	10
	34
	11
	42
	12
	19
	13
	26
	14
	26
	15
	14


	0
	33
	1
	12
	2
	32
	3
	16
	4
	48
	5
	29
	6
	40
	7
	18
	8
	14
	9
	33
	10
	35
	11
	15
	12
	32
	13
	13
	14
	31
	15
	10


	0
	27
	1
	23
	2
	48
	3
	43
	4
	9
	5
	30
	6
	25
	7
	26
	8
	5
	9
	10
	10
	30
	11
	45
	12
	18
	13
	21
	14
	34
	15
	18


	0
	5
	1
	36
	2
	34
	3
	33
	4
	32
	5
	47
	6
	38
	7
	28
	8
	9
	9
	27
	10
	23
	11
	13
	12
	17
	13
	41
	14
	36
	15
	14


	0
	32
	1
	40
	2
	24
	3
	35
	4
	12
	5
	21
	6
	15
	7
	6
	8
	44
	9
	6
	10
	48
	11
	40
	12
	44
	13
	13
	14
	22
	15
	11


	0
	8
	1
	13
	2
	27
	3
	41
	4
	40
	5
	20
	6
	26
	7
	27
	8
	29
	9
	32
	10
	26
	11
	46
	12
	23
	13
	45
	14
	16
	15
	12


	0
	16
	1
	23
	2
	8
	3
	8
	4
	10
	5
	32
	6
	21
	7
	20
	8
	29
	9
	24
	10
	19
	11
	16
	12
	8
	13
	32
	14
	11
	15
	19


	0
	36
	1
	35
	2
	23
	3
	5
	4
	29
	5
	39
	6
	6
	7
	41
	8
	31
	9
	42
	10
	13
	11
	11
	12
	46
	13
	30
	14
	46
	15
	44


	0
	37
	1
	47
	2
	49
	3
	48
	4
	17
	5
	14
	6
	49
	7
	33
	8
	9
	9
	22
	10
	14
	11
	32
	12
	43
	13
	6
	14
	17
	15
	48


	0
	7
	1
	21
	2
	35
	3
	28
	4
	48
	5
	21
	6
	25
	7
	42
	8
	47
	9
	43
	10
	37
	11
	46
	12
	30
	13
	29
	14
	39
	15
	6


	0
	15
	1
	24
	2
	9
	3
	16
	4
	11
	5
	28
	6
	32
	7
	35
	8
	11
	9
	6
	10
	13
	11
	6
	12
	42
	13
	41
	14
	7
	15
	46


	0
	16
	1
	33
	2
	12
	3
	41
	4
	49
	5
	43
	6
	17
	7
	41
	8
	21
	9
	42
	10
	5
	11
	30
	12
	5
	13
	9
	14
	8
	15
	45


	0
	48
	1
	8
	2
	26
	3
	41
	4
	16
	5
	33
	6
	43
	7
	45
	8
	47
	9
	48
	10
	18
	11
	26
	12
	27
	13
	21
	14
	27
	15
	46


	0
	21
	1
	21
	2
	35
	3
	45
	4
	39
	5
	43
	6
	49
	7
	29
	8
	46
	9
	20
	10
	21
	11
	25
	12
	16
	13
	34
	14
	32
	15
	21


	0
	28
	1
	31
	2
	19
	3
	43
	4
	37
	5
	37
	6
	7
	7
	44
	8
	44
	9
	40
	10
	37
	11
	29
	12
	35
	13
	30
	14
	5
	15
	39


	0
	35
	1
	25
	2
	12
	3
	28
	4
	31
	5
	40
	6
	23
	7
	34
	8
	47
	9
	45
	10
	23
	11
	24
	12
	25
	13
	13
	14
	46
	15
	29


	0
	16
	1
	46
	2
	43
	3
	40
	4
	30
	5
	14
	6
	7
	7
	17
	8
	37
	9
	33
	10
	41
	11
	22
	12
	30
	13
	42
	14
	31
	15
	17


	0
	43
	1
	40
	2
	15
	3
	26
	4
	6
	5
	25
	6
	34
	7
	38
	8
	45
	9
	12
	10
	5
	11
	19
	12
	27
	13
	15
	14
	6
	15
	46

