20
8
2

	0
	42
	1
	26
	2
	43
	3
	41
	4
	12
	5
	48
	6
	15
	7
	47


	0
	45
	1
	25
	2
	36
	3
	30
	4
	15
	5
	19
	6
	18
	7
	29


	0
	7
	1
	13
	2
	21
	3
	38
	4
	32
	5
	47
	6
	6
	7
	37


	0
	25
	1
	14
	2
	37
	3
	13
	4
	38
	5
	10
	6
	23
	7
	9


	0
	49
	1
	7
	2
	35
	3
	30
	4
	13
	5
	48
	6
	45
	7
	20


	0
	18
	1
	22
	2
	10
	3
	10
	4
	23
	5
	12
	6
	31
	7
	29


	0
	24
	1
	39
	2
	24
	3
	19
	4
	49
	5
	40
	6
	33
	7
	7


	0
	41
	1
	9
	2
	10
	3
	15
	4
	28
	5
	15
	6
	20
	7
	26


	0
	14
	1
	21
	2
	11
	3
	5
	4
	32
	5
	45
	6
	39
	7
	47


	0
	14
	1
	20
	2
	5
	3
	40
	4
	7
	5
	13
	6
	6
	7
	22


	0
	13
	1
	32
	2
	32
	3
	42
	4
	29
	5
	37
	6
	16
	7
	35


	0
	35
	1
	18
	2
	41
	3
	18
	4
	18
	5
	31
	6
	49
	7
	39


	0
	22
	1
	28
	2
	10
	3
	39
	4
	15
	5
	32
	6
	47
	7
	12


	0
	10
	1
	23
	2
	42
	3
	38
	4
	17
	5
	20
	6
	9
	7
	43


	0
	46
	1
	13
	2
	20
	3
	6
	4
	36
	5
	11
	6
	43
	7
	31


	0
	13
	1
	37
	2
	13
	3
	25
	4
	23
	5
	14
	6
	38
	7
	15


	0
	42
	1
	9
	2
	37
	3
	46
	4
	17
	5
	9
	6
	46
	7
	7


	0
	39
	1
	17
	2
	45
	3
	41
	4
	28
	5
	33
	6
	23
	7
	41


	0
	44
	1
	23
	2
	41
	3
	39
	4
	45
	5
	45
	6
	18
	7
	37


	0
	43
	1
	37
	2
	8
	3
	21
	4
	19
	5
	42
	6
	49
	7
	7

