20
4
5

	0
	9
	1
	44
	2
	17
	3
	13


	0
	19
	1
	46
	2
	42
	3
	43


	0
	13
	1
	11
	2
	36
	3
	36


	0
	16
	1
	40
	2
	13
	3
	27


	0
	47
	1
	35
	2
	28
	3
	29


	0
	7
	1
	39
	2
	17
	3
	10


	0
	47
	1
	49
	2
	37
	3
	11


	0
	10
	1
	27
	2
	42
	3
	9


	0
	5
	1
	22
	2
	11
	3
	41


	0
	32
	1
	27
	2
	8
	3
	13


	0
	8
	1
	30
	2
	8
	3
	36


	0
	48
	1
	37
	2
	14
	3
	24


	0
	8
	1
	18
	2
	30
	3
	12


	0
	14
	1
	33
	2
	35
	3
	36


	0
	29
	1
	22
	2
	16
	3
	26


	0
	23
	1
	26
	2
	39
	3
	7


	0
	7
	1
	31
	2
	42
	3
	16


	0
	11
	1
	35
	2
	35
	3
	40


	0
	5
	1
	14
	2
	31
	3
	25


	0
	24
	1
	21
	2
	45
	3
	10

