20
16
5

	0
	7
	1
	33
	2
	11
	3
	26
	4
	41
	5
	48
	6
	38
	7
	6
	8
	15
	9
	38
	10
	45
	11
	22
	12
	49
	13
	42
	14
	43
	15
	47


	0
	12
	1
	21
	2
	27
	3
	20
	4
	36
	5
	44
	6
	17
	7
	49
	8
	18
	9
	7
	10
	16
	11
	10
	12
	24
	13
	26
	14
	48
	15
	18


	0
	47
	1
	24
	2
	25
	3
	47
	4
	37
	5
	41
	6
	15
	7
	18
	8
	39
	9
	19
	10
	13
	11
	48
	12
	46
	13
	39
	14
	29
	15
	33


	0
	25
	1
	6
	2
	11
	3
	47
	4
	29
	5
	39
	6
	27
	7
	7
	8
	42
	9
	33
	10
	16
	11
	12
	12
	44
	13
	20
	14
	49
	15
	19


	0
	41
	1
	15
	2
	45
	3
	24
	4
	8
	5
	15
	6
	28
	7
	49
	8
	41
	9
	14
	10
	39
	11
	30
	12
	16
	13
	20
	14
	11
	15
	48


	0
	35
	1
	37
	2
	45
	3
	46
	4
	34
	5
	39
	6
	38
	7
	42
	8
	29
	9
	15
	10
	12
	11
	23
	12
	21
	13
	31
	14
	19
	15
	27


	0
	18
	1
	45
	2
	38
	3
	32
	4
	21
	5
	49
	6
	21
	7
	16
	8
	21
	9
	26
	10
	44
	11
	29
	12
	47
	13
	47
	14
	40
	15
	8


	0
	28
	1
	28
	2
	23
	3
	27
	4
	7
	5
	49
	6
	49
	7
	44
	8
	18
	9
	29
	10
	11
	11
	25
	12
	37
	13
	6
	14
	6
	15
	28


	0
	41
	1
	25
	2
	17
	3
	49
	4
	10
	5
	16
	6
	26
	7
	28
	8
	10
	9
	24
	10
	24
	11
	45
	12
	24
	13
	31
	14
	5
	15
	20


	0
	46
	1
	46
	2
	14
	3
	30
	4
	36
	5
	49
	6
	40
	7
	22
	8
	37
	9
	45
	10
	5
	11
	37
	12
	21
	13
	14
	14
	23
	15
	34


	0
	49
	1
	11
	2
	43
	3
	37
	4
	42
	5
	25
	6
	16
	7
	24
	8
	25
	9
	35
	10
	10
	11
	45
	12
	6
	13
	13
	14
	5
	15
	48


	0
	47
	1
	34
	2
	6
	3
	31
	4
	45
	5
	30
	6
	25
	7
	49
	8
	14
	9
	28
	10
	13
	11
	40
	12
	35
	13
	10
	14
	6
	15
	48


	0
	32
	1
	35
	2
	14
	3
	27
	4
	16
	5
	18
	6
	14
	7
	21
	8
	22
	9
	33
	10
	26
	11
	33
	12
	17
	13
	17
	14
	21
	15
	30


	0
	36
	1
	32
	2
	16
	3
	34
	4
	34
	5
	40
	6
	19
	7
	28
	8
	23
	9
	17
	10
	18
	11
	19
	12
	33
	13
	46
	14
	49
	15
	22


	0
	22
	1
	39
	2
	38
	3
	32
	4
	12
	5
	35
	6
	16
	7
	28
	8
	47
	9
	40
	10
	35
	11
	48
	12
	34
	13
	17
	14
	45
	15
	35


	0
	6
	1
	6
	2
	17
	3
	22
	4
	41
	5
	41
	6
	14
	7
	22
	8
	32
	9
	35
	10
	9
	11
	19
	12
	47
	13
	21
	14
	39
	15
	23


	0
	19
	1
	42
	2
	17
	3
	44
	4
	19
	5
	41
	6
	48
	7
	13
	8
	5
	9
	45
	10
	30
	11
	39
	12
	9
	13
	23
	14
	9
	15
	39


	0
	39
	1
	17
	2
	30
	3
	10
	4
	8
	5
	28
	6
	29
	7
	41
	8
	7
	9
	17
	10
	26
	11
	7
	12
	15
	13
	47
	14
	48
	15
	27


	0
	20
	1
	31
	2
	34
	3
	48
	4
	6
	5
	49
	6
	46
	7
	20
	8
	33
	9
	48
	10
	10
	11
	40
	12
	35
	13
	16
	14
	34
	15
	48


	0
	46
	1
	9
	2
	12
	3
	37
	4
	21
	5
	15
	6
	39
	7
	26
	8
	43
	9
	11
	10
	20
	11
	47
	12
	29
	13
	44
	14
	15
	15
	33

