20
16
5

	0
	11
	1
	21
	2
	22
	3
	40
	4
	36
	5
	26
	6
	25
	7
	26
	8
	47
	9
	41
	10
	32
	11
	44
	12
	30
	13
	39
	14
	47
	15
	12


	0
	26
	1
	39
	2
	15
	3
	11
	4
	9
	5
	25
	6
	32
	7
	41
	8
	14
	9
	33
	10
	28
	11
	31
	12
	19
	13
	19
	14
	41
	15
	48


	0
	16
	1
	38
	2
	39
	3
	21
	4
	32
	5
	29
	6
	22
	7
	33
	8
	19
	9
	28
	10
	16
	11
	28
	12
	44
	13
	40
	14
	45
	15
	41


	0
	22
	1
	48
	2
	29
	3
	29
	4
	38
	5
	36
	6
	13
	7
	5
	8
	33
	9
	24
	10
	48
	11
	32
	12
	22
	13
	9
	14
	5
	15
	26


	0
	22
	1
	11
	2
	28
	3
	41
	4
	38
	5
	17
	6
	33
	7
	13
	8
	40
	9
	49
	10
	23
	11
	17
	12
	34
	13
	33
	14
	37
	15
	19


	0
	42
	1
	27
	2
	27
	3
	38
	4
	32
	5
	22
	6
	12
	7
	30
	8
	8
	9
	10
	10
	5
	11
	15
	12
	12
	13
	7
	14
	49
	15
	38


	0
	12
	1
	21
	2
	36
	3
	45
	4
	20
	5
	29
	6
	12
	7
	49
	8
	43
	9
	49
	10
	25
	11
	18
	12
	25
	13
	41
	14
	30
	15
	47


	0
	18
	1
	35
	2
	36
	3
	5
	4
	46
	5
	46
	6
	21
	7
	33
	8
	21
	9
	9
	10
	48
	11
	17
	12
	5
	13
	20
	14
	31
	15
	28


	0
	39
	1
	26
	2
	30
	3
	34
	4
	48
	5
	19
	6
	34
	7
	47
	8
	16
	9
	45
	10
	16
	11
	45
	12
	6
	13
	29
	14
	38
	15
	22


	0
	38
	1
	9
	2
	44
	3
	39
	4
	47
	5
	8
	6
	18
	7
	24
	8
	9
	9
	49
	10
	24
	11
	9
	12
	30
	13
	47
	14
	27
	15
	10


	0
	14
	1
	32
	2
	33
	3
	42
	4
	15
	5
	13
	6
	33
	7
	19
	8
	33
	9
	13
	10
	28
	11
	6
	12
	37
	13
	19
	14
	49
	15
	41


	0
	20
	1
	13
	2
	36
	3
	45
	4
	16
	5
	13
	6
	23
	7
	45
	8
	34
	9
	44
	10
	14
	11
	19
	12
	19
	13
	11
	14
	5
	15
	29


	0
	14
	1
	37
	2
	32
	3
	42
	4
	44
	5
	41
	6
	17
	7
	41
	8
	48
	9
	30
	10
	38
	11
	5
	12
	41
	13
	16
	14
	24
	15
	21


	0
	16
	1
	8
	2
	23
	3
	21
	4
	28
	5
	29
	6
	45
	7
	36
	8
	41
	9
	19
	10
	36
	11
	27
	12
	46
	13
	22
	14
	16
	15
	39


	0
	11
	1
	23
	2
	43
	3
	34
	4
	25
	5
	9
	6
	41
	7
	10
	8
	13
	9
	21
	10
	8
	11
	33
	12
	5
	13
	18
	14
	39
	15
	17


	0
	14
	1
	36
	2
	18
	3
	45
	4
	9
	5
	23
	6
	18
	7
	18
	8
	20
	9
	25
	10
	33
	11
	35
	12
	15
	13
	44
	14
	43
	15
	11


	0
	27
	1
	40
	2
	6
	3
	36
	4
	17
	5
	16
	6
	40
	7
	10
	8
	44
	9
	17
	10
	27
	11
	33
	12
	48
	13
	29
	14
	48
	15
	34


	0
	16
	1
	44
	2
	15
	3
	28
	4
	47
	5
	20
	6
	32
	7
	35
	8
	12
	9
	23
	10
	14
	11
	8
	12
	48
	13
	23
	14
	21
	15
	17


	0
	42
	1
	5
	2
	10
	3
	14
	4
	8
	5
	25
	6
	31
	7
	21
	8
	37
	9
	28
	10
	34
	11
	13
	12
	11
	13
	14
	14
	12
	15
	48


	0
	49
	1
	45
	2
	5
	3
	20
	4
	5
	5
	11
	6
	43
	7
	45
	8
	12
	9
	15
	10
	42
	11
	17
	12
	6
	13
	8
	14
	17
	15
	10

