20
16
3

	0
	40
	1
	8
	2
	30
	3
	33
	4
	22
	5
	43
	6
	18
	7
	9
	8
	36
	9
	22
	10
	19
	11
	23
	12
	6
	13
	14
	14
	35
	15
	34


	0
	37
	1
	46
	2
	28
	3
	21
	4
	5
	5
	38
	6
	8
	7
	19
	8
	24
	9
	7
	10
	11
	11
	23
	12
	24
	13
	49
	14
	7
	15
	38


	0
	9
	1
	17
	2
	14
	3
	38
	4
	41
	5
	39
	6
	15
	7
	5
	8
	41
	9
	12
	10
	26
	11
	9
	12
	26
	13
	26
	14
	12
	15
	6


	0
	44
	1
	36
	2
	9
	3
	21
	4
	34
	5
	10
	6
	32
	7
	47
	8
	22
	9
	37
	10
	17
	11
	39
	12
	11
	13
	29
	14
	22
	15
	30


	0
	26
	1
	19
	2
	30
	3
	32
	4
	31
	5
	15
	6
	42
	7
	24
	8
	31
	9
	25
	10
	33
	11
	15
	12
	19
	13
	24
	14
	14
	15
	37


	0
	34
	1
	46
	2
	10
	3
	18
	4
	31
	5
	46
	6
	40
	7
	47
	8
	24
	9
	12
	10
	31
	11
	49
	12
	29
	13
	7
	14
	14
	15
	33


	0
	33
	1
	42
	2
	44
	3
	36
	4
	41
	5
	47
	6
	22
	7
	30
	8
	24
	9
	9
	10
	12
	11
	6
	12
	18
	13
	30
	14
	37
	15
	30


	0
	21
	1
	27
	2
	34
	3
	32
	4
	14
	5
	21
	6
	48
	7
	5
	8
	28
	9
	40
	10
	22
	11
	8
	12
	7
	13
	34
	14
	24
	15
	20


	0
	42
	1
	15
	2
	22
	3
	36
	4
	13
	5
	7
	6
	30
	7
	48
	8
	32
	9
	22
	10
	10
	11
	38
	12
	13
	13
	47
	14
	13
	15
	41


	0
	27
	1
	6
	2
	40
	3
	37
	4
	23
	5
	7
	6
	18
	7
	13
	8
	46
	9
	49
	10
	17
	11
	14
	12
	27
	13
	19
	14
	26
	15
	15


	0
	35
	1
	26
	2
	42
	3
	26
	4
	14
	5
	48
	6
	39
	7
	24
	8
	28
	9
	7
	10
	5
	11
	11
	12
	16
	13
	29
	14
	14
	15
	10


	0
	20
	1
	49
	2
	14
	3
	36
	4
	5
	5
	35
	6
	23
	7
	15
	8
	12
	9
	43
	10
	15
	11
	41
	12
	48
	13
	37
	14
	28
	15
	26


	0
	16
	1
	28
	2
	37
	3
	19
	4
	39
	5
	28
	6
	19
	7
	10
	8
	35
	9
	30
	10
	29
	11
	48
	12
	36
	13
	31
	14
	8
	15
	49


	0
	10
	1
	34
	2
	9
	3
	19
	4
	32
	5
	28
	6
	19
	7
	48
	8
	17
	9
	28
	10
	10
	11
	43
	12
	33
	13
	28
	14
	6
	15
	25


	0
	39
	1
	40
	2
	16
	3
	22
	4
	24
	5
	25
	6
	9
	7
	46
	8
	37
	9
	9
	10
	36
	11
	31
	12
	19
	13
	40
	14
	26
	15
	25


	0
	35
	1
	49
	2
	42
	3
	11
	4
	38
	5
	27
	6
	46
	7
	30
	8
	40
	9
	23
	10
	13
	11
	11
	12
	44
	13
	37
	14
	17
	15
	19


	0
	36
	1
	38
	2
	30
	3
	45
	4
	10
	5
	11
	6
	42
	7
	44
	8
	28
	9
	44
	10
	31
	11
	47
	12
	35
	13
	15
	14
	6
	15
	41


	0
	15
	1
	22
	2
	5
	3
	21
	4
	8
	5
	20
	6
	35
	7
	34
	8
	24
	9
	47
	10
	20
	11
	16
	12
	30
	13
	27
	14
	12
	15
	7


	0
	40
	1
	22
	2
	12
	3
	17
	4
	47
	5
	39
	6
	16
	7
	13
	8
	16
	9
	22
	10
	36
	11
	6
	12
	27
	13
	38
	14
	23
	15
	29


	0
	38
	1
	38
	2
	28
	3
	9
	4
	43
	5
	43
	6
	19
	7
	32
	8
	28
	9
	16
	10
	17
	11
	10
	12
	48
	13
	21
	14
	42
	15
	36

