20
8
5

	0
	43
	1
	44
	2
	30
	3
	47
	4
	47
	5
	46
	6
	47
	7
	32


	0
	21
	1
	18
	2
	43
	3
	9
	4
	24
	5
	7
	6
	39
	7
	15


	0
	42
	1
	15
	2
	38
	3
	36
	4
	49
	5
	48
	6
	26
	7
	23


	0
	24
	1
	19
	2
	12
	3
	22
	4
	12
	5
	37
	6
	10
	7
	19


	0
	47
	1
	25
	2
	29
	3
	14
	4
	39
	5
	24
	6
	38
	7
	15


	0
	18
	1
	18
	2
	34
	3
	39
	4
	15
	5
	5
	6
	42
	7
	30


	0
	13
	1
	19
	2
	18
	3
	41
	4
	21
	5
	21
	6
	33
	7
	34


	0
	19
	1
	19
	2
	22
	3
	39
	4
	13
	5
	22
	6
	30
	7
	22


	0
	22
	1
	35
	2
	44
	3
	21
	4
	30
	5
	22
	6
	30
	7
	36


	0
	21
	1
	39
	2
	30
	3
	14
	4
	27
	5
	49
	6
	40
	7
	31


	0
	33
	1
	5
	2
	28
	3
	25
	4
	12
	5
	26
	6
	29
	7
	17


	0
	7
	1
	15
	2
	12
	3
	38
	4
	17
	5
	42
	6
	33
	7
	22


	0
	31
	1
	14
	2
	42
	3
	42
	4
	33
	5
	20
	6
	26
	7
	49


	0
	31
	1
	47
	2
	41
	3
	34
	4
	39
	5
	13
	6
	38
	7
	15


	0
	48
	1
	16
	2
	28
	3
	13
	4
	39
	5
	35
	6
	49
	7
	25


	0
	32
	1
	6
	2
	47
	3
	24
	4
	5
	5
	40
	6
	40
	7
	18


	0
	28
	1
	21
	2
	40
	3
	19
	4
	25
	5
	47
	6
	18
	7
	49


	0
	29
	1
	28
	2
	6
	3
	17
	4
	39
	5
	37
	6
	19
	7
	6


	0
	39
	1
	37
	2
	9
	3
	18
	4
	14
	5
	27
	6
	25
	7
	21


	0
	22
	1
	7
	2
	10
	3
	7
	4
	49
	5
	33
	6
	6
	7
	13

