20
4
5

	0
	16
	1
	27
	2
	47
	3
	9


	0
	28
	1
	46
	2
	45
	3
	40


	0
	29
	1
	6
	2
	44
	3
	28


	0
	47
	1
	45
	2
	43
	3
	48


	0
	33
	1
	25
	2
	18
	3
	17


	0
	41
	1
	29
	2
	23
	3
	14


	0
	29
	1
	16
	2
	38
	3
	21


	0
	22
	1
	9
	2
	33
	3
	35


	0
	39
	1
	26
	2
	35
	3
	22


	0
	39
	1
	36
	2
	49
	3
	17


	0
	28
	1
	20
	2
	40
	3
	41


	0
	44
	1
	35
	2
	49
	3
	46


	0
	11
	1
	47
	2
	11
	3
	48


	0
	42
	1
	5
	2
	45
	3
	23


	0
	18
	1
	24
	2
	41
	3
	44


	0
	18
	1
	46
	2
	47
	3
	44


	0
	22
	1
	16
	2
	24
	3
	45


	0
	35
	1
	36
	2
	37
	3
	6


	0
	25
	1
	40
	2
	6
	3
	23


	0
	49
	1
	48
	2
	20
	3
	13

