20
16
3

	0
	45
	1
	25
	2
	44
	3
	47
	4
	30
	5
	9
	6
	15
	7
	27
	8
	13
	9
	22
	10
	41
	11
	30
	12
	30
	13
	39
	14
	43
	15
	10


	0
	42
	1
	11
	2
	39
	3
	20
	4
	17
	5
	10
	6
	33
	7
	19
	8
	48
	9
	18
	10
	49
	11
	6
	12
	42
	13
	14
	14
	25
	15
	30


	0
	26
	1
	34
	2
	47
	3
	18
	4
	19
	5
	13
	6
	10
	7
	30
	8
	8
	9
	13
	10
	43
	11
	40
	12
	40
	13
	41
	14
	5
	15
	36


	0
	41
	1
	14
	2
	37
	3
	25
	4
	42
	5
	22
	6
	40
	7
	18
	8
	40
	9
	27
	10
	43
	11
	29
	12
	48
	13
	34
	14
	40
	15
	36


	0
	40
	1
	15
	2
	12
	3
	13
	4
	39
	5
	9
	6
	24
	7
	26
	8
	46
	9
	28
	10
	45
	11
	42
	12
	6
	13
	42
	14
	30
	15
	28


	0
	34
	1
	49
	2
	26
	3
	43
	4
	32
	5
	19
	6
	6
	7
	27
	8
	10
	9
	35
	10
	35
	11
	21
	12
	6
	13
	26
	14
	28
	15
	37


	0
	35
	1
	23
	2
	26
	3
	8
	4
	23
	5
	7
	6
	40
	7
	15
	8
	48
	9
	17
	10
	43
	11
	29
	12
	31
	13
	6
	14
	11
	15
	10


	0
	17
	1
	45
	2
	25
	3
	27
	4
	17
	5
	19
	6
	5
	7
	43
	8
	39
	9
	33
	10
	46
	11
	26
	12
	13
	13
	33
	14
	35
	15
	33


	0
	47
	1
	40
	2
	23
	3
	40
	4
	7
	5
	49
	6
	21
	7
	36
	8
	17
	9
	5
	10
	38
	11
	34
	12
	26
	13
	28
	14
	47
	15
	41


	0
	21
	1
	11
	2
	21
	3
	23
	4
	36
	5
	7
	6
	31
	7
	17
	8
	20
	9
	12
	10
	45
	11
	6
	12
	27
	13
	7
	14
	22
	15
	16


	0
	12
	1
	6
	2
	7
	3
	12
	4
	17
	5
	41
	6
	9
	7
	27
	8
	43
	9
	9
	10
	11
	11
	32
	12
	33
	13
	14
	14
	34
	15
	10


	0
	13
	1
	21
	2
	47
	3
	41
	4
	44
	5
	8
	6
	45
	7
	39
	8
	34
	9
	16
	10
	44
	11
	46
	12
	36
	13
	38
	14
	28
	15
	22


	0
	19
	1
	35
	2
	40
	3
	17
	4
	15
	5
	33
	6
	40
	7
	28
	8
	17
	9
	16
	10
	44
	11
	15
	12
	32
	13
	35
	14
	12
	15
	40


	0
	43
	1
	39
	2
	23
	3
	17
	4
	9
	5
	33
	6
	18
	7
	43
	8
	35
	9
	7
	10
	32
	11
	21
	12
	14
	13
	48
	14
	36
	15
	17


	0
	38
	1
	29
	2
	48
	3
	40
	4
	46
	5
	42
	6
	5
	7
	28
	8
	11
	9
	23
	10
	32
	11
	28
	12
	5
	13
	13
	14
	40
	15
	38


	0
	20
	1
	18
	2
	23
	3
	42
	4
	8
	5
	8
	6
	29
	7
	9
	8
	13
	9
	44
	10
	28
	11
	45
	12
	19
	13
	7
	14
	7
	15
	40


	0
	42
	1
	25
	2
	24
	3
	13
	4
	42
	5
	6
	6
	42
	7
	20
	8
	22
	9
	19
	10
	43
	11
	17
	12
	33
	13
	13
	14
	43
	15
	18


	0
	10
	1
	27
	2
	11
	3
	18
	4
	17
	5
	42
	6
	16
	7
	18
	8
	20
	9
	22
	10
	11
	11
	12
	12
	13
	13
	48
	14
	43
	15
	47


	0
	14
	1
	18
	2
	20
	3
	36
	4
	30
	5
	21
	6
	19
	7
	25
	8
	11
	9
	35
	10
	37
	11
	38
	12
	34
	13
	46
	14
	5
	15
	33


	0
	23
	1
	15
	2
	47
	3
	10
	4
	21
	5
	32
	6
	36
	7
	48
	8
	15
	9
	23
	10
	23
	11
	16
	12
	17
	13
	22
	14
	35
	15
	23

