20
8
5

	0
	21
	1
	20
	2
	17
	3
	22
	4
	23
	5
	19
	6
	5
	7
	25


	0
	26
	1
	20
	2
	21
	3
	17
	4
	19
	5
	40
	6
	11
	7
	9


	0
	47
	1
	37
	2
	48
	3
	44
	4
	48
	5
	6
	6
	12
	7
	31


	0
	33
	1
	23
	2
	39
	3
	16
	4
	19
	5
	16
	6
	31
	7
	40


	0
	22
	1
	12
	2
	10
	3
	10
	4
	38
	5
	43
	6
	11
	7
	22


	0
	21
	1
	43
	2
	8
	3
	40
	4
	11
	5
	14
	6
	18
	7
	10


	0
	9
	1
	13
	2
	9
	3
	28
	4
	48
	5
	7
	6
	37
	7
	11


	0
	28
	1
	49
	2
	17
	3
	12
	4
	39
	5
	44
	6
	15
	7
	47


	0
	36
	1
	15
	2
	11
	3
	26
	4
	20
	5
	26
	6
	22
	7
	44


	0
	15
	1
	21
	2
	7
	3
	16
	4
	8
	5
	32
	6
	33
	7
	22


	0
	18
	1
	8
	2
	28
	3
	27
	4
	29
	5
	13
	6
	22
	7
	47


	0
	44
	1
	34
	2
	29
	3
	32
	4
	12
	5
	32
	6
	12
	7
	48


	0
	16
	1
	34
	2
	19
	3
	28
	4
	46
	5
	38
	6
	46
	7
	27


	0
	42
	1
	36
	2
	18
	3
	5
	4
	6
	5
	8
	6
	39
	7
	30


	0
	39
	1
	48
	2
	6
	3
	29
	4
	22
	5
	49
	6
	49
	7
	24


	0
	31
	1
	42
	2
	18
	3
	49
	4
	43
	5
	45
	6
	26
	7
	14


	0
	48
	1
	29
	2
	26
	3
	32
	4
	42
	5
	34
	6
	42
	7
	9


	0
	35
	1
	45
	2
	23
	3
	43
	4
	23
	5
	18
	6
	13
	7
	30


	0
	46
	1
	27
	2
	25
	3
	15
	4
	38
	5
	16
	6
	37
	7
	20


	0
	32
	1
	34
	2
	23
	3
	36
	4
	18
	5
	5
	6
	47
	7
	42

