20
4
5

	0
	31
	1
	22
	2
	33
	3
	9


	0
	8
	1
	10
	2
	49
	3
	21


	0
	16
	1
	23
	2
	23
	3
	10


	0
	40
	1
	11
	2
	40
	3
	28


	0
	23
	1
	21
	2
	29
	3
	49


	0
	36
	1
	39
	2
	43
	3
	29


	0
	43
	1
	18
	2
	35
	3
	8


	0
	45
	1
	46
	2
	5
	3
	28


	0
	26
	1
	37
	2
	14
	3
	5


	0
	15
	1
	7
	2
	47
	3
	9


	0
	29
	1
	32
	2
	26
	3
	9


	0
	5
	1
	23
	2
	29
	3
	23


	0
	19
	1
	18
	2
	5
	3
	16


	0
	6
	1
	25
	2
	7
	3
	25


	0
	9
	1
	34
	2
	12
	3
	38


	0
	28
	1
	33
	2
	48
	3
	6


	0
	11
	1
	16
	2
	41
	3
	21


	0
	16
	1
	9
	2
	47
	3
	32


	0
	48
	1
	12
	2
	46
	3
	26


	0
	25
	1
	32
	2
	24
	3
	19

