20
16
3

	0
	14
	1
	7
	2
	24
	3
	32
	4
	10
	5
	40
	6
	11
	7
	12
	8
	11
	9
	12
	10
	27
	11
	16
	12
	18
	13
	32
	14
	43
	15
	30


	0
	26
	1
	5
	2
	46
	3
	44
	4
	44
	5
	14
	6
	27
	7
	48
	8
	36
	9
	40
	10
	5
	11
	12
	12
	6
	13
	28
	14
	33
	15
	37


	0
	49
	1
	20
	2
	32
	3
	12
	4
	8
	5
	33
	6
	27
	7
	19
	8
	9
	9
	30
	10
	23
	11
	14
	12
	14
	13
	13
	14
	33
	15
	31


	0
	40
	1
	37
	2
	48
	3
	44
	4
	30
	5
	20
	6
	42
	7
	31
	8
	40
	9
	49
	10
	48
	11
	20
	12
	49
	13
	28
	14
	6
	15
	13


	0
	49
	1
	33
	2
	43
	3
	18
	4
	33
	5
	11
	6
	8
	7
	6
	8
	35
	9
	30
	10
	48
	11
	33
	12
	19
	13
	12
	14
	5
	15
	10


	0
	44
	1
	39
	2
	32
	3
	27
	4
	40
	5
	16
	6
	20
	7
	29
	8
	18
	9
	9
	10
	46
	11
	42
	12
	9
	13
	7
	14
	47
	15
	6


	0
	38
	1
	13
	2
	14
	3
	44
	4
	6
	5
	9
	6
	40
	7
	10
	8
	26
	9
	34
	10
	37
	11
	42
	12
	13
	13
	48
	14
	26
	15
	20


	0
	7
	1
	14
	2
	45
	3
	5
	4
	43
	5
	37
	6
	48
	7
	16
	8
	23
	9
	6
	10
	41
	11
	42
	12
	16
	13
	23
	14
	43
	15
	46


	0
	16
	1
	28
	2
	6
	3
	17
	4
	38
	5
	42
	6
	31
	7
	23
	8
	18
	9
	39
	10
	18
	11
	7
	12
	43
	13
	33
	14
	7
	15
	10


	0
	19
	1
	23
	2
	5
	3
	46
	4
	43
	5
	43
	6
	21
	7
	39
	8
	33
	9
	49
	10
	28
	11
	23
	12
	14
	13
	29
	14
	28
	15
	22


	0
	41
	1
	39
	2
	33
	3
	41
	4
	21
	5
	26
	6
	34
	7
	28
	8
	25
	9
	37
	10
	36
	11
	5
	12
	23
	13
	17
	14
	45
	15
	23


	0
	36
	1
	11
	2
	25
	3
	17
	4
	25
	5
	48
	6
	48
	7
	17
	8
	48
	9
	12
	10
	40
	11
	13
	12
	35
	13
	6
	14
	17
	15
	20


	0
	39
	1
	40
	2
	44
	3
	6
	4
	48
	5
	44
	6
	32
	7
	37
	8
	17
	9
	40
	10
	6
	11
	21
	12
	11
	13
	9
	14
	26
	15
	25


	0
	31
	1
	17
	2
	36
	3
	35
	4
	19
	5
	25
	6
	36
	7
	8
	8
	28
	9
	26
	10
	41
	11
	42
	12
	12
	13
	45
	14
	12
	15
	36


	0
	48
	1
	41
	2
	7
	3
	17
	4
	35
	5
	6
	6
	10
	7
	42
	8
	27
	9
	34
	10
	48
	11
	34
	12
	42
	13
	46
	14
	31
	15
	34


	0
	31
	1
	17
	2
	36
	3
	8
	4
	45
	5
	28
	6
	25
	7
	40
	8
	21
	9
	25
	10
	33
	11
	31
	12
	19
	13
	28
	14
	46
	15
	49


	0
	26
	1
	33
	2
	47
	3
	12
	4
	38
	5
	48
	6
	8
	7
	45
	8
	41
	9
	46
	10
	7
	11
	40
	12
	5
	13
	23
	14
	40
	15
	43


	0
	33
	1
	20
	2
	23
	3
	19
	4
	11
	5
	29
	6
	48
	7
	26
	8
	33
	9
	36
	10
	17
	11
	11
	12
	26
	13
	32
	14
	46
	15
	29


	0
	13
	1
	49
	2
	28
	3
	39
	4
	24
	5
	11
	6
	47
	7
	22
	8
	34
	9
	32
	10
	15
	11
	43
	12
	20
	13
	38
	14
	37
	15
	44


	0
	28
	1
	9
	2
	33
	3
	43
	4
	47
	5
	23
	6
	24
	7
	14
	8
	46
	9
	45
	10
	5
	11
	37
	12
	42
	13
	32
	14
	46
	15
	27

