20
16
3

	0
	7
	1
	44
	2
	35
	3
	8
	4
	19
	5
	37
	6
	15
	7
	19
	8
	39
	9
	10
	10
	28
	11
	48
	12
	39
	13
	36
	14
	13
	15
	36


	0
	29
	1
	21
	2
	30
	3
	29
	4
	48
	5
	25
	6
	18
	7
	19
	8
	5
	9
	10
	10
	18
	11
	25
	12
	27
	13
	46
	14
	18
	15
	23


	0
	23
	1
	39
	2
	8
	3
	19
	4
	44
	5
	39
	6
	5
	7
	26
	8
	9
	9
	43
	10
	28
	11
	48
	12
	48
	13
	17
	14
	37
	15
	25


	0
	12
	1
	44
	2
	35
	3
	48
	4
	12
	5
	5
	6
	23
	7
	47
	8
	19
	9
	44
	10
	21
	11
	7
	12
	37
	13
	32
	14
	38
	15
	6


	0
	46
	1
	26
	2
	27
	3
	25
	4
	14
	5
	9
	6
	9
	7
	28
	8
	6
	9
	43
	10
	18
	11
	14
	12
	36
	13
	18
	14
	41
	15
	7


	0
	11
	1
	28
	2
	37
	3
	37
	4
	34
	5
	26
	6
	11
	7
	34
	8
	43
	9
	35
	10
	46
	11
	10
	12
	6
	13
	38
	14
	23
	15
	20


	0
	7
	1
	36
	2
	44
	3
	6
	4
	33
	5
	26
	6
	8
	7
	15
	8
	26
	9
	5
	10
	17
	11
	12
	12
	38
	13
	6
	14
	15
	15
	45


	0
	34
	1
	40
	2
	38
	3
	46
	4
	28
	5
	32
	6
	26
	7
	5
	8
	27
	9
	36
	10
	47
	11
	15
	12
	21
	13
	36
	14
	42
	15
	32


	0
	6
	1
	41
	2
	16
	3
	35
	4
	10
	5
	24
	6
	13
	7
	17
	8
	6
	9
	33
	10
	13
	11
	6
	12
	35
	13
	34
	14
	44
	15
	46


	0
	33
	1
	31
	2
	44
	3
	22
	4
	36
	5
	35
	6
	48
	7
	42
	8
	5
	9
	41
	10
	24
	11
	15
	12
	7
	13
	17
	14
	34
	15
	20


	0
	6
	1
	45
	2
	23
	3
	24
	4
	47
	5
	43
	6
	26
	7
	31
	8
	19
	9
	19
	10
	44
	11
	29
	12
	49
	13
	8
	14
	11
	15
	47


	0
	19
	1
	25
	2
	34
	3
	26
	4
	20
	5
	47
	6
	9
	7
	20
	8
	25
	9
	36
	10
	49
	11
	8
	12
	30
	13
	21
	14
	9
	15
	32


	0
	26
	1
	32
	2
	45
	3
	17
	4
	32
	5
	49
	6
	25
	7
	6
	8
	21
	9
	35
	10
	39
	11
	27
	12
	37
	13
	42
	14
	13
	15
	11


	0
	5
	1
	25
	2
	18
	3
	46
	4
	47
	5
	42
	6
	35
	7
	11
	8
	41
	9
	38
	10
	36
	11
	36
	12
	31
	13
	18
	14
	15
	15
	9


	0
	8
	1
	38
	2
	7
	3
	44
	4
	30
	5
	13
	6
	6
	7
	41
	8
	10
	9
	49
	10
	48
	11
	44
	12
	44
	13
	12
	14
	46
	15
	47


	0
	13
	1
	34
	2
	12
	3
	20
	4
	34
	5
	11
	6
	44
	7
	26
	8
	8
	9
	11
	10
	43
	11
	5
	12
	13
	13
	32
	14
	11
	15
	37


	0
	42
	1
	17
	2
	39
	3
	41
	4
	8
	5
	14
	6
	40
	7
	38
	8
	14
	9
	8
	10
	28
	11
	16
	12
	6
	13
	26
	14
	47
	15
	19


	0
	6
	1
	31
	2
	9
	3
	37
	4
	37
	5
	47
	6
	10
	7
	30
	8
	31
	9
	33
	10
	20
	11
	29
	12
	38
	13
	40
	14
	49
	15
	31


	0
	6
	1
	36
	2
	7
	3
	49
	4
	49
	5
	49
	6
	27
	7
	9
	8
	10
	9
	44
	10
	15
	11
	22
	12
	25
	13
	21
	14
	40
	15
	8


	0
	6
	1
	6
	2
	31
	3
	34
	4
	44
	5
	37
	6
	43
	7
	16
	8
	44
	9
	15
	10
	29
	11
	34
	12
	22
	13
	10
	14
	18
	15
	49

