20
16
4

	0
	48
	1
	43
	2
	29
	3
	45
	4
	22
	5
	33
	6
	31
	7
	29
	8
	48
	9
	19
	10
	46
	11
	44
	12
	21
	13
	28
	14
	18
	15
	17


	0
	11
	1
	10
	2
	14
	3
	11
	4
	30
	5
	12
	6
	17
	7
	45
	8
	17
	9
	14
	10
	41
	11
	47
	12
	10
	13
	36
	14
	8
	15
	18


	0
	24
	1
	23
	2
	42
	3
	26
	4
	45
	5
	18
	6
	36
	7
	15
	8
	11
	9
	42
	10
	25
	11
	39
	12
	12
	13
	39
	14
	23
	15
	46


	0
	41
	1
	43
	2
	39
	3
	35
	4
	25
	5
	34
	6
	47
	7
	10
	8
	10
	9
	40
	10
	18
	11
	43
	12
	47
	13
	11
	14
	33
	15
	35


	0
	46
	1
	41
	2
	35
	3
	43
	4
	46
	5
	13
	6
	46
	7
	5
	8
	5
	9
	41
	10
	48
	11
	47
	12
	29
	13
	24
	14
	11
	15
	15


	0
	12
	1
	9
	2
	33
	3
	43
	4
	13
	5
	16
	6
	45
	7
	14
	8
	9
	9
	47
	10
	43
	11
	27
	12
	35
	13
	19
	14
	42
	15
	30


	0
	11
	1
	47
	2
	14
	3
	16
	4
	12
	5
	42
	6
	16
	7
	37
	8
	28
	9
	26
	10
	25
	11
	34
	12
	43
	13
	47
	14
	20
	15
	14


	0
	32
	1
	34
	2
	32
	3
	26
	4
	45
	5
	46
	6
	36
	7
	23
	8
	11
	9
	27
	10
	20
	11
	40
	12
	5
	13
	38
	14
	24
	15
	32


	0
	13
	1
	48
	2
	32
	3
	24
	4
	46
	5
	30
	6
	17
	7
	9
	8
	38
	9
	39
	10
	6
	11
	10
	12
	16
	13
	16
	14
	10
	15
	47


	0
	11
	1
	23
	2
	7
	3
	32
	4
	31
	5
	36
	6
	10
	7
	14
	8
	28
	9
	41
	10
	49
	11
	12
	12
	42
	13
	15
	14
	13
	15
	9


	0
	12
	1
	46
	2
	33
	3
	7
	4
	37
	5
	40
	6
	35
	7
	47
	8
	33
	9
	31
	10
	27
	11
	13
	12
	26
	13
	10
	14
	25
	15
	6


	0
	36
	1
	28
	2
	22
	3
	26
	4
	17
	5
	34
	6
	28
	7
	17
	8
	31
	9
	44
	10
	48
	11
	40
	12
	13
	13
	41
	14
	21
	15
	7


	0
	36
	1
	43
	2
	39
	3
	40
	4
	38
	5
	12
	6
	26
	7
	15
	8
	32
	9
	14
	10
	8
	11
	19
	12
	22
	13
	22
	14
	37
	15
	44


	0
	43
	1
	30
	2
	7
	3
	39
	4
	30
	5
	28
	6
	42
	7
	13
	8
	21
	9
	36
	10
	47
	11
	28
	12
	49
	13
	31
	14
	38
	15
	29


	0
	16
	1
	46
	2
	25
	3
	29
	4
	9
	5
	24
	6
	49
	7
	5
	8
	23
	9
	15
	10
	5
	11
	12
	12
	47
	13
	17
	14
	44
	15
	48


	0
	39
	1
	14
	2
	48
	3
	8
	4
	34
	5
	10
	6
	14
	7
	27
	8
	38
	9
	49
	10
	37
	11
	27
	12
	13
	13
	10
	14
	25
	15
	45


	0
	7
	1
	43
	2
	23
	3
	25
	4
	5
	5
	10
	6
	30
	7
	15
	8
	49
	9
	16
	10
	22
	11
	30
	12
	47
	13
	48
	14
	33
	15
	48


	0
	45
	1
	21
	2
	23
	3
	36
	4
	27
	5
	25
	6
	6
	7
	25
	8
	10
	9
	45
	10
	18
	11
	48
	12
	7
	13
	7
	14
	48
	15
	30


	0
	46
	1
	29
	2
	29
	3
	14
	4
	34
	5
	19
	6
	48
	7
	19
	8
	24
	9
	23
	10
	45
	11
	32
	12
	36
	13
	16
	14
	14
	15
	40


	0
	40
	1
	22
	2
	38
	3
	44
	4
	8
	5
	36
	6
	39
	7
	43
	8
	46
	9
	42
	10
	17
	11
	18
	12
	10
	13
	31
	14
	24
	15
	32

