20
8
2

	0
	48
	1
	11
	2
	45
	3
	26
	4
	9
	5
	30
	6
	48
	7
	18


	0
	5
	1
	45
	2
	47
	3
	24
	4
	40
	5
	32
	6
	36
	7
	17


	0
	12
	1
	43
	2
	40
	3
	49
	4
	49
	5
	8
	6
	22
	7
	25


	0
	38
	1
	7
	2
	27
	3
	36
	4
	29
	5
	49
	6
	33
	7
	38


	0
	43
	1
	47
	2
	32
	3
	11
	4
	32
	5
	18
	6
	34
	7
	35


	0
	47
	1
	39
	2
	46
	3
	28
	4
	25
	5
	29
	6
	16
	7
	16


	0
	38
	1
	17
	2
	5
	3
	49
	4
	39
	5
	6
	6
	16
	7
	35


	0
	37
	1
	34
	2
	10
	3
	35
	4
	25
	5
	46
	6
	37
	7
	24


	0
	40
	1
	23
	2
	10
	3
	20
	4
	25
	5
	5
	6
	23
	7
	47


	0
	6
	1
	29
	2
	13
	3
	32
	4
	30
	5
	35
	6
	34
	7
	42


	0
	19
	1
	23
	2
	39
	3
	19
	4
	48
	5
	5
	6
	11
	7
	8


	0
	7
	1
	30
	2
	9
	3
	7
	4
	10
	5
	35
	6
	31
	7
	44


	0
	37
	1
	41
	2
	5
	3
	14
	4
	16
	5
	30
	6
	11
	7
	37


	0
	45
	1
	29
	2
	42
	3
	6
	4
	43
	5
	35
	6
	25
	7
	33


	0
	43
	1
	38
	2
	18
	3
	44
	4
	49
	5
	15
	6
	44
	7
	8


	0
	20
	1
	13
	2
	29
	3
	5
	4
	17
	5
	35
	6
	32
	7
	42


	0
	35
	1
	38
	2
	5
	3
	39
	4
	48
	5
	18
	6
	28
	7
	26


	0
	29
	1
	40
	2
	7
	3
	46
	4
	17
	5
	32
	6
	35
	7
	10


	0
	40
	1
	28
	2
	25
	3
	41
	4
	38
	5
	18
	6
	48
	7
	33


	0
	13
	1
	11
	2
	24
	3
	29
	4
	14
	5
	40
	6
	38
	7
	16

