20
4
2

	0
	12
	1
	43
	2
	26
	3
	49


	0
	38
	1
	47
	2
	36
	3
	47


	0
	46
	1
	46
	2
	33
	3
	49


	0
	28
	1
	19
	2
	24
	3
	43


	0
	13
	1
	7
	2
	41
	3
	38


	0
	25
	1
	16
	2
	47
	3
	24


	0
	7
	1
	39
	2
	16
	3
	29


	0
	9
	1
	46
	2
	9
	3
	32


	0
	27
	1
	28
	2
	46
	3
	25


	0
	40
	1
	44
	2
	37
	3
	5


	0
	32
	1
	46
	2
	21
	3
	13


	0
	32
	1
	30
	2
	46
	3
	46


	0
	38
	1
	17
	2
	18
	3
	40


	0
	30
	1
	31
	2
	44
	3
	34


	0
	25
	1
	16
	2
	21
	3
	12


	0
	36
	1
	15
	2
	13
	3
	11


	0
	43
	1
	22
	2
	18
	3
	48


	0
	43
	1
	34
	2
	44
	3
	9


	0
	24
	1
	47
	2
	39
	3
	21


	0
	40
	1
	19
	2
	47
	3
	38

