20
4
4

	0
	45
	1
	31
	2
	18
	3
	49


	0
	28
	1
	13
	2
	27
	3
	30


	0
	32
	1
	21
	2
	12
	3
	29


	0
	16
	1
	14
	2
	15
	3
	26


	0
	23
	1
	20
	2
	14
	3
	8


	0
	10
	1
	44
	2
	6
	3
	44


	0
	30
	1
	48
	2
	29
	3
	37


	0
	21
	1
	31
	2
	19
	3
	17


	0
	9
	1
	41
	2
	42
	3
	10


	0
	41
	1
	11
	2
	30
	3
	21


	0
	21
	1
	33
	2
	16
	3
	33


	0
	11
	1
	25
	2
	49
	3
	23


	0
	35
	1
	40
	2
	30
	3
	10


	0
	9
	1
	47
	2
	43
	3
	34


	0
	27
	1
	45
	2
	15
	3
	25


	0
	26
	1
	8
	2
	17
	3
	16


	0
	33
	1
	26
	2
	26
	3
	22


	0
	27
	1
	29
	2
	36
	3
	13


	0
	5
	1
	32
	2
	24
	3
	6


	0
	7
	1
	9
	2
	20
	3
	34

