20
8
3

	0
	31
	1
	46
	2
	40
	3
	28
	4
	13
	5
	41
	6
	30
	7
	7


	0
	45
	1
	31
	2
	36
	3
	16
	4
	45
	5
	39
	6
	24
	7
	40


	0
	33
	1
	27
	2
	15
	3
	12
	4
	5
	5
	6
	6
	26
	7
	26


	0
	48
	1
	23
	2
	31
	3
	26
	4
	17
	5
	11
	6
	9
	7
	25


	0
	46
	1
	21
	2
	38
	3
	27
	4
	41
	5
	31
	6
	16
	7
	30


	0
	18
	1
	38
	2
	49
	3
	31
	4
	12
	5
	46
	6
	14
	7
	22


	0
	36
	1
	19
	2
	36
	3
	49
	4
	24
	5
	47
	6
	20
	7
	37


	0
	24
	1
	33
	2
	42
	3
	48
	4
	27
	5
	7
	6
	47
	7
	36


	0
	23
	1
	41
	2
	8
	3
	11
	4
	22
	5
	49
	6
	26
	7
	34


	0
	28
	1
	10
	2
	29
	3
	10
	4
	13
	5
	29
	6
	19
	7
	18


	0
	18
	1
	39
	2
	6
	3
	32
	4
	19
	5
	37
	6
	24
	7
	34


	0
	23
	1
	17
	2
	49
	3
	15
	4
	22
	5
	46
	6
	44
	7
	20


	0
	35
	1
	9
	2
	30
	3
	49
	4
	29
	5
	43
	6
	23
	7
	40


	0
	30
	1
	37
	2
	35
	3
	31
	4
	46
	5
	7
	6
	47
	7
	6


	0
	39
	1
	48
	2
	34
	3
	5
	4
	13
	5
	19
	6
	40
	7
	6


	0
	46
	1
	8
	2
	29
	3
	19
	4
	5
	5
	35
	6
	43
	7
	8


	0
	26
	1
	37
	2
	23
	3
	6
	4
	35
	5
	6
	6
	12
	7
	47


	0
	17
	1
	11
	2
	41
	3
	17
	4
	35
	5
	13
	6
	21
	7
	37


	0
	21
	1
	47
	2
	39
	3
	23
	4
	30
	5
	14
	6
	13
	7
	49


	0
	39
	1
	37
	2
	23
	3
	17
	4
	46
	5
	11
	6
	46
	7
	43

