20
16
2

	0
	36
	1
	8
	2
	24
	3
	17
	4
	16
	5
	27
	6
	36
	7
	46
	8
	9
	9
	40
	10
	23
	11
	23
	12
	30
	13
	6
	14
	29
	15
	33


	0
	37
	1
	16
	2
	28
	3
	38
	4
	38
	5
	46
	6
	14
	7
	43
	8
	26
	9
	31
	10
	18
	11
	39
	12
	26
	13
	34
	14
	29
	15
	48


	0
	24
	1
	10
	2
	37
	3
	20
	4
	41
	5
	49
	6
	19
	7
	32
	8
	35
	9
	37
	10
	27
	11
	22
	12
	17
	13
	10
	14
	30
	15
	24


	0
	18
	1
	25
	2
	45
	3
	29
	4
	5
	5
	27
	6
	27
	7
	42
	8
	43
	9
	28
	10
	26
	11
	31
	12
	12
	13
	19
	14
	38
	15
	26


	0
	28
	1
	41
	2
	15
	3
	5
	4
	27
	5
	24
	6
	13
	7
	23
	8
	16
	9
	15
	10
	14
	11
	46
	12
	41
	13
	48
	14
	47
	15
	19


	0
	49
	1
	16
	2
	25
	3
	33
	4
	8
	5
	26
	6
	33
	7
	27
	8
	19
	9
	28
	10
	7
	11
	17
	12
	11
	13
	24
	14
	35
	15
	36


	0
	25
	1
	7
	2
	8
	3
	48
	4
	15
	5
	31
	6
	27
	7
	29
	8
	9
	9
	18
	10
	49
	11
	22
	12
	40
	13
	27
	14
	26
	15
	19


	0
	22
	1
	31
	2
	29
	3
	35
	4
	22
	5
	48
	6
	27
	7
	11
	8
	23
	9
	26
	10
	9
	11
	24
	12
	24
	13
	29
	14
	10
	15
	41


	0
	10
	1
	48
	2
	22
	3
	34
	4
	7
	5
	42
	6
	40
	7
	27
	8
	37
	9
	7
	10
	39
	11
	43
	12
	14
	13
	48
	14
	37
	15
	25


	0
	24
	1
	29
	2
	47
	3
	41
	4
	11
	5
	47
	6
	35
	7
	40
	8
	32
	9
	33
	10
	32
	11
	14
	12
	21
	13
	13
	14
	32
	15
	19


	0
	39
	1
	38
	2
	47
	3
	11
	4
	36
	5
	19
	6
	37
	7
	47
	8
	22
	9
	21
	10
	47
	11
	18
	12
	10
	13
	28
	14
	11
	15
	29


	0
	8
	1
	14
	2
	30
	3
	19
	4
	40
	5
	38
	6
	27
	7
	35
	8
	28
	9
	14
	10
	46
	11
	21
	12
	18
	13
	40
	14
	21
	15
	30


	0
	7
	1
	5
	2
	13
	3
	35
	4
	18
	5
	47
	6
	25
	7
	17
	8
	21
	9
	34
	10
	26
	11
	12
	12
	36
	13
	20
	14
	48
	15
	44


	0
	43
	1
	6
	2
	28
	3
	47
	4
	15
	5
	33
	6
	14
	7
	11
	8
	6
	9
	48
	10
	27
	11
	34
	12
	12
	13
	6
	14
	30
	15
	45


	0
	20
	1
	21
	2
	28
	3
	22
	4
	39
	5
	27
	6
	40
	7
	16
	8
	35
	9
	10
	10
	14
	11
	15
	12
	7
	13
	10
	14
	17
	15
	42


	0
	8
	1
	38
	2
	7
	3
	14
	4
	36
	5
	40
	6
	25
	7
	40
	8
	40
	9
	33
	10
	18
	11
	37
	12
	43
	13
	44
	14
	7
	15
	24


	0
	8
	1
	24
	2
	43
	3
	26
	4
	34
	5
	15
	6
	38
	7
	44
	8
	47
	9
	47
	10
	13
	11
	13
	12
	31
	13
	38
	14
	31
	15
	18


	0
	5
	1
	10
	2
	5
	3
	17
	4
	17
	5
	49
	6
	9
	7
	30
	8
	30
	9
	34
	10
	25
	11
	17
	12
	34
	13
	42
	14
	19
	15
	49


	0
	14
	1
	46
	2
	15
	3
	19
	4
	39
	5
	17
	6
	35
	7
	35
	8
	22
	9
	39
	10
	10
	11
	7
	12
	49
	13
	12
	14
	24
	15
	47


	0
	19
	1
	34
	2
	11
	3
	25
	4
	37
	5
	32
	6
	23
	7
	35
	8
	22
	9
	10
	10
	15
	11
	22
	12
	7
	13
	43
	14
	37
	15
	9

