20
4
2

	0
	35
	1
	49
	2
	44
	3
	23


	0
	21
	1
	46
	2
	41
	3
	27


	0
	22
	1
	22
	2
	10
	3
	18


	0
	39
	1
	24
	2
	43
	3
	45


	0
	33
	1
	39
	2
	39
	3
	28


	0
	20
	1
	43
	2
	34
	3
	16


	0
	31
	1
	26
	2
	32
	3
	17


	0
	10
	1
	38
	2
	23
	3
	16


	0
	16
	1
	6
	2
	49
	3
	12


	0
	49
	1
	14
	2
	30
	3
	8


	0
	9
	1
	38
	2
	8
	3
	18


	0
	40
	1
	24
	2
	29
	3
	46


	0
	21
	1
	14
	2
	18
	3
	23


	0
	17
	1
	36
	2
	5
	3
	48


	0
	48
	1
	37
	2
	10
	3
	7


	0
	36
	1
	25
	2
	33
	3
	21


	0
	16
	1
	40
	2
	18
	3
	13


	0
	9
	1
	45
	2
	5
	3
	37


	0
	47
	1
	28
	2
	26
	3
	19


	0
	46
	1
	33
	2
	40
	3
	38

