20
16
5

	0
	43
	1
	5
	2
	31
	3
	33
	4
	8
	5
	15
	6
	19
	7
	42
	8
	20
	9
	20
	10
	7
	11
	34
	12
	28
	13
	26
	14
	36
	15
	39


	0
	11
	1
	48
	2
	45
	3
	40
	4
	41
	5
	26
	6
	7
	7
	37
	8
	9
	9
	9
	10
	13
	11
	36
	12
	18
	13
	22
	14
	8
	15
	34


	0
	18
	1
	29
	2
	12
	3
	14
	4
	18
	5
	42
	6
	39
	7
	7
	8
	31
	9
	10
	10
	32
	11
	22
	12
	19
	13
	30
	14
	15
	15
	12


	0
	34
	1
	26
	2
	25
	3
	34
	4
	15
	5
	15
	6
	41
	7
	22
	8
	26
	9
	44
	10
	24
	11
	7
	12
	15
	13
	17
	14
	45
	15
	46


	0
	40
	1
	18
	2
	46
	3
	43
	4
	27
	5
	42
	6
	12
	7
	32
	8
	20
	9
	43
	10
	20
	11
	6
	12
	39
	13
	40
	14
	33
	15
	7


	0
	39
	1
	40
	2
	44
	3
	31
	4
	43
	5
	26
	6
	24
	7
	19
	8
	11
	9
	6
	10
	49
	11
	48
	12
	7
	13
	30
	14
	42
	15
	42


	0
	47
	1
	37
	2
	49
	3
	36
	4
	40
	5
	9
	6
	19
	7
	40
	8
	10
	9
	9
	10
	13
	11
	13
	12
	24
	13
	34
	14
	13
	15
	36


	0
	40
	1
	28
	2
	8
	3
	47
	4
	29
	5
	8
	6
	39
	7
	6
	8
	18
	9
	14
	10
	28
	11
	16
	12
	14
	13
	17
	14
	33
	15
	40


	0
	43
	1
	19
	2
	33
	3
	27
	4
	45
	5
	39
	6
	48
	7
	19
	8
	49
	9
	28
	10
	5
	11
	41
	12
	12
	13
	18
	14
	18
	15
	13


	0
	44
	1
	28
	2
	12
	3
	12
	4
	26
	5
	15
	6
	30
	7
	42
	8
	17
	9
	36
	10
	13
	11
	21
	12
	12
	13
	41
	14
	38
	15
	7


	0
	37
	1
	45
	2
	16
	3
	13
	4
	23
	5
	19
	6
	44
	7
	30
	8
	49
	9
	6
	10
	39
	11
	30
	12
	18
	13
	30
	14
	30
	15
	44


	0
	47
	1
	17
	2
	37
	3
	28
	4
	39
	5
	12
	6
	12
	7
	18
	8
	25
	9
	32
	10
	25
	11
	21
	12
	35
	13
	26
	14
	24
	15
	12


	0
	49
	1
	31
	2
	41
	3
	15
	4
	6
	5
	24
	6
	8
	7
	43
	8
	29
	9
	49
	10
	42
	11
	29
	12
	43
	13
	46
	14
	5
	15
	24


	0
	27
	1
	46
	2
	49
	3
	20
	4
	33
	5
	13
	6
	31
	7
	20
	8
	44
	9
	39
	10
	33
	11
	34
	12
	14
	13
	6
	14
	49
	15
	23


	0
	15
	1
	31
	2
	11
	3
	28
	4
	23
	5
	47
	6
	40
	7
	11
	8
	26
	9
	49
	10
	22
	11
	35
	12
	45
	13
	46
	14
	28
	15
	14


	0
	5
	1
	18
	2
	28
	3
	37
	4
	24
	5
	23
	6
	33
	7
	19
	8
	19
	9
	11
	10
	41
	11
	30
	12
	44
	13
	18
	14
	10
	15
	39


	0
	32
	1
	29
	2
	34
	3
	18
	4
	35
	5
	11
	6
	20
	7
	22
	8
	21
	9
	38
	10
	25
	11
	24
	12
	41
	13
	27
	14
	9
	15
	47


	0
	28
	1
	23
	2
	43
	3
	31
	4
	22
	5
	26
	6
	10
	7
	15
	8
	15
	9
	44
	10
	46
	11
	44
	12
	46
	13
	45
	14
	23
	15
	26


	0
	18
	1
	26
	2
	44
	3
	13
	4
	26
	5
	9
	6
	34
	7
	9
	8
	41
	9
	11
	10
	36
	11
	21
	12
	23
	13
	30
	14
	39
	15
	30


	0
	37
	1
	16
	2
	41
	3
	7
	4
	18
	5
	13
	6
	20
	7
	12
	8
	46
	9
	49
	10
	21
	11
	45
	12
	41
	13
	49
	14
	5
	15
	31

