20
8
5

	0
	43
	1
	36
	2
	24
	3
	23
	4
	35
	5
	20
	6
	41
	7
	49


	0
	28
	1
	12
	2
	5
	3
	19
	4
	9
	5
	44
	6
	11
	7
	35


	0
	46
	1
	42
	2
	45
	3
	38
	4
	41
	5
	16
	6
	45
	7
	14


	0
	14
	1
	44
	2
	7
	3
	39
	4
	22
	5
	42
	6
	9
	7
	43


	0
	24
	1
	41
	2
	48
	3
	18
	4
	33
	5
	19
	6
	22
	7
	38


	0
	40
	1
	7
	2
	14
	3
	42
	4
	9
	5
	27
	6
	33
	7
	12


	0
	37
	1
	47
	2
	43
	3
	32
	4
	7
	5
	36
	6
	12
	7
	29


	0
	8
	1
	11
	2
	16
	3
	42
	4
	38
	5
	14
	6
	20
	7
	27


	0
	29
	1
	19
	2
	28
	3
	40
	4
	15
	5
	5
	6
	37
	7
	33


	0
	39
	1
	23
	2
	44
	3
	20
	4
	13
	5
	39
	6
	48
	7
	12


	0
	26
	1
	25
	2
	15
	3
	45
	4
	33
	5
	40
	6
	26
	7
	34


	0
	42
	1
	9
	2
	49
	3
	12
	4
	8
	5
	29
	6
	28
	7
	19


	0
	23
	1
	43
	2
	35
	3
	41
	4
	7
	5
	25
	6
	40
	7
	5


	0
	46
	1
	48
	2
	48
	3
	7
	4
	21
	5
	45
	6
	5
	7
	13


	0
	9
	1
	35
	2
	17
	3
	38
	4
	11
	5
	46
	6
	39
	7
	10


	0
	30
	1
	35
	2
	37
	3
	30
	4
	28
	5
	11
	6
	44
	7
	30


	0
	42
	1
	40
	2
	42
	3
	45
	4
	12
	5
	47
	6
	31
	7
	6


	0
	26
	1
	16
	2
	35
	3
	21
	4
	13
	5
	27
	6
	28
	7
	46


	0
	17
	1
	12
	2
	37
	3
	5
	4
	17
	5
	23
	6
	32
	7
	35


	0
	26
	1
	44
	2
	39
	3
	26
	4
	20
	5
	47
	6
	12
	7
	35

