20
16
3

	0
	10
	1
	28
	2
	12
	3
	32
	4
	41
	5
	42
	6
	44
	7
	28
	8
	26
	9
	7
	10
	11
	11
	17
	12
	17
	13
	41
	14
	49
	15
	37


	0
	23
	1
	29
	2
	21
	3
	5
	4
	46
	5
	11
	6
	21
	7
	42
	8
	25
	9
	48
	10
	27
	11
	47
	12
	30
	13
	46
	14
	45
	15
	17


	0
	32
	1
	22
	2
	20
	3
	49
	4
	47
	5
	43
	6
	38
	7
	14
	8
	36
	9
	29
	10
	10
	11
	43
	12
	9
	13
	6
	14
	37
	15
	26


	0
	32
	1
	17
	2
	10
	3
	8
	4
	30
	5
	18
	6
	38
	7
	27
	8
	17
	9
	8
	10
	19
	11
	36
	12
	25
	13
	30
	14
	34
	15
	5


	0
	38
	1
	30
	2
	47
	3
	35
	4
	23
	5
	42
	6
	5
	7
	14
	8
	49
	9
	43
	10
	21
	11
	20
	12
	26
	13
	34
	14
	43
	15
	32


	0
	20
	1
	7
	2
	8
	3
	28
	4
	34
	5
	36
	6
	34
	7
	47
	8
	34
	9
	32
	10
	33
	11
	16
	12
	32
	13
	18
	14
	10
	15
	16


	0
	36
	1
	11
	2
	35
	3
	10
	4
	43
	5
	6
	6
	36
	7
	28
	8
	31
	9
	39
	10
	30
	11
	26
	12
	8
	13
	34
	14
	6
	15
	27


	0
	19
	1
	15
	2
	48
	3
	29
	4
	41
	5
	40
	6
	12
	7
	48
	8
	49
	9
	36
	10
	25
	11
	46
	12
	19
	13
	18
	14
	36
	15
	8


	0
	45
	1
	10
	2
	10
	3
	17
	4
	43
	5
	19
	6
	30
	7
	49
	8
	44
	9
	9
	10
	16
	11
	14
	12
	7
	13
	26
	14
	14
	15
	47


	0
	13
	1
	15
	2
	13
	3
	7
	4
	35
	5
	12
	6
	44
	7
	23
	8
	46
	9
	17
	10
	36
	11
	25
	12
	25
	13
	32
	14
	10
	15
	23


	0
	7
	1
	10
	2
	24
	3
	42
	4
	5
	5
	26
	6
	16
	7
	49
	8
	34
	9
	32
	10
	40
	11
	31
	12
	11
	13
	33
	14
	18
	15
	47


	0
	16
	1
	47
	2
	37
	3
	27
	4
	26
	5
	32
	6
	12
	7
	19
	8
	30
	9
	5
	10
	39
	11
	31
	12
	37
	13
	46
	14
	31
	15
	38


	0
	12
	1
	10
	2
	35
	3
	49
	4
	32
	5
	34
	6
	24
	7
	12
	8
	34
	9
	39
	10
	42
	11
	39
	12
	43
	13
	8
	14
	8
	15
	27


	0
	44
	1
	8
	2
	42
	3
	14
	4
	30
	5
	7
	6
	8
	7
	17
	8
	28
	9
	17
	10
	24
	11
	14
	12
	43
	13
	30
	14
	19
	15
	21


	0
	28
	1
	24
	2
	27
	3
	14
	4
	25
	5
	28
	6
	48
	7
	48
	8
	17
	9
	6
	10
	21
	11
	44
	12
	49
	13
	42
	14
	45
	15
	30


	0
	29
	1
	7
	2
	39
	3
	23
	4
	20
	5
	12
	6
	32
	7
	40
	8
	37
	9
	48
	10
	8
	11
	10
	12
	49
	13
	10
	14
	42
	15
	24


	0
	34
	1
	38
	2
	39
	3
	18
	4
	21
	5
	22
	6
	40
	7
	33
	8
	24
	9
	14
	10
	36
	11
	14
	12
	18
	13
	22
	14
	7
	15
	16


	0
	5
	1
	9
	2
	15
	3
	27
	4
	39
	5
	41
	6
	11
	7
	41
	8
	34
	9
	19
	10
	14
	11
	25
	12
	14
	13
	8
	14
	11
	15
	42


	0
	44
	1
	49
	2
	23
	3
	12
	4
	29
	5
	24
	6
	6
	7
	23
	8
	22
	9
	17
	10
	8
	11
	18
	12
	38
	13
	14
	14
	28
	15
	47


	0
	36
	1
	11
	2
	12
	3
	27
	4
	46
	5
	21
	6
	26
	7
	33
	8
	35
	9
	44
	10
	8
	11
	12
	12
	13
	13
	36
	14
	7
	15
	9

