20
16
4

	0
	36
	1
	35
	2
	17
	3
	31
	4
	23
	5
	16
	6
	8
	7
	5
	8
	44
	9
	34
	10
	15
	11
	31
	12
	14
	13
	6
	14
	10
	15
	42


	0
	34
	1
	21
	2
	5
	3
	35
	4
	20
	5
	9
	6
	47
	7
	12
	8
	30
	9
	15
	10
	40
	11
	21
	12
	26
	13
	22
	14
	20
	15
	49


	0
	19
	1
	39
	2
	49
	3
	8
	4
	14
	5
	41
	6
	44
	7
	32
	8
	28
	9
	31
	10
	21
	11
	6
	12
	39
	13
	43
	14
	37
	15
	43


	0
	45
	1
	19
	2
	29
	3
	7
	4
	27
	5
	14
	6
	35
	7
	44
	8
	47
	9
	47
	10
	20
	11
	42
	12
	18
	13
	16
	14
	6
	15
	10


	0
	34
	1
	33
	2
	28
	3
	5
	4
	18
	5
	40
	6
	26
	7
	22
	8
	39
	9
	9
	10
	34
	11
	17
	12
	44
	13
	43
	14
	15
	15
	10


	0
	25
	1
	21
	2
	45
	3
	9
	4
	48
	5
	12
	6
	32
	7
	42
	8
	17
	9
	32
	10
	38
	11
	32
	12
	7
	13
	11
	14
	34
	15
	49


	0
	36
	1
	46
	2
	35
	3
	13
	4
	28
	5
	25
	6
	33
	7
	30
	8
	48
	9
	47
	10
	10
	11
	6
	12
	39
	13
	10
	14
	44
	15
	14


	0
	13
	1
	14
	2
	40
	3
	12
	4
	45
	5
	15
	6
	19
	7
	5
	8
	48
	9
	29
	10
	22
	11
	21
	12
	5
	13
	14
	14
	36
	15
	17


	0
	11
	1
	41
	2
	13
	3
	10
	4
	37
	5
	29
	6
	31
	7
	41
	8
	11
	9
	36
	10
	9
	11
	45
	12
	31
	13
	17
	14
	9
	15
	48


	0
	45
	1
	6
	2
	36
	3
	48
	4
	36
	5
	38
	6
	40
	7
	47
	8
	46
	9
	39
	10
	44
	11
	39
	12
	21
	13
	23
	14
	7
	15
	5


	0
	12
	1
	34
	2
	5
	3
	35
	4
	19
	5
	5
	6
	15
	7
	39
	8
	13
	9
	23
	10
	7
	11
	10
	12
	20
	13
	30
	14
	22
	15
	14


	0
	41
	1
	26
	2
	24
	3
	43
	4
	44
	5
	5
	6
	46
	7
	6
	8
	45
	9
	31
	10
	7
	11
	29
	12
	22
	13
	32
	14
	29
	15
	43


	0
	22
	1
	40
	2
	27
	3
	19
	4
	20
	5
	41
	6
	27
	7
	31
	8
	5
	9
	13
	10
	31
	11
	17
	12
	29
	13
	47
	14
	43
	15
	16


	0
	9
	1
	32
	2
	20
	3
	20
	4
	15
	5
	29
	6
	11
	7
	26
	8
	31
	9
	27
	10
	49
	11
	27
	12
	49
	13
	44
	14
	43
	15
	6


	0
	38
	1
	16
	2
	15
	3
	12
	4
	46
	5
	28
	6
	26
	7
	26
	8
	37
	9
	47
	10
	35
	11
	36
	12
	29
	13
	36
	14
	34
	15
	28


	0
	28
	1
	31
	2
	35
	3
	23
	4
	35
	5
	39
	6
	12
	7
	15
	8
	8
	9
	43
	10
	49
	11
	32
	12
	22
	13
	48
	14
	17
	15
	41


	0
	35
	1
	9
	2
	45
	3
	9
	4
	35
	5
	49
	6
	40
	7
	40
	8
	41
	9
	47
	10
	29
	11
	19
	12
	33
	13
	48
	14
	49
	15
	28


	0
	34
	1
	41
	2
	7
	3
	46
	4
	37
	5
	24
	6
	38
	7
	44
	8
	26
	9
	21
	10
	30
	11
	46
	12
	27
	13
	25
	14
	39
	15
	37


	0
	42
	1
	42
	2
	28
	3
	6
	4
	8
	5
	40
	6
	22
	7
	38
	8
	46
	9
	33
	10
	32
	11
	27
	12
	36
	13
	27
	14
	49
	15
	34


	0
	5
	1
	18
	2
	31
	3
	20
	4
	49
	5
	18
	6
	6
	7
	43
	8
	39
	9
	26
	10
	36
	11
	14
	12
	8
	13
	24
	14
	9
	15
	38

