20
4
4

	0
	16
	1
	26
	2
	30
	3
	24


	0
	39
	1
	10
	2
	30
	3
	18


	0
	37
	1
	37
	2
	33
	3
	46


	0
	6
	1
	7
	2
	13
	3
	14


	0
	40
	1
	34
	2
	9
	3
	43


	0
	48
	1
	6
	2
	29
	3
	42


	0
	44
	1
	15
	2
	13
	3
	34


	0
	27
	1
	26
	2
	40
	3
	36


	0
	40
	1
	30
	2
	27
	3
	47


	0
	46
	1
	46
	2
	19
	3
	20


	0
	44
	1
	27
	2
	32
	3
	25


	0
	39
	1
	12
	2
	16
	3
	36


	0
	11
	1
	25
	2
	26
	3
	30


	0
	49
	1
	11
	2
	10
	3
	43


	0
	30
	1
	26
	2
	14
	3
	44


	0
	31
	1
	47
	2
	19
	3
	29


	0
	22
	1
	42
	2
	48
	3
	45


	0
	12
	1
	38
	2
	34
	3
	11


	0
	33
	1
	40
	2
	48
	3
	33


	0
	9
	1
	5
	2
	25
	3
	33

