20
4
5

	0
	7
	1
	44
	2
	9
	3
	33


	0
	18
	1
	43
	2
	22
	3
	45


	0
	21
	1
	5
	2
	12
	3
	6


	0
	20
	1
	33
	2
	36
	3
	22


	0
	31
	1
	44
	2
	30
	3
	45


	0
	31
	1
	44
	2
	39
	3
	36


	0
	33
	1
	43
	2
	20
	3
	15


	0
	5
	1
	12
	2
	7
	3
	47


	0
	29
	1
	7
	2
	26
	3
	45


	0
	46
	1
	40
	2
	15
	3
	22


	0
	26
	1
	42
	2
	6
	3
	36


	0
	19
	1
	45
	2
	44
	3
	22


	0
	11
	1
	9
	2
	13
	3
	25


	0
	42
	1
	7
	2
	24
	3
	16


	0
	16
	1
	11
	2
	44
	3
	41


	0
	12
	1
	11
	2
	16
	3
	24


	0
	49
	1
	39
	2
	46
	3
	43


	0
	19
	1
	34
	2
	6
	3
	20


	0
	37
	1
	43
	2
	40
	3
	49


	0
	26
	1
	33
	2
	15
	3
	32

