20
4
3

	0
	46
	1
	39
	2
	39
	3
	25


	0
	42
	1
	8
	2
	14
	3
	14


	0
	43
	1
	45
	2
	25
	3
	47


	0
	26
	1
	11
	2
	47
	3
	10


	0
	13
	1
	37
	2
	15
	3
	33


	0
	17
	1
	49
	2
	33
	3
	35


	0
	12
	1
	35
	2
	24
	3
	48


	0
	40
	1
	25
	2
	7
	3
	15


	0
	6
	1
	15
	2
	34
	3
	34


	0
	24
	1
	13
	2
	23
	3
	15


	0
	15
	1
	43
	2
	41
	3
	18


	0
	31
	1
	32
	2
	28
	3
	42


	0
	8
	1
	13
	2
	13
	3
	11


	0
	38
	1
	45
	2
	31
	3
	22


	0
	32
	1
	30
	2
	49
	3
	28


	0
	20
	1
	24
	2
	9
	3
	29


	0
	20
	1
	27
	2
	28
	3
	8


	0
	26
	1
	35
	2
	35
	3
	39


	0
	40
	1
	21
	2
	21
	3
	8


	0
	28
	1
	45
	2
	29
	3
	36

