20
16
4

	0
	13
	1
	8
	2
	25
	3
	24
	4
	40
	5
	48
	6
	25
	7
	39
	8
	12
	9
	36
	10
	10
	11
	22
	12
	16
	13
	33
	14
	15
	15
	24


	0
	48
	1
	47
	2
	44
	3
	7
	4
	12
	5
	5
	6
	29
	7
	26
	8
	27
	9
	23
	10
	45
	11
	41
	12
	26
	13
	16
	14
	24
	15
	21


	0
	8
	1
	19
	2
	16
	3
	41
	4
	21
	5
	45
	6
	28
	7
	45
	8
	36
	9
	45
	10
	20
	11
	43
	12
	29
	13
	11
	14
	11
	15
	10


	0
	7
	1
	31
	2
	17
	3
	8
	4
	18
	5
	21
	6
	11
	7
	21
	8
	36
	9
	20
	10
	44
	11
	37
	12
	35
	13
	48
	14
	9
	15
	15


	0
	40
	1
	44
	2
	9
	3
	30
	4
	30
	5
	17
	6
	44
	7
	42
	8
	10
	9
	14
	10
	34
	11
	44
	12
	9
	13
	24
	14
	39
	15
	22


	0
	37
	1
	19
	2
	46
	3
	24
	4
	24
	5
	26
	6
	22
	7
	20
	8
	20
	9
	41
	10
	15
	11
	17
	12
	29
	13
	15
	14
	32
	15
	44


	0
	7
	1
	16
	2
	41
	3
	44
	4
	5
	5
	33
	6
	21
	7
	15
	8
	11
	9
	11
	10
	28
	11
	25
	12
	11
	13
	38
	14
	31
	15
	7


	0
	30
	1
	40
	2
	9
	3
	22
	4
	8
	5
	7
	6
	32
	7
	11
	8
	46
	9
	47
	10
	29
	11
	39
	12
	25
	13
	27
	14
	25
	15
	25


	0
	30
	1
	45
	2
	43
	3
	31
	4
	45
	5
	28
	6
	44
	7
	15
	8
	28
	9
	24
	10
	46
	11
	26
	12
	47
	13
	27
	14
	35
	15
	26


	0
	14
	1
	9
	2
	17
	3
	23
	4
	43
	5
	24
	6
	11
	7
	33
	8
	12
	9
	36
	10
	12
	11
	47
	12
	13
	13
	26
	14
	25
	15
	46


	0
	47
	1
	24
	2
	29
	3
	37
	4
	20
	5
	5
	6
	23
	7
	47
	8
	26
	9
	17
	10
	29
	11
	42
	12
	24
	13
	14
	14
	43
	15
	38


	0
	11
	1
	15
	2
	39
	3
	14
	4
	12
	5
	26
	6
	33
	7
	13
	8
	46
	9
	34
	10
	23
	11
	37
	12
	37
	13
	5
	14
	37
	15
	30


	0
	25
	1
	21
	2
	40
	3
	19
	4
	29
	5
	12
	6
	49
	7
	17
	8
	37
	9
	36
	10
	28
	11
	13
	12
	9
	13
	42
	14
	12
	15
	9


	0
	28
	1
	35
	2
	18
	3
	22
	4
	49
	5
	6
	6
	35
	7
	47
	8
	6
	9
	12
	10
	40
	11
	33
	12
	28
	13
	35
	14
	23
	15
	10


	0
	10
	1
	35
	2
	36
	3
	40
	4
	24
	5
	14
	6
	39
	7
	39
	8
	18
	9
	16
	10
	38
	11
	43
	12
	25
	13
	15
	14
	28
	15
	47


	0
	45
	1
	17
	2
	26
	3
	29
	4
	11
	5
	35
	6
	45
	7
	40
	8
	23
	9
	19
	10
	47
	11
	42
	12
	41
	13
	32
	14
	7
	15
	24


	0
	22
	1
	12
	2
	19
	3
	42
	4
	45
	5
	16
	6
	14
	7
	22
	8
	41
	9
	43
	10
	23
	11
	46
	12
	36
	13
	13
	14
	25
	15
	10


	0
	11
	1
	41
	2
	43
	3
	37
	4
	19
	5
	45
	6
	7
	7
	18
	8
	14
	9
	18
	10
	26
	11
	18
	12
	23
	13
	46
	14
	43
	15
	19


	0
	42
	1
	27
	2
	24
	3
	33
	4
	7
	5
	6
	6
	17
	7
	17
	8
	37
	9
	27
	10
	38
	11
	34
	12
	21
	13
	45
	14
	45
	15
	23


	0
	29
	1
	26
	2
	26
	3
	24
	4
	37
	5
	17
	6
	22
	7
	5
	8
	15
	9
	21
	10
	5
	11
	38
	12
	24
	13
	8
	14
	16
	15
	31

