20
8
5

	0
	28
	1
	19
	2
	9
	3
	33
	4
	35
	5
	6
	6
	23
	7
	46


	0
	34
	1
	32
	2
	24
	3
	48
	4
	48
	5
	26
	6
	38
	7
	10


	0
	21
	1
	10
	2
	49
	3
	37
	4
	17
	5
	37
	6
	29
	7
	9


	0
	45
	1
	16
	2
	34
	3
	9
	4
	18
	5
	37
	6
	19
	7
	9


	0
	11
	1
	32
	2
	24
	3
	17
	4
	12
	5
	39
	6
	47
	7
	28


	0
	14
	1
	24
	2
	12
	3
	24
	4
	27
	5
	11
	6
	33
	7
	15


	0
	7
	1
	16
	2
	35
	3
	29
	4
	23
	5
	20
	6
	7
	7
	17


	0
	39
	1
	42
	2
	30
	3
	23
	4
	19
	5
	13
	6
	37
	7
	15


	0
	8
	1
	6
	2
	10
	3
	18
	4
	17
	5
	37
	6
	8
	7
	29


	0
	12
	1
	30
	2
	20
	3
	5
	4
	13
	5
	7
	6
	26
	7
	36


	0
	15
	1
	28
	2
	11
	3
	47
	4
	17
	5
	41
	6
	8
	7
	7


	0
	16
	1
	46
	2
	8
	3
	37
	4
	35
	5
	21
	6
	15
	7
	45


	0
	16
	1
	42
	2
	11
	3
	33
	4
	17
	5
	22
	6
	30
	7
	33


	0
	44
	1
	39
	2
	9
	3
	42
	4
	29
	5
	24
	6
	6
	7
	18


	0
	7
	1
	16
	2
	22
	3
	32
	4
	36
	5
	25
	6
	14
	7
	42


	0
	28
	1
	21
	2
	7
	3
	34
	4
	30
	5
	6
	6
	13
	7
	27


	0
	38
	1
	12
	2
	19
	3
	9
	4
	10
	5
	41
	6
	46
	7
	35


	0
	5
	1
	47
	2
	15
	3
	34
	4
	17
	5
	40
	6
	49
	7
	33


	0
	20
	1
	48
	2
	49
	3
	27
	4
	28
	5
	9
	6
	33
	7
	21


	0
	6
	1
	12
	2
	6
	3
	21
	4
	38
	5
	23
	6
	7
	7
	10

