20
8
2

	0
	17
	1
	49
	2
	9
	3
	22
	4
	42
	5
	6
	6
	28
	7
	16


	0
	48
	1
	25
	2
	9
	3
	40
	4
	14
	5
	25
	6
	11
	7
	37


	0
	18
	1
	34
	2
	21
	3
	30
	4
	24
	5
	47
	6
	48
	7
	12


	0
	24
	1
	45
	2
	35
	3
	17
	4
	28
	5
	27
	6
	10
	7
	39


	0
	36
	1
	6
	2
	18
	3
	26
	4
	6
	5
	47
	6
	26
	7
	9


	0
	10
	1
	17
	2
	18
	3
	25
	4
	5
	5
	20
	6
	34
	7
	14


	0
	48
	1
	26
	2
	21
	3
	44
	4
	24
	5
	40
	6
	38
	7
	45


	0
	21
	1
	17
	2
	16
	3
	41
	4
	12
	5
	35
	6
	19
	7
	47


	0
	42
	1
	11
	2
	7
	3
	39
	4
	36
	5
	25
	6
	7
	7
	5


	0
	18
	1
	36
	2
	35
	3
	34
	4
	34
	5
	45
	6
	43
	7
	23


	0
	35
	1
	32
	2
	7
	3
	9
	4
	33
	5
	8
	6
	41
	7
	32


	0
	15
	1
	6
	2
	47
	3
	6
	4
	41
	5
	38
	6
	6
	7
	34


	0
	37
	1
	25
	2
	10
	3
	49
	4
	8
	5
	32
	6
	36
	7
	36


	0
	41
	1
	46
	2
	39
	3
	15
	4
	43
	5
	48
	6
	13
	7
	45


	0
	20
	1
	22
	2
	21
	3
	13
	4
	6
	5
	14
	6
	41
	7
	15


	0
	18
	1
	17
	2
	6
	3
	14
	4
	32
	5
	42
	6
	25
	7
	46


	0
	49
	1
	33
	2
	38
	3
	19
	4
	29
	5
	28
	6
	39
	7
	27


	0
	34
	1
	42
	2
	19
	3
	38
	4
	25
	5
	21
	6
	35
	7
	20


	0
	34
	1
	10
	2
	21
	3
	5
	4
	11
	5
	27
	6
	24
	7
	19


	0
	31
	1
	49
	2
	12
	3
	38
	4
	39
	5
	44
	6
	29
	7
	30

