20
4
3

	0
	36
	1
	39
	2
	10
	3
	27


	0
	40
	1
	22
	2
	12
	3
	19


	0
	25
	1
	32
	2
	25
	3
	31


	0
	10
	1
	26
	2
	10
	3
	33


	0
	16
	1
	45
	2
	12
	3
	9


	0
	33
	1
	47
	2
	18
	3
	28


	0
	27
	1
	34
	2
	49
	3
	49


	0
	18
	1
	9
	2
	36
	3
	18


	0
	16
	1
	25
	2
	34
	3
	20


	0
	8
	1
	37
	2
	38
	3
	24


	0
	21
	1
	41
	2
	35
	3
	31


	0
	42
	1
	48
	2
	14
	3
	34


	0
	29
	1
	37
	2
	46
	3
	7


	0
	30
	1
	32
	2
	18
	3
	37


	0
	33
	1
	24
	2
	7
	3
	37


	0
	23
	1
	31
	2
	9
	3
	8


	0
	11
	1
	36
	2
	12
	3
	35


	0
	30
	1
	22
	2
	22
	3
	48


	0
	40
	1
	12
	2
	25
	3
	35


	0
	46
	1
	47
	2
	9
	3
	10

