20
4
3

	0
	30
	1
	41
	2
	43
	3
	30


	0
	11
	1
	5
	2
	10
	3
	24


	0
	31
	1
	10
	2
	40
	3
	42


	0
	21
	1
	27
	2
	11
	3
	21


	0
	7
	1
	36
	2
	39
	3
	32


	0
	6
	1
	48
	2
	23
	3
	9


	0
	41
	1
	12
	2
	24
	3
	20


	0
	18
	1
	32
	2
	39
	3
	21


	0
	22
	1
	28
	2
	48
	3
	30


	0
	12
	1
	27
	2
	32
	3
	41


	0
	38
	1
	41
	2
	35
	3
	44


	0
	47
	1
	33
	2
	24
	3
	37


	0
	6
	1
	18
	2
	31
	3
	38


	0
	36
	1
	19
	2
	34
	3
	30


	0
	45
	1
	31
	2
	35
	3
	49


	0
	12
	1
	13
	2
	15
	3
	5


	0
	39
	1
	49
	2
	18
	3
	10


	0
	13
	1
	21
	2
	40
	3
	48


	0
	13
	1
	34
	2
	27
	3
	5


	0
	49
	1
	36
	2
	46
	3
	9

