20
4
4

	0
	38
	1
	12
	2
	35
	3
	10


	0
	16
	1
	12
	2
	46
	3
	44


	0
	17
	1
	48
	2
	37
	3
	35


	0
	47
	1
	33
	2
	22
	3
	47


	0
	13
	1
	37
	2
	28
	3
	23


	0
	42
	1
	10
	2
	29
	3
	22


	0
	17
	1
	25
	2
	25
	3
	44


	0
	12
	1
	11
	2
	32
	3
	48


	0
	35
	1
	30
	2
	32
	3
	38


	0
	16
	1
	42
	2
	47
	3
	38


	0
	19
	1
	37
	2
	39
	3
	16


	0
	14
	1
	6
	2
	36
	3
	8


	0
	7
	1
	12
	2
	35
	3
	17


	0
	22
	1
	25
	2
	6
	3
	38


	0
	12
	1
	35
	2
	47
	3
	43


	0
	34
	1
	5
	2
	9
	3
	30


	0
	27
	1
	35
	2
	8
	3
	35


	0
	22
	1
	25
	2
	21
	3
	23


	0
	21
	1
	32
	2
	18
	3
	29


	0
	5
	1
	28
	2
	33
	3
	30

