20
8
3

	0
	12
	1
	38
	2
	39
	3
	45
	4
	27
	5
	31
	6
	22
	7
	42


	0
	29
	1
	24
	2
	30
	3
	47
	4
	45
	5
	39
	6
	41
	7
	43


	0
	27
	1
	37
	2
	47
	3
	20
	4
	43
	5
	32
	6
	27
	7
	48


	0
	38
	1
	29
	2
	46
	3
	20
	4
	47
	5
	23
	6
	18
	7
	19


	0
	31
	1
	25
	2
	22
	3
	48
	4
	17
	5
	44
	6
	26
	7
	13


	0
	7
	1
	13
	2
	7
	3
	19
	4
	15
	5
	40
	6
	43
	7
	5


	0
	13
	1
	8
	2
	19
	3
	46
	4
	26
	5
	10
	6
	44
	7
	12


	0
	14
	1
	22
	2
	19
	3
	33
	4
	42
	5
	40
	6
	41
	7
	8


	0
	12
	1
	9
	2
	30
	3
	24
	4
	46
	5
	7
	6
	25
	7
	39


	0
	49
	1
	17
	2
	28
	3
	9
	4
	5
	5
	40
	6
	44
	7
	9


	0
	8
	1
	45
	2
	18
	3
	34
	4
	16
	5
	15
	6
	43
	7
	16


	0
	35
	1
	28
	2
	18
	3
	36
	4
	45
	5
	20
	6
	29
	7
	39


	0
	7
	1
	49
	2
	28
	3
	16
	4
	30
	5
	23
	6
	19
	7
	11


	0
	18
	1
	34
	2
	19
	3
	22
	4
	6
	5
	39
	6
	23
	7
	15


	0
	17
	1
	34
	2
	9
	3
	10
	4
	14
	5
	39
	6
	45
	7
	14


	0
	7
	1
	33
	2
	47
	3
	48
	4
	30
	5
	33
	6
	18
	7
	41


	0
	23
	1
	18
	2
	40
	3
	6
	4
	6
	5
	5
	6
	17
	7
	37


	0
	12
	1
	5
	2
	39
	3
	37
	4
	36
	5
	37
	6
	47
	7
	48


	0
	15
	1
	36
	2
	8
	3
	11
	4
	19
	5
	20
	6
	18
	7
	13


	0
	22
	1
	27
	2
	27
	3
	38
	4
	12
	5
	37
	6
	43
	7
	8

