20
16
4

	0
	24
	1
	34
	2
	23
	3
	7
	4
	12
	5
	15
	6
	38
	7
	10
	8
	38
	9
	9
	10
	31
	11
	23
	12
	14
	13
	10
	14
	13
	15
	35


	0
	28
	1
	24
	2
	48
	3
	11
	4
	7
	5
	9
	6
	31
	7
	12
	8
	7
	9
	47
	10
	22
	11
	45
	12
	25
	13
	49
	14
	46
	15
	43


	0
	34
	1
	33
	2
	9
	3
	43
	4
	10
	5
	39
	6
	35
	7
	12
	8
	42
	9
	39
	10
	30
	11
	40
	12
	26
	13
	40
	14
	49
	15
	23


	0
	8
	1
	46
	2
	12
	3
	12
	4
	16
	5
	25
	6
	37
	7
	49
	8
	9
	9
	40
	10
	15
	11
	29
	12
	17
	13
	37
	14
	30
	15
	17


	0
	38
	1
	34
	2
	11
	3
	42
	4
	28
	5
	8
	6
	11
	7
	16
	8
	14
	9
	33
	10
	36
	11
	8
	12
	42
	13
	13
	14
	29
	15
	22


	0
	19
	1
	5
	2
	27
	3
	27
	4
	36
	5
	40
	6
	24
	7
	39
	8
	37
	9
	36
	10
	19
	11
	36
	12
	15
	13
	24
	14
	42
	15
	10


	0
	31
	1
	24
	2
	39
	3
	6
	4
	40
	5
	10
	6
	23
	7
	33
	8
	45
	9
	25
	10
	13
	11
	11
	12
	13
	13
	30
	14
	47
	15
	35


	0
	30
	1
	23
	2
	6
	3
	23
	4
	11
	5
	44
	6
	42
	7
	9
	8
	35
	9
	37
	10
	47
	11
	25
	12
	22
	13
	34
	14
	45
	15
	28


	0
	21
	1
	6
	2
	19
	3
	26
	4
	14
	5
	7
	6
	8
	7
	38
	8
	32
	9
	36
	10
	13
	11
	35
	12
	7
	13
	11
	14
	39
	15
	24


	0
	41
	1
	5
	2
	31
	3
	23
	4
	15
	5
	42
	6
	15
	7
	43
	8
	30
	9
	36
	10
	33
	11
	12
	12
	39
	13
	16
	14
	5
	15
	11


	0
	42
	1
	36
	2
	10
	3
	5
	4
	31
	5
	5
	6
	27
	7
	31
	8
	30
	9
	42
	10
	20
	11
	40
	12
	44
	13
	28
	14
	16
	15
	9


	0
	16
	1
	15
	2
	43
	3
	29
	4
	8
	5
	48
	6
	15
	7
	15
	8
	35
	9
	15
	10
	26
	11
	5
	12
	6
	13
	25
	14
	33
	15
	46


	0
	44
	1
	11
	2
	6
	3
	42
	4
	38
	5
	5
	6
	10
	7
	42
	8
	6
	9
	18
	10
	10
	11
	47
	12
	31
	13
	38
	14
	48
	15
	25


	0
	10
	1
	18
	2
	17
	3
	31
	4
	9
	5
	35
	6
	47
	7
	36
	8
	48
	9
	6
	10
	20
	11
	8
	12
	9
	13
	46
	14
	41
	15
	39


	0
	41
	1
	10
	2
	12
	3
	25
	4
	7
	5
	44
	6
	40
	7
	8
	8
	38
	9
	40
	10
	26
	11
	36
	12
	19
	13
	38
	14
	31
	15
	29


	0
	42
	1
	48
	2
	14
	3
	48
	4
	38
	5
	49
	6
	16
	7
	36
	8
	19
	9
	33
	10
	31
	11
	11
	12
	33
	13
	22
	14
	19
	15
	14


	0
	15
	1
	45
	2
	34
	3
	19
	4
	38
	5
	41
	6
	22
	7
	41
	8
	40
	9
	46
	10
	43
	11
	8
	12
	32
	13
	39
	14
	42
	15
	14


	0
	35
	1
	11
	2
	8
	3
	15
	4
	6
	5
	33
	6
	29
	7
	27
	8
	14
	9
	41
	10
	7
	11
	39
	12
	19
	13
	38
	14
	28
	15
	39


	0
	36
	1
	22
	2
	9
	3
	27
	4
	37
	5
	9
	6
	22
	7
	28
	8
	16
	9
	27
	10
	26
	11
	44
	12
	47
	13
	40
	14
	5
	15
	25


	0
	17
	1
	17
	2
	48
	3
	18
	4
	31
	5
	19
	6
	21
	7
	38
	8
	47
	9
	16
	10
	7
	11
	48
	12
	13
	13
	44
	14
	12
	15
	14

