20
8
5

	0
	11
	1
	39
	2
	20
	3
	13
	4
	16
	5
	29
	6
	13
	7
	20


	0
	14
	1
	29
	2
	16
	3
	18
	4
	49
	5
	33
	6
	32
	7
	48


	0
	41
	1
	10
	2
	18
	3
	12
	4
	19
	5
	12
	6
	38
	7
	33


	0
	29
	1
	22
	2
	21
	3
	16
	4
	38
	5
	27
	6
	40
	7
	14


	0
	33
	1
	12
	2
	30
	3
	38
	4
	6
	5
	5
	6
	20
	7
	20


	0
	6
	1
	45
	2
	7
	3
	19
	4
	31
	5
	46
	6
	39
	7
	45


	0
	22
	1
	5
	2
	42
	3
	15
	4
	35
	5
	8
	6
	16
	7
	39


	0
	13
	1
	20
	2
	22
	3
	28
	4
	18
	5
	33
	6
	25
	7
	8


	0
	10
	1
	30
	2
	45
	3
	33
	4
	32
	5
	14
	6
	9
	7
	17


	0
	16
	1
	9
	2
	9
	3
	31
	4
	6
	5
	41
	6
	38
	7
	33


	0
	12
	1
	18
	2
	28
	3
	19
	4
	34
	5
	36
	6
	16
	7
	19


	0
	5
	1
	7
	2
	27
	3
	22
	4
	36
	5
	30
	6
	49
	7
	36


	0
	15
	1
	22
	2
	45
	3
	39
	4
	43
	5
	33
	6
	33
	7
	15


	0
	17
	1
	48
	2
	9
	3
	47
	4
	24
	5
	11
	6
	11
	7
	35


	0
	41
	1
	31
	2
	23
	3
	38
	4
	42
	5
	29
	6
	34
	7
	23


	0
	32
	1
	11
	2
	11
	3
	7
	4
	8
	5
	32
	6
	22
	7
	37


	0
	36
	1
	15
	2
	16
	3
	15
	4
	26
	5
	14
	6
	26
	7
	8


	0
	8
	1
	14
	2
	29
	3
	44
	4
	9
	5
	27
	6
	16
	7
	33


	0
	5
	1
	33
	2
	35
	3
	17
	4
	45
	5
	45
	6
	39
	7
	19


	0
	47
	1
	49
	2
	8
	3
	27
	4
	16
	5
	16
	6
	47
	7
	15

