40
8
3

	0
	48
	1
	38
	2
	28
	3
	44
	4
	36
	5
	40
	6
	31
	7
	18


	0
	14
	1
	45
	2
	21
	3
	30
	4
	48
	5
	47
	6
	8
	7
	32


	0
	15
	1
	46
	2
	39
	3
	21
	4
	34
	5
	16
	6
	21
	7
	27


	0
	42
	1
	47
	2
	16
	3
	13
	4
	7
	5
	16
	6
	35
	7
	11


	0
	41
	1
	42
	2
	37
	3
	32
	4
	49
	5
	43
	6
	25
	7
	42


	0
	46
	1
	48
	2
	21
	3
	41
	4
	35
	5
	33
	6
	37
	7
	37


	0
	7
	1
	12
	2
	46
	3
	42
	4
	49
	5
	40
	6
	44
	7
	40


	0
	6
	1
	48
	2
	44
	3
	47
	4
	9
	5
	41
	6
	7
	7
	7


	0
	46
	1
	11
	2
	14
	3
	22
	4
	43
	5
	38
	6
	49
	7
	33


	0
	37
	1
	49
	2
	41
	3
	28
	4
	34
	5
	36
	6
	19
	7
	44


	0
	24
	1
	31
	2
	25
	3
	49
	4
	31
	5
	43
	6
	36
	7
	13


	0
	28
	1
	47
	2
	44
	3
	32
	4
	28
	5
	8
	6
	12
	7
	45


	0
	35
	1
	30
	2
	35
	3
	32
	4
	12
	5
	31
	6
	32
	7
	15


	0
	49
	1
	32
	2
	15
	3
	45
	4
	31
	5
	20
	6
	34
	7
	10


	0
	33
	1
	6
	2
	25
	3
	45
	4
	9
	5
	11
	6
	16
	7
	13


	0
	6
	1
	11
	2
	36
	3
	30
	4
	33
	5
	9
	6
	29
	7
	32


	0
	32
	1
	47
	2
	34
	3
	35
	4
	22
	5
	27
	6
	32
	7
	37


	0
	39
	1
	21
	2
	18
	3
	23
	4
	23
	5
	47
	6
	34
	7
	28


	0
	37
	1
	13
	2
	46
	3
	12
	4
	18
	5
	39
	6
	38
	7
	36


	0
	6
	1
	10
	2
	38
	3
	32
	4
	16
	5
	49
	6
	18
	7
	20


	0
	10
	1
	6
	2
	19
	3
	47
	4
	20
	5
	11
	6
	6
	7
	20


	0
	11
	1
	32
	2
	12
	3
	27
	4
	49
	5
	43
	6
	21
	7
	30


	0
	27
	1
	24
	2
	20
	3
	20
	4
	21
	5
	11
	6
	44
	7
	13


	0
	19
	1
	43
	2
	9
	3
	47
	4
	23
	5
	26
	6
	7
	7
	20


	0
	17
	1
	10
	2
	44
	3
	17
	4
	46
	5
	38
	6
	27
	7
	43


	0
	37
	1
	20
	2
	33
	3
	16
	4
	43
	5
	20
	6
	31
	7
	9


	0
	49
	1
	12
	2
	15
	3
	41
	4
	19
	5
	37
	6
	26
	7
	31


	0
	6
	1
	23
	2
	32
	3
	32
	4
	20
	5
	5
	6
	21
	7
	18


	0
	31
	1
	6
	2
	39
	3
	17
	4
	7
	5
	26
	6
	27
	7
	30


	0
	47
	1
	8
	2
	36
	3
	27
	4
	31
	5
	7
	6
	25
	7
	43


	0
	41
	1
	6
	2
	30
	3
	43
	4
	15
	5
	7
	6
	39
	7
	41


	0
	43
	1
	9
	2
	35
	3
	13
	4
	24
	5
	43
	6
	29
	7
	8


	0
	13
	1
	43
	2
	41
	3
	29
	4
	31
	5
	34
	6
	25
	7
	11


	0
	41
	1
	37
	2
	32
	3
	47
	4
	25
	5
	40
	6
	14
	7
	17


	0
	36
	1
	13
	2
	34
	3
	47
	4
	26
	5
	31
	6
	5
	7
	38


	0
	35
	1
	43
	2
	5
	3
	20
	4
	41
	5
	8
	6
	39
	7
	25


	0
	44
	1
	10
	2
	11
	3
	10
	4
	6
	5
	24
	6
	12
	7
	12


	0
	21
	1
	18
	2
	34
	3
	42
	4
	43
	5
	36
	6
	6
	7
	36


	0
	6
	1
	31
	2
	31
	3
	40
	4
	21
	5
	17
	6
	44
	7
	29


	0
	15
	1
	11
	2
	14
	3
	8
	4
	46
	5
	12
	6
	40
	7
	22

