40
8
5

	0
	13
	1
	34
	2
	31
	3
	8
	4
	7
	5
	17
	6
	17
	7
	11


	0
	35
	1
	27
	2
	44
	3
	35
	4
	44
	5
	43
	6
	10
	7
	43


	0
	19
	1
	16
	2
	39
	3
	22
	4
	9
	5
	14
	6
	36
	7
	47


	0
	28
	1
	38
	2
	20
	3
	30
	4
	31
	5
	18
	6
	6
	7
	32


	0
	25
	1
	48
	2
	30
	3
	41
	4
	9
	5
	13
	6
	43
	7
	11


	0
	8
	1
	9
	2
	22
	3
	46
	4
	46
	5
	27
	6
	9
	7
	19


	0
	29
	1
	26
	2
	40
	3
	12
	4
	25
	5
	22
	6
	12
	7
	38


	0
	37
	1
	28
	2
	36
	3
	27
	4
	30
	5
	20
	6
	43
	7
	32


	0
	28
	1
	48
	2
	38
	3
	47
	4
	37
	5
	30
	6
	14
	7
	16


	0
	13
	1
	49
	2
	37
	3
	48
	4
	39
	5
	9
	6
	34
	7
	19


	0
	34
	1
	27
	2
	47
	3
	32
	4
	5
	5
	34
	6
	47
	7
	5


	0
	27
	1
	37
	2
	17
	3
	17
	4
	47
	5
	9
	6
	39
	7
	45


	0
	5
	1
	19
	2
	10
	3
	10
	4
	22
	5
	19
	6
	14
	7
	16


	0
	13
	1
	36
	2
	46
	3
	16
	4
	25
	5
	14
	6
	43
	7
	27


	0
	49
	1
	12
	2
	33
	3
	18
	4
	40
	5
	6
	6
	34
	7
	9


	0
	34
	1
	40
	2
	15
	3
	47
	4
	42
	5
	26
	6
	34
	7
	9


	0
	8
	1
	30
	2
	49
	3
	34
	4
	15
	5
	30
	6
	30
	7
	9


	0
	35
	1
	13
	2
	49
	3
	48
	4
	24
	5
	47
	6
	12
	7
	24


	0
	38
	1
	19
	2
	29
	3
	25
	4
	5
	5
	16
	6
	18
	7
	5


	0
	30
	1
	7
	2
	26
	3
	32
	4
	34
	5
	6
	6
	46
	7
	25


	0
	42
	1
	28
	2
	48
	3
	11
	4
	8
	5
	27
	6
	10
	7
	10


	0
	42
	1
	11
	2
	32
	3
	46
	4
	17
	5
	42
	6
	19
	7
	14


	0
	32
	1
	16
	2
	22
	3
	8
	4
	33
	5
	43
	6
	41
	7
	34


	0
	41
	1
	42
	2
	32
	3
	38
	4
	27
	5
	47
	6
	45
	7
	5


	0
	35
	1
	5
	2
	32
	3
	46
	4
	48
	5
	17
	6
	35
	7
	36


	0
	6
	1
	12
	2
	15
	3
	29
	4
	48
	5
	46
	6
	9
	7
	6


	0
	22
	1
	22
	2
	34
	3
	7
	4
	9
	5
	8
	6
	36
	7
	49


	0
	18
	1
	40
	2
	42
	3
	21
	4
	30
	5
	49
	6
	42
	7
	40


	0
	18
	1
	46
	2
	15
	3
	14
	4
	8
	5
	19
	6
	23
	7
	42


	0
	12
	1
	18
	2
	6
	3
	27
	4
	27
	5
	14
	6
	35
	7
	13


	0
	18
	1
	28
	2
	19
	3
	46
	4
	37
	5
	12
	6
	33
	7
	7


	0
	40
	1
	38
	2
	13
	3
	14
	4
	26
	5
	22
	6
	21
	7
	17


	0
	49
	1
	15
	2
	34
	3
	10
	4
	35
	5
	15
	6
	8
	7
	24


	0
	48
	1
	41
	2
	48
	3
	39
	4
	22
	5
	6
	6
	42
	7
	34


	0
	28
	1
	21
	2
	22
	3
	13
	4
	27
	5
	33
	6
	9
	7
	12


	0
	40
	1
	7
	2
	37
	3
	37
	4
	40
	5
	6
	6
	5
	7
	44


	0
	32
	1
	12
	2
	49
	3
	10
	4
	36
	5
	11
	6
	13
	7
	47


	0
	29
	1
	27
	2
	39
	3
	14
	4
	12
	5
	11
	6
	34
	7
	6


	0
	41
	1
	16
	2
	25
	3
	34
	4
	17
	5
	18
	6
	41
	7
	20


	0
	30
	1
	37
	2
	40
	3
	8
	4
	45
	5
	35
	6
	14
	7
	35

