40
16
2

	0
	48
	1
	20
	2
	27
	3
	12
	4
	43
	5
	35
	6
	7
	7
	24
	8
	39
	9
	39
	10
	34
	11
	25
	12
	32
	13
	39
	14
	18
	15
	25


	0
	44
	1
	26
	2
	18
	3
	26
	4
	23
	5
	41
	6
	28
	7
	28
	8
	40
	9
	14
	10
	6
	11
	6
	12
	17
	13
	6
	14
	33
	15
	6


	0
	10
	1
	47
	2
	43
	3
	11
	4
	32
	5
	48
	6
	48
	7
	14
	8
	47
	9
	23
	10
	8
	11
	46
	12
	37
	13
	22
	14
	7
	15
	14


	0
	11
	1
	16
	2
	18
	3
	46
	4
	48
	5
	8
	6
	21
	7
	16
	8
	39
	9
	23
	10
	38
	11
	44
	12
	41
	13
	26
	14
	18
	15
	46


	0
	17
	1
	32
	2
	26
	3
	31
	4
	40
	5
	5
	6
	48
	7
	25
	8
	43
	9
	47
	10
	35
	11
	42
	12
	36
	13
	9
	14
	37
	15
	31


	0
	14
	1
	46
	2
	40
	3
	45
	4
	25
	5
	33
	6
	9
	7
	16
	8
	15
	9
	12
	10
	18
	11
	19
	12
	47
	13
	9
	14
	27
	15
	38


	0
	33
	1
	42
	2
	49
	3
	14
	4
	7
	5
	21
	6
	17
	7
	27
	8
	28
	9
	13
	10
	32
	11
	34
	12
	23
	13
	25
	14
	23
	15
	29


	0
	23
	1
	35
	2
	14
	3
	33
	4
	18
	5
	19
	6
	20
	7
	28
	8
	44
	9
	46
	10
	42
	11
	15
	12
	21
	13
	21
	14
	9
	15
	12


	0
	23
	1
	46
	2
	23
	3
	40
	4
	19
	5
	35
	6
	15
	7
	44
	8
	28
	9
	22
	10
	39
	11
	27
	12
	26
	13
	32
	14
	38
	15
	13


	0
	47
	1
	41
	2
	24
	3
	36
	4
	28
	5
	7
	6
	30
	7
	23
	8
	24
	9
	5
	10
	46
	11
	6
	12
	28
	13
	8
	14
	29
	15
	24


	0
	44
	1
	8
	2
	17
	3
	46
	4
	39
	5
	40
	6
	38
	7
	12
	8
	17
	9
	18
	10
	41
	11
	8
	12
	18
	13
	17
	14
	18
	15
	8


	0
	36
	1
	6
	2
	47
	3
	38
	4
	9
	5
	21
	6
	31
	7
	42
	8
	15
	9
	38
	10
	9
	11
	43
	12
	43
	13
	15
	14
	19
	15
	29


	0
	24
	1
	10
	2
	16
	3
	10
	4
	47
	5
	43
	6
	45
	7
	46
	8
	45
	9
	27
	10
	21
	11
	20
	12
	43
	13
	16
	14
	49
	15
	46


	0
	8
	1
	36
	2
	16
	3
	5
	4
	24
	5
	27
	6
	6
	7
	23
	8
	8
	9
	11
	10
	49
	11
	45
	12
	14
	13
	46
	14
	12
	15
	37


	0
	39
	1
	23
	2
	35
	3
	24
	4
	21
	5
	26
	6
	29
	7
	37
	8
	20
	9
	6
	10
	32
	11
	29
	12
	11
	13
	32
	14
	42
	15
	37


	0
	34
	1
	17
	2
	28
	3
	43
	4
	35
	5
	36
	6
	9
	7
	34
	8
	44
	9
	28
	10
	32
	11
	37
	12
	22
	13
	34
	14
	13
	15
	8


	0
	12
	1
	25
	2
	28
	3
	48
	4
	19
	5
	8
	6
	32
	7
	38
	8
	27
	9
	13
	10
	27
	11
	37
	12
	43
	13
	34
	14
	31
	15
	22


	0
	18
	1
	49
	2
	29
	3
	32
	4
	20
	5
	34
	6
	17
	7
	24
	8
	11
	9
	29
	10
	35
	11
	47
	12
	47
	13
	24
	14
	48
	15
	23


	0
	11
	1
	18
	2
	24
	3
	29
	4
	28
	5
	48
	6
	32
	7
	20
	8
	19
	9
	28
	10
	31
	11
	46
	12
	20
	13
	11
	14
	39
	15
	44


	0
	9
	1
	7
	2
	11
	3
	16
	4
	41
	5
	34
	6
	46
	7
	6
	8
	20
	9
	6
	10
	42
	11
	37
	12
	9
	13
	46
	14
	23
	15
	25


	0
	47
	1
	40
	2
	5
	3
	12
	4
	40
	5
	37
	6
	29
	7
	39
	8
	23
	9
	26
	10
	28
	11
	21
	12
	37
	13
	46
	14
	14
	15
	31


	0
	26
	1
	32
	2
	23
	3
	42
	4
	47
	5
	24
	6
	16
	7
	46
	8
	12
	9
	14
	10
	17
	11
	17
	12
	47
	13
	31
	14
	5
	15
	14


	0
	40
	1
	26
	2
	37
	3
	25
	4
	23
	5
	20
	6
	32
	7
	48
	8
	19
	9
	34
	10
	29
	11
	47
	12
	36
	13
	6
	14
	15
	15
	34


	0
	45
	1
	39
	2
	38
	3
	33
	4
	42
	5
	38
	6
	48
	7
	18
	8
	35
	9
	23
	10
	28
	11
	6
	12
	44
	13
	41
	14
	21
	15
	22


	0
	9
	1
	38
	2
	16
	3
	48
	4
	48
	5
	10
	6
	24
	7
	48
	8
	5
	9
	34
	10
	27
	11
	18
	12
	17
	13
	34
	14
	13
	15
	9


	0
	19
	1
	5
	2
	9
	3
	10
	4
	39
	5
	27
	6
	47
	7
	36
	8
	17
	9
	19
	10
	40
	11
	39
	12
	47
	13
	7
	14
	47
	15
	7


	0
	27
	1
	24
	2
	30
	3
	38
	4
	9
	5
	11
	6
	34
	7
	12
	8
	38
	9
	32
	10
	48
	11
	36
	12
	23
	13
	39
	14
	42
	15
	26


	0
	40
	1
	8
	2
	42
	3
	27
	4
	29
	5
	11
	6
	11
	7
	41
	8
	22
	9
	49
	10
	10
	11
	27
	12
	45
	13
	44
	14
	16
	15
	28


	0
	49
	1
	33
	2
	14
	3
	5
	4
	22
	5
	25
	6
	23
	7
	48
	8
	37
	9
	47
	10
	33
	11
	31
	12
	32
	13
	49
	14
	11
	15
	31


	0
	34
	1
	43
	2
	28
	3
	11
	4
	25
	5
	9
	6
	9
	7
	15
	8
	41
	9
	8
	10
	37
	11
	19
	12
	11
	13
	8
	14
	9
	15
	26


	0
	45
	1
	44
	2
	20
	3
	41
	4
	32
	5
	34
	6
	32
	7
	6
	8
	37
	9
	32
	10
	36
	11
	26
	12
	23
	13
	26
	14
	43
	15
	24


	0
	27
	1
	31
	2
	28
	3
	6
	4
	8
	5
	12
	6
	22
	7
	30
	8
	37
	9
	27
	10
	28
	11
	49
	12
	14
	13
	15
	14
	35
	15
	31


	0
	40
	1
	23
	2
	6
	3
	28
	4
	36
	5
	16
	6
	6
	7
	29
	8
	29
	9
	8
	10
	47
	11
	15
	12
	38
	13
	30
	14
	9
	15
	41


	0
	22
	1
	33
	2
	19
	3
	19
	4
	31
	5
	31
	6
	35
	7
	43
	8
	17
	9
	33
	10
	33
	11
	48
	12
	34
	13
	5
	14
	49
	15
	14


	0
	13
	1
	25
	2
	10
	3
	25
	4
	41
	5
	22
	6
	22
	7
	47
	8
	35
	9
	41
	10
	16
	11
	40
	12
	49
	13
	43
	14
	7
	15
	46


	0
	48
	1
	46
	2
	39
	3
	7
	4
	22
	5
	19
	6
	22
	7
	10
	8
	42
	9
	19
	10
	24
	11
	35
	12
	40
	13
	33
	14
	46
	15
	16


	0
	5
	1
	31
	2
	7
	3
	12
	4
	23
	5
	45
	6
	31
	7
	18
	8
	9
	9
	24
	10
	43
	11
	48
	12
	46
	13
	16
	14
	41
	15
	41


	0
	13
	1
	14
	2
	13
	3
	5
	4
	24
	5
	12
	6
	41
	7
	35
	8
	35
	9
	42
	10
	24
	11
	42
	12
	28
	13
	10
	14
	11
	15
	49


	0
	37
	1
	30
	2
	13
	3
	41
	4
	15
	5
	32
	6
	5
	7
	42
	8
	45
	9
	9
	10
	16
	11
	48
	12
	43
	13
	7
	14
	22
	15
	36


	0
	7
	1
	36
	2
	44
	3
	40
	4
	41
	5
	47
	6
	26
	7
	17
	8
	12
	9
	28
	10
	28
	11
	22
	12
	28
	13
	6
	14
	25
	15
	31

