40
4
2

	0
	29
	1
	18
	2
	17
	3
	31


	0
	14
	1
	49
	2
	14
	3
	48


	0
	26
	1
	8
	2
	43
	3
	12


	0
	18
	1
	35
	2
	44
	3
	29


	0
	38
	1
	11
	2
	11
	3
	6


	0
	9
	1
	18
	2
	34
	3
	39


	0
	7
	1
	24
	2
	33
	3
	43


	0
	27
	1
	33
	2
	9
	3
	11


	0
	17
	1
	24
	2
	41
	3
	46


	0
	38
	1
	36
	2
	23
	3
	16


	0
	47
	1
	7
	2
	11
	3
	27


	0
	19
	1
	14
	2
	6
	3
	46


	0
	34
	1
	39
	2
	32
	3
	46


	0
	6
	1
	38
	2
	29
	3
	16


	0
	35
	1
	15
	2
	27
	3
	26


	0
	29
	1
	9
	2
	6
	3
	14


	0
	48
	1
	49
	2
	40
	3
	35


	0
	11
	1
	19
	2
	20
	3
	19


	0
	5
	1
	48
	2
	12
	3
	6


	0
	7
	1
	26
	2
	10
	3
	11


	0
	7
	1
	12
	2
	39
	3
	34


	0
	6
	1
	37
	2
	19
	3
	12


	0
	27
	1
	45
	2
	7
	3
	30


	0
	41
	1
	22
	2
	47
	3
	39


	0
	10
	1
	11
	2
	11
	3
	12


	0
	45
	1
	33
	2
	16
	3
	34


	0
	48
	1
	11
	2
	5
	3
	26


	0
	12
	1
	25
	2
	14
	3
	38


	0
	30
	1
	19
	2
	29
	3
	23


	0
	29
	1
	19
	2
	8
	3
	13


	0
	23
	1
	6
	2
	42
	3
	10


	0
	23
	1
	30
	2
	5
	3
	30


	0
	37
	1
	12
	2
	43
	3
	31


	0
	36
	1
	27
	2
	10
	3
	20


	0
	44
	1
	48
	2
	10
	3
	45


	0
	6
	1
	18
	2
	26
	3
	49


	0
	35
	1
	30
	2
	24
	3
	29


	0
	48
	1
	43
	2
	34
	3
	5


	0
	19
	1
	31
	2
	43
	3
	32


	0
	48
	1
	18
	2
	49
	3
	24

