40
4
3

	0
	9
	1
	27
	2
	36
	3
	15


	0
	32
	1
	30
	2
	29
	3
	24


	0
	8
	1
	11
	2
	16
	3
	6


	0
	38
	1
	35
	2
	49
	3
	14


	0
	12
	1
	18
	2
	12
	3
	43


	0
	46
	1
	31
	2
	47
	3
	5


	0
	8
	1
	8
	2
	5
	3
	42


	0
	18
	1
	34
	2
	48
	3
	30


	0
	24
	1
	17
	2
	12
	3
	14


	0
	29
	1
	5
	2
	40
	3
	42


	0
	9
	1
	38
	2
	23
	3
	8


	0
	11
	1
	13
	2
	38
	3
	16


	0
	22
	1
	20
	2
	33
	3
	41


	0
	40
	1
	30
	2
	29
	3
	24


	0
	30
	1
	29
	2
	27
	3
	8


	0
	19
	1
	37
	2
	32
	3
	22


	0
	18
	1
	41
	2
	36
	3
	26


	0
	11
	1
	33
	2
	38
	3
	14


	0
	24
	1
	17
	2
	16
	3
	15


	0
	18
	1
	41
	2
	6
	3
	35


	0
	46
	1
	41
	2
	13
	3
	45


	0
	33
	1
	9
	2
	6
	3
	14


	0
	7
	1
	24
	2
	40
	3
	15


	0
	32
	1
	26
	2
	38
	3
	35


	0
	32
	1
	14
	2
	8
	3
	22


	0
	19
	1
	39
	2
	36
	3
	14


	0
	28
	1
	13
	2
	21
	3
	26


	0
	47
	1
	20
	2
	49
	3
	10


	0
	34
	1
	25
	2
	14
	3
	30


	0
	12
	1
	29
	2
	45
	3
	7


	0
	32
	1
	40
	2
	38
	3
	36


	0
	24
	1
	13
	2
	48
	3
	30


	0
	19
	1
	22
	2
	46
	3
	29


	0
	43
	1
	10
	2
	7
	3
	10


	0
	34
	1
	19
	2
	12
	3
	24


	0
	39
	1
	27
	2
	11
	3
	43


	0
	48
	1
	5
	2
	28
	3
	21


	0
	7
	1
	20
	2
	6
	3
	39


	0
	26
	1
	29
	2
	26
	3
	23


	0
	42
	1
	45
	2
	16
	3
	12

