40
16
3

	0
	19
	1
	36
	2
	6
	3
	9
	4
	29
	5
	40
	6
	13
	7
	15
	8
	32
	9
	37
	10
	46
	11
	44
	12
	34
	13
	25
	14
	41
	15
	16


	0
	36
	1
	46
	2
	12
	3
	21
	4
	24
	5
	9
	6
	37
	7
	6
	8
	32
	9
	12
	10
	46
	11
	26
	12
	46
	13
	30
	14
	15
	15
	31


	0
	42
	1
	14
	2
	29
	3
	32
	4
	40
	5
	33
	6
	15
	7
	41
	8
	48
	9
	21
	10
	45
	11
	7
	12
	17
	13
	13
	14
	19
	15
	16


	0
	37
	1
	28
	2
	32
	3
	8
	4
	8
	5
	47
	6
	39
	7
	7
	8
	31
	9
	29
	10
	42
	11
	34
	12
	29
	13
	26
	14
	41
	15
	13


	0
	5
	1
	10
	2
	34
	3
	10
	4
	46
	5
	46
	6
	37
	7
	18
	8
	30
	9
	23
	10
	29
	11
	20
	12
	22
	13
	7
	14
	35
	15
	24


	0
	37
	1
	23
	2
	42
	3
	43
	4
	38
	5
	38
	6
	44
	7
	21
	8
	37
	9
	7
	10
	8
	11
	47
	12
	26
	13
	25
	14
	43
	15
	22


	0
	20
	1
	8
	2
	21
	3
	25
	4
	6
	5
	11
	6
	36
	7
	34
	8
	12
	9
	13
	10
	5
	11
	47
	12
	48
	13
	37
	14
	38
	15
	37


	0
	31
	1
	32
	2
	43
	3
	32
	4
	40
	5
	15
	6
	38
	7
	24
	8
	24
	9
	18
	10
	30
	11
	14
	12
	17
	13
	19
	14
	49
	15
	45


	0
	12
	1
	13
	2
	5
	3
	26
	4
	29
	5
	36
	6
	45
	7
	30
	8
	28
	9
	46
	10
	18
	11
	48
	12
	22
	13
	17
	14
	11
	15
	27


	0
	36
	1
	36
	2
	26
	3
	29
	4
	31
	5
	22
	6
	45
	7
	20
	8
	17
	9
	10
	10
	19
	11
	32
	12
	25
	13
	24
	14
	39
	15
	48


	0
	22
	1
	30
	2
	15
	3
	19
	4
	6
	5
	39
	6
	36
	7
	37
	8
	11
	9
	47
	10
	12
	11
	23
	12
	15
	13
	16
	14
	29
	15
	19


	0
	43
	1
	11
	2
	36
	3
	31
	4
	27
	5
	38
	6
	5
	7
	44
	8
	43
	9
	14
	10
	38
	11
	33
	12
	25
	13
	18
	14
	27
	15
	29


	0
	35
	1
	5
	2
	35
	3
	7
	4
	36
	5
	26
	6
	19
	7
	24
	8
	48
	9
	10
	10
	47
	11
	40
	12
	30
	13
	37
	14
	5
	15
	34


	0
	40
	1
	9
	2
	33
	3
	30
	4
	32
	5
	25
	6
	7
	7
	37
	8
	40
	9
	31
	10
	21
	11
	14
	12
	6
	13
	41
	14
	13
	15
	42


	0
	29
	1
	22
	2
	26
	3
	8
	4
	36
	5
	12
	6
	39
	7
	25
	8
	15
	9
	26
	10
	42
	11
	31
	12
	13
	13
	30
	14
	21
	15
	39


	0
	29
	1
	37
	2
	23
	3
	13
	4
	36
	5
	39
	6
	35
	7
	22
	8
	17
	9
	5
	10
	48
	11
	16
	12
	12
	13
	31
	14
	39
	15
	15


	0
	21
	1
	32
	2
	29
	3
	7
	4
	7
	5
	24
	6
	45
	7
	44
	8
	15
	9
	9
	10
	40
	11
	36
	12
	47
	13
	22
	14
	18
	15
	32


	0
	22
	1
	33
	2
	10
	3
	36
	4
	14
	5
	18
	6
	42
	7
	5
	8
	23
	9
	39
	10
	39
	11
	47
	12
	20
	13
	6
	14
	46
	15
	11


	0
	42
	1
	5
	2
	41
	3
	49
	4
	12
	5
	27
	6
	12
	7
	7
	8
	24
	9
	5
	10
	36
	11
	20
	12
	47
	13
	28
	14
	24
	15
	36


	0
	16
	1
	48
	2
	13
	3
	7
	4
	49
	5
	41
	6
	40
	7
	28
	8
	41
	9
	42
	10
	15
	11
	40
	12
	37
	13
	36
	14
	27
	15
	22


	0
	38
	1
	24
	2
	43
	3
	12
	4
	18
	5
	10
	6
	38
	7
	11
	8
	15
	9
	23
	10
	39
	11
	45
	12
	31
	13
	48
	14
	31
	15
	37


	0
	26
	1
	25
	2
	20
	3
	9
	4
	13
	5
	18
	6
	34
	7
	27
	8
	27
	9
	29
	10
	24
	11
	31
	12
	14
	13
	24
	14
	49
	15
	13


	0
	42
	1
	21
	2
	46
	3
	31
	4
	14
	5
	14
	6
	38
	7
	25
	8
	25
	9
	29
	10
	30
	11
	41
	12
	30
	13
	9
	14
	7
	15
	49


	0
	35
	1
	35
	2
	17
	3
	31
	4
	36
	5
	14
	6
	11
	7
	16
	8
	9
	9
	12
	10
	36
	11
	15
	12
	43
	13
	40
	14
	45
	15
	48


	0
	48
	1
	10
	2
	7
	3
	30
	4
	44
	5
	44
	6
	40
	7
	30
	8
	36
	9
	33
	10
	38
	11
	8
	12
	35
	13
	35
	14
	25
	15
	16


	0
	47
	1
	29
	2
	14
	3
	30
	4
	9
	5
	42
	6
	49
	7
	11
	8
	12
	9
	6
	10
	47
	11
	18
	12
	45
	13
	19
	14
	43
	15
	12


	0
	23
	1
	44
	2
	37
	3
	28
	4
	18
	5
	27
	6
	16
	7
	15
	8
	19
	9
	16
	10
	49
	11
	36
	12
	11
	13
	39
	14
	5
	15
	8


	0
	48
	1
	20
	2
	43
	3
	23
	4
	25
	5
	11
	6
	31
	7
	11
	8
	9
	9
	33
	10
	23
	11
	40
	12
	35
	13
	22
	14
	20
	15
	32


	0
	38
	1
	11
	2
	42
	3
	48
	4
	11
	5
	7
	6
	41
	7
	31
	8
	28
	9
	12
	10
	46
	11
	26
	12
	10
	13
	7
	14
	12
	15
	20


	0
	19
	1
	16
	2
	20
	3
	31
	4
	15
	5
	19
	6
	46
	7
	32
	8
	49
	9
	33
	10
	42
	11
	44
	12
	19
	13
	47
	14
	17
	15
	20


	0
	18
	1
	48
	2
	28
	3
	10
	4
	5
	5
	47
	6
	46
	7
	25
	8
	21
	9
	23
	10
	37
	11
	18
	12
	24
	13
	36
	14
	31
	15
	6


	0
	31
	1
	19
	2
	42
	3
	45
	4
	46
	5
	17
	6
	8
	7
	47
	8
	23
	9
	36
	10
	8
	11
	18
	12
	26
	13
	35
	14
	23
	15
	5


	0
	37
	1
	20
	2
	40
	3
	38
	4
	46
	5
	42
	6
	36
	7
	49
	8
	15
	9
	9
	10
	20
	11
	38
	12
	47
	13
	9
	14
	6
	15
	18


	0
	33
	1
	23
	2
	27
	3
	23
	4
	20
	5
	44
	6
	34
	7
	36
	8
	7
	9
	11
	10
	5
	11
	28
	12
	28
	13
	5
	14
	19
	15
	44


	0
	28
	1
	32
	2
	22
	3
	42
	4
	42
	5
	47
	6
	26
	7
	30
	8
	47
	9
	40
	10
	20
	11
	34
	12
	42
	13
	39
	14
	5
	15
	27


	0
	30
	1
	35
	2
	39
	3
	28
	4
	28
	5
	31
	6
	34
	7
	18
	8
	14
	9
	11
	10
	12
	11
	34
	12
	6
	13
	19
	14
	25
	15
	6


	0
	39
	1
	12
	2
	42
	3
	31
	4
	29
	5
	47
	6
	25
	7
	13
	8
	17
	9
	25
	10
	29
	11
	19
	12
	14
	13
	29
	14
	37
	15
	23


	0
	38
	1
	20
	2
	45
	3
	38
	4
	43
	5
	48
	6
	29
	7
	35
	8
	38
	9
	38
	10
	43
	11
	47
	12
	30
	13
	24
	14
	31
	15
	10


	0
	35
	1
	6
	2
	27
	3
	14
	4
	21
	5
	31
	6
	39
	7
	24
	8
	15
	9
	41
	10
	41
	11
	22
	12
	11
	13
	44
	14
	47
	15
	12


	0
	28
	1
	32
	2
	20
	3
	34
	4
	39
	5
	47
	6
	10
	7
	17
	8
	28
	9
	25
	10
	24
	11
	48
	12
	23
	13
	13
	14
	43
	15
	14

