40
16
4

	0
	15
	1
	12
	2
	19
	3
	29
	4
	39
	5
	24
	6
	30
	7
	19
	8
	39
	9
	25
	10
	33
	11
	29
	12
	44
	13
	11
	14
	14
	15
	11


	0
	18
	1
	36
	2
	22
	3
	18
	4
	12
	5
	18
	6
	42
	7
	40
	8
	14
	9
	28
	10
	26
	11
	15
	12
	29
	13
	49
	14
	9
	15
	33


	0
	26
	1
	36
	2
	40
	3
	16
	4
	45
	5
	32
	6
	9
	7
	16
	8
	30
	9
	30
	10
	34
	11
	15
	12
	24
	13
	25
	14
	18
	15
	8


	0
	24
	1
	28
	2
	9
	3
	22
	4
	8
	5
	29
	6
	38
	7
	28
	8
	25
	9
	28
	10
	16
	11
	9
	12
	21
	13
	31
	14
	30
	15
	16


	0
	29
	1
	26
	2
	43
	3
	11
	4
	19
	5
	39
	6
	36
	7
	9
	8
	43
	9
	40
	10
	35
	11
	34
	12
	33
	13
	28
	14
	13
	15
	33


	0
	22
	1
	33
	2
	25
	3
	14
	4
	41
	5
	16
	6
	20
	7
	31
	8
	19
	9
	11
	10
	38
	11
	42
	12
	29
	13
	27
	14
	19
	15
	49


	0
	33
	1
	19
	2
	29
	3
	17
	4
	35
	5
	41
	6
	15
	7
	47
	8
	33
	9
	21
	10
	46
	11
	24
	12
	21
	13
	29
	14
	49
	15
	25


	0
	24
	1
	11
	2
	18
	3
	19
	4
	38
	5
	36
	6
	23
	7
	29
	8
	15
	9
	16
	10
	6
	11
	19
	12
	12
	13
	37
	14
	28
	15
	41


	0
	19
	1
	32
	2
	37
	3
	45
	4
	9
	5
	43
	6
	30
	7
	38
	8
	42
	9
	13
	10
	22
	11
	30
	12
	29
	13
	43
	14
	19
	15
	10


	0
	26
	1
	32
	2
	6
	3
	5
	4
	46
	5
	31
	6
	18
	7
	19
	8
	41
	9
	17
	10
	36
	11
	12
	12
	18
	13
	28
	14
	25
	15
	48


	0
	12
	1
	9
	2
	32
	3
	17
	4
	23
	5
	17
	6
	16
	7
	36
	8
	28
	9
	11
	10
	30
	11
	7
	12
	10
	13
	41
	14
	31
	15
	29


	0
	38
	1
	19
	2
	42
	3
	14
	4
	18
	5
	25
	6
	39
	7
	8
	8
	21
	9
	16
	10
	28
	11
	26
	12
	23
	13
	16
	14
	16
	15
	19


	0
	17
	1
	43
	2
	22
	3
	17
	4
	18
	5
	7
	6
	13
	7
	21
	8
	12
	9
	33
	10
	11
	11
	28
	12
	21
	13
	30
	14
	7
	15
	17


	0
	25
	1
	41
	2
	21
	3
	42
	4
	19
	5
	29
	6
	41
	7
	23
	8
	8
	9
	48
	10
	43
	11
	11
	12
	25
	13
	42
	14
	20
	15
	8


	0
	41
	1
	14
	2
	21
	3
	39
	4
	26
	5
	40
	6
	40
	7
	35
	8
	21
	9
	47
	10
	15
	11
	6
	12
	26
	13
	5
	14
	22
	15
	16


	0
	13
	1
	47
	2
	32
	3
	23
	4
	18
	5
	46
	6
	9
	7
	42
	8
	33
	9
	16
	10
	32
	11
	16
	12
	11
	13
	10
	14
	29
	15
	20


	0
	15
	1
	44
	2
	37
	3
	43
	4
	43
	5
	45
	6
	33
	7
	25
	8
	5
	9
	9
	10
	40
	11
	12
	12
	31
	13
	33
	14
	36
	15
	33


	0
	49
	1
	15
	2
	30
	3
	25
	4
	15
	5
	25
	6
	26
	7
	14
	8
	29
	9
	26
	10
	42
	11
	6
	12
	11
	13
	23
	14
	5
	15
	47


	0
	23
	1
	26
	2
	7
	3
	13
	4
	21
	5
	20
	6
	12
	7
	15
	8
	23
	9
	46
	10
	24
	11
	23
	12
	26
	13
	5
	14
	11
	15
	12


	0
	40
	1
	21
	2
	42
	3
	30
	4
	11
	5
	24
	6
	17
	7
	26
	8
	11
	9
	41
	10
	5
	11
	34
	12
	36
	13
	8
	14
	22
	15
	37


	0
	7
	1
	18
	2
	41
	3
	10
	4
	49
	5
	23
	6
	34
	7
	16
	8
	42
	9
	39
	10
	46
	11
	31
	12
	49
	13
	49
	14
	46
	15
	16


	0
	10
	1
	22
	2
	6
	3
	6
	4
	25
	5
	31
	6
	24
	7
	33
	8
	18
	9
	45
	10
	26
	11
	20
	12
	28
	13
	7
	14
	25
	15
	31


	0
	38
	1
	34
	2
	32
	3
	45
	4
	43
	5
	30
	6
	7
	7
	19
	8
	10
	9
	11
	10
	11
	11
	49
	12
	16
	13
	40
	14
	49
	15
	6


	0
	12
	1
	19
	2
	46
	3
	16
	4
	29
	5
	35
	6
	9
	7
	36
	8
	5
	9
	33
	10
	22
	11
	43
	12
	32
	13
	8
	14
	20
	15
	12


	0
	37
	1
	39
	2
	14
	3
	27
	4
	19
	5
	9
	6
	13
	7
	39
	8
	47
	9
	39
	10
	21
	11
	41
	12
	37
	13
	24
	14
	44
	15
	28


	0
	14
	1
	37
	2
	30
	3
	29
	4
	21
	5
	24
	6
	26
	7
	7
	8
	38
	9
	20
	10
	22
	11
	27
	12
	30
	13
	40
	14
	20
	15
	32


	0
	33
	1
	5
	2
	27
	3
	29
	4
	23
	5
	33
	6
	28
	7
	25
	8
	29
	9
	31
	10
	45
	11
	40
	12
	36
	13
	42
	14
	20
	15
	33


	0
	10
	1
	18
	2
	36
	3
	38
	4
	44
	5
	34
	6
	23
	7
	28
	8
	37
	9
	8
	10
	16
	11
	31
	12
	23
	13
	6
	14
	48
	15
	19


	0
	31
	1
	46
	2
	43
	3
	25
	4
	28
	5
	27
	6
	13
	7
	13
	8
	26
	9
	16
	10
	36
	11
	45
	12
	37
	13
	43
	14
	13
	15
	25


	0
	24
	1
	10
	2
	36
	3
	47
	4
	32
	5
	23
	6
	37
	7
	37
	8
	9
	9
	35
	10
	16
	11
	15
	12
	18
	13
	11
	14
	5
	15
	44


	0
	42
	1
	17
	2
	35
	3
	33
	4
	24
	5
	42
	6
	17
	7
	40
	8
	12
	9
	36
	10
	28
	11
	10
	12
	9
	13
	25
	14
	35
	15
	28


	0
	29
	1
	8
	2
	32
	3
	31
	4
	44
	5
	43
	6
	20
	7
	8
	8
	28
	9
	7
	10
	27
	11
	12
	12
	47
	13
	36
	14
	26
	15
	47


	0
	34
	1
	16
	2
	40
	3
	38
	4
	8
	5
	40
	6
	30
	7
	8
	8
	39
	9
	14
	10
	23
	11
	35
	12
	47
	13
	11
	14
	23
	15
	34


	0
	20
	1
	44
	2
	16
	3
	5
	4
	38
	5
	36
	6
	39
	7
	41
	8
	35
	9
	22
	10
	36
	11
	38
	12
	40
	13
	13
	14
	40
	15
	42


	0
	13
	1
	9
	2
	14
	3
	24
	4
	23
	5
	35
	6
	23
	7
	27
	8
	23
	9
	24
	10
	20
	11
	27
	12
	27
	13
	20
	14
	30
	15
	34


	0
	5
	1
	10
	2
	35
	3
	16
	4
	47
	5
	32
	6
	31
	7
	39
	8
	38
	9
	39
	10
	31
	11
	19
	12
	15
	13
	5
	14
	23
	15
	33


	0
	48
	1
	30
	2
	25
	3
	27
	4
	27
	5
	28
	6
	8
	7
	27
	8
	8
	9
	42
	10
	24
	11
	15
	12
	36
	13
	48
	14
	23
	15
	46


	0
	48
	1
	43
	2
	40
	3
	16
	4
	16
	5
	35
	6
	46
	7
	39
	8
	42
	9
	21
	10
	22
	11
	40
	12
	9
	13
	42
	14
	22
	15
	18


	0
	25
	1
	6
	2
	33
	3
	35
	4
	18
	5
	32
	6
	39
	7
	45
	8
	14
	9
	43
	10
	12
	11
	15
	12
	36
	13
	18
	14
	11
	15
	37


	0
	31
	1
	13
	2
	47
	3
	19
	4
	40
	5
	16
	6
	18
	7
	45
	8
	34
	9
	24
	10
	17
	11
	49
	12
	20
	13
	38
	14
	12
	15
	28

