40
8
3

	0
	31
	1
	44
	2
	28
	3
	16
	4
	8
	5
	34
	6
	33
	7
	8


	0
	7
	1
	44
	2
	27
	3
	30
	4
	22
	5
	39
	6
	10
	7
	15


	0
	22
	1
	15
	2
	6
	3
	47
	4
	19
	5
	41
	6
	45
	7
	12


	0
	35
	1
	19
	2
	17
	3
	25
	4
	26
	5
	25
	6
	35
	7
	32


	0
	28
	1
	45
	2
	26
	3
	28
	4
	39
	5
	12
	6
	14
	7
	33


	0
	9
	1
	15
	2
	23
	3
	7
	4
	49
	5
	48
	6
	37
	7
	21


	0
	39
	1
	48
	2
	36
	3
	10
	4
	37
	5
	46
	6
	20
	7
	27


	0
	27
	1
	42
	2
	20
	3
	29
	4
	5
	5
	26
	6
	36
	7
	23


	0
	19
	1
	34
	2
	13
	3
	9
	4
	48
	5
	48
	6
	40
	7
	22


	0
	23
	1
	45
	2
	5
	3
	30
	4
	29
	5
	29
	6
	27
	7
	26


	0
	31
	1
	46
	2
	34
	3
	27
	4
	20
	5
	24
	6
	37
	7
	42


	0
	47
	1
	11
	2
	10
	3
	18
	4
	31
	5
	5
	6
	41
	7
	25


	0
	28
	1
	30
	2
	44
	3
	9
	4
	38
	5
	5
	6
	17
	7
	13


	0
	32
	1
	21
	2
	27
	3
	40
	4
	37
	5
	30
	6
	13
	7
	20


	0
	9
	1
	41
	2
	18
	3
	36
	4
	23
	5
	26
	6
	6
	7
	39


	0
	23
	1
	41
	2
	26
	3
	45
	4
	46
	5
	49
	6
	38
	7
	15


	0
	26
	1
	41
	2
	29
	3
	18
	4
	22
	5
	25
	6
	24
	7
	14


	0
	40
	1
	38
	2
	26
	3
	31
	4
	17
	5
	24
	6
	30
	7
	23


	0
	29
	1
	28
	2
	17
	3
	7
	4
	17
	5
	41
	6
	36
	7
	20


	0
	34
	1
	22
	2
	29
	3
	16
	4
	25
	5
	29
	6
	13
	7
	23


	0
	48
	1
	41
	2
	6
	3
	29
	4
	44
	5
	40
	6
	43
	7
	29


	0
	48
	1
	27
	2
	49
	3
	8
	4
	33
	5
	37
	6
	12
	7
	34


	0
	46
	1
	18
	2
	25
	3
	24
	4
	36
	5
	46
	6
	20
	7
	23


	0
	43
	1
	45
	2
	44
	3
	48
	4
	39
	5
	16
	6
	27
	7
	38


	0
	49
	1
	19
	2
	35
	3
	17
	4
	43
	5
	35
	6
	38
	7
	40


	0
	25
	1
	24
	2
	27
	3
	29
	4
	37
	5
	12
	6
	9
	7
	27


	0
	34
	1
	21
	2
	46
	3
	39
	4
	9
	5
	14
	6
	45
	7
	40


	0
	8
	1
	8
	2
	41
	3
	9
	4
	27
	5
	40
	6
	36
	7
	11


	0
	38
	1
	29
	2
	10
	3
	39
	4
	44
	5
	39
	6
	48
	7
	41


	0
	12
	1
	28
	2
	46
	3
	37
	4
	36
	5
	15
	6
	19
	7
	12


	0
	46
	1
	42
	2
	6
	3
	36
	4
	38
	5
	28
	6
	15
	7
	39


	0
	14
	1
	49
	2
	15
	3
	9
	4
	40
	5
	15
	6
	23
	7
	19


	0
	25
	1
	18
	2
	48
	3
	34
	4
	12
	5
	32
	6
	23
	7
	26


	0
	40
	1
	8
	2
	29
	3
	33
	4
	6
	5
	39
	6
	25
	7
	35


	0
	9
	1
	16
	2
	38
	3
	24
	4
	5
	5
	47
	6
	11
	7
	21


	0
	40
	1
	36
	2
	48
	3
	33
	4
	41
	5
	39
	6
	18
	7
	24


	0
	22
	1
	24
	2
	20
	3
	49
	4
	25
	5
	19
	6
	29
	7
	14


	0
	39
	1
	39
	2
	39
	3
	9
	4
	10
	5
	47
	6
	8
	7
	35


	0
	8
	1
	16
	2
	25
	3
	49
	4
	20
	5
	34
	6
	39
	7
	34


	0
	43
	1
	16
	2
	44
	3
	11
	4
	46
	5
	42
	6
	40
	7
	40

