40
16
5

	0
	29
	1
	48
	2
	18
	3
	37
	4
	48
	5
	15
	6
	31
	7
	9
	8
	17
	9
	49
	10
	27
	11
	17
	12
	14
	13
	14
	14
	41
	15
	15


	0
	38
	1
	43
	2
	24
	3
	17
	4
	48
	5
	27
	6
	27
	7
	35
	8
	22
	9
	48
	10
	9
	11
	10
	12
	18
	13
	9
	14
	15
	15
	30


	0
	9
	1
	13
	2
	37
	3
	13
	4
	36
	5
	5
	6
	24
	7
	16
	8
	15
	9
	12
	10
	32
	11
	15
	12
	22
	13
	19
	14
	47
	15
	46


	0
	20
	1
	38
	2
	35
	3
	15
	4
	6
	5
	44
	6
	45
	7
	25
	8
	40
	9
	6
	10
	24
	11
	14
	12
	8
	13
	15
	14
	29
	15
	37


	0
	17
	1
	12
	2
	18
	3
	32
	4
	21
	5
	17
	6
	46
	7
	42
	8
	49
	9
	16
	10
	45
	11
	23
	12
	21
	13
	33
	14
	8
	15
	27


	0
	23
	1
	27
	2
	12
	3
	47
	4
	23
	5
	47
	6
	23
	7
	22
	8
	48
	9
	42
	10
	26
	11
	30
	12
	21
	13
	29
	14
	20
	15
	13


	0
	21
	1
	33
	2
	19
	3
	13
	4
	25
	5
	23
	6
	42
	7
	7
	8
	33
	9
	31
	10
	24
	11
	17
	12
	6
	13
	29
	14
	49
	15
	12


	0
	34
	1
	44
	2
	10
	3
	25
	4
	34
	5
	44
	6
	37
	7
	38
	8
	40
	9
	8
	10
	22
	11
	10
	12
	46
	13
	39
	14
	20
	15
	35


	0
	39
	1
	40
	2
	34
	3
	45
	4
	10
	5
	47
	6
	44
	7
	36
	8
	47
	9
	15
	10
	26
	11
	35
	12
	43
	13
	15
	14
	30
	15
	43


	0
	42
	1
	37
	2
	19
	3
	26
	4
	45
	5
	30
	6
	30
	7
	28
	8
	29
	9
	46
	10
	12
	11
	5
	12
	24
	13
	12
	14
	13
	15
	32


	0
	18
	1
	34
	2
	16
	3
	24
	4
	25
	5
	48
	6
	40
	7
	12
	8
	21
	9
	40
	10
	36
	11
	43
	12
	35
	13
	26
	14
	43
	15
	14


	0
	42
	1
	23
	2
	34
	3
	42
	4
	38
	5
	9
	6
	21
	7
	37
	8
	38
	9
	39
	10
	23
	11
	45
	12
	42
	13
	20
	14
	46
	15
	39


	0
	45
	1
	11
	2
	35
	3
	10
	4
	48
	5
	18
	6
	40
	7
	37
	8
	46
	9
	37
	10
	20
	11
	10
	12
	10
	13
	11
	14
	21
	15
	48


	0
	18
	1
	5
	2
	20
	3
	16
	4
	37
	5
	16
	6
	5
	7
	11
	8
	17
	9
	17
	10
	14
	11
	21
	12
	20
	13
	46
	14
	49
	15
	13


	0
	49
	1
	40
	2
	45
	3
	9
	4
	17
	5
	45
	6
	28
	7
	29
	8
	22
	9
	27
	10
	44
	11
	40
	12
	17
	13
	18
	14
	49
	15
	10


	0
	28
	1
	39
	2
	22
	3
	37
	4
	27
	5
	42
	6
	39
	7
	43
	8
	8
	9
	21
	10
	35
	11
	27
	12
	35
	13
	40
	14
	44
	15
	29


	0
	27
	1
	5
	2
	12
	3
	34
	4
	19
	5
	49
	6
	13
	7
	25
	8
	38
	9
	15
	10
	49
	11
	25
	12
	42
	13
	49
	14
	21
	15
	29


	0
	46
	1
	14
	2
	49
	3
	6
	4
	40
	5
	37
	6
	40
	7
	24
	8
	27
	9
	14
	10
	7
	11
	34
	12
	14
	13
	33
	14
	13
	15
	5


	0
	46
	1
	35
	2
	19
	3
	49
	4
	23
	5
	32
	6
	47
	7
	37
	8
	10
	9
	14
	10
	34
	11
	26
	12
	15
	13
	28
	14
	43
	15
	21


	0
	45
	1
	38
	2
	33
	3
	39
	4
	35
	5
	23
	6
	40
	7
	21
	8
	45
	9
	45
	10
	21
	11
	49
	12
	32
	13
	19
	14
	22
	15
	43


	0
	32
	1
	45
	2
	33
	3
	49
	4
	45
	5
	7
	6
	8
	7
	48
	8
	43
	9
	24
	10
	12
	11
	36
	12
	23
	13
	7
	14
	35
	15
	34


	0
	18
	1
	34
	2
	42
	3
	12
	4
	31
	5
	12
	6
	39
	7
	34
	8
	22
	9
	32
	10
	21
	11
	41
	12
	16
	13
	7
	14
	20
	15
	33


	0
	7
	1
	8
	2
	33
	3
	25
	4
	25
	5
	37
	6
	37
	7
	42
	8
	43
	9
	49
	10
	42
	11
	26
	12
	11
	13
	7
	14
	36
	15
	33


	0
	18
	1
	48
	2
	28
	3
	21
	4
	41
	5
	12
	6
	31
	7
	22
	8
	43
	9
	39
	10
	44
	11
	29
	12
	28
	13
	22
	14
	42
	15
	15


	0
	27
	1
	32
	2
	8
	3
	37
	4
	11
	5
	12
	6
	26
	7
	21
	8
	40
	9
	38
	10
	22
	11
	8
	12
	27
	13
	31
	14
	33
	15
	27


	0
	22
	1
	19
	2
	42
	3
	14
	4
	18
	5
	48
	6
	34
	7
	5
	8
	31
	9
	31
	10
	38
	11
	36
	12
	22
	13
	6
	14
	38
	15
	41


	0
	13
	1
	24
	2
	47
	3
	11
	4
	44
	5
	21
	6
	49
	7
	6
	8
	49
	9
	34
	10
	48
	11
	15
	12
	24
	13
	41
	14
	11
	15
	45


	0
	49
	1
	46
	2
	14
	3
	48
	4
	17
	5
	17
	6
	42
	7
	20
	8
	45
	9
	34
	10
	41
	11
	43
	12
	31
	13
	7
	14
	47
	15
	35


	0
	23
	1
	33
	2
	41
	3
	11
	4
	31
	5
	30
	6
	23
	7
	10
	8
	26
	9
	15
	10
	30
	11
	25
	12
	21
	13
	8
	14
	6
	15
	17


	0
	41
	1
	22
	2
	15
	3
	29
	4
	46
	5
	29
	6
	34
	7
	45
	8
	48
	9
	29
	10
	15
	11
	31
	12
	41
	13
	27
	14
	40
	15
	23


	0
	47
	1
	26
	2
	38
	3
	14
	4
	24
	5
	6
	6
	37
	7
	34
	8
	26
	9
	32
	10
	33
	11
	11
	12
	6
	13
	37
	14
	25
	15
	45


	0
	20
	1
	19
	2
	48
	3
	18
	4
	41
	5
	31
	6
	26
	7
	20
	8
	33
	9
	42
	10
	47
	11
	45
	12
	43
	13
	11
	14
	47
	15
	31


	0
	49
	1
	30
	2
	41
	3
	5
	4
	36
	5
	29
	6
	31
	7
	21
	8
	32
	9
	40
	10
	14
	11
	37
	12
	14
	13
	41
	14
	45
	15
	31


	0
	27
	1
	35
	2
	11
	3
	30
	4
	43
	5
	13
	6
	33
	7
	29
	8
	11
	9
	17
	10
	9
	11
	19
	12
	18
	13
	19
	14
	46
	15
	44


	0
	20
	1
	43
	2
	46
	3
	25
	4
	24
	5
	44
	6
	29
	7
	44
	8
	9
	9
	42
	10
	39
	11
	32
	12
	49
	13
	26
	14
	9
	15
	6


	0
	18
	1
	44
	2
	33
	3
	26
	4
	49
	5
	45
	6
	30
	7
	32
	8
	6
	9
	32
	10
	9
	11
	46
	12
	18
	13
	28
	14
	13
	15
	9


	0
	46
	1
	9
	2
	23
	3
	33
	4
	20
	5
	19
	6
	47
	7
	20
	8
	9
	9
	43
	10
	43
	11
	45
	12
	38
	13
	13
	14
	5
	15
	45


	0
	23
	1
	44
	2
	40
	3
	49
	4
	29
	5
	13
	6
	26
	7
	6
	8
	19
	9
	49
	10
	13
	11
	42
	12
	5
	13
	23
	14
	36
	15
	15


	0
	17
	1
	47
	2
	42
	3
	8
	4
	34
	5
	28
	6
	34
	7
	42
	8
	40
	9
	22
	10
	40
	11
	32
	12
	17
	13
	7
	14
	35
	15
	23


	0
	46
	1
	40
	2
	41
	3
	24
	4
	12
	5
	8
	6
	45
	7
	17
	8
	37
	9
	47
	10
	32
	11
	30
	12
	49
	13
	49
	14
	24
	15
	33

