40
4
3

	0
	43
	1
	31
	2
	15
	3
	5


	0
	11
	1
	41
	2
	26
	3
	45


	0
	43
	1
	25
	2
	36
	3
	18


	0
	30
	1
	28
	2
	36
	3
	17


	0
	33
	1
	26
	2
	20
	3
	8


	0
	29
	1
	49
	2
	43
	3
	18


	0
	35
	1
	38
	2
	38
	3
	27


	0
	37
	1
	32
	2
	16
	3
	45


	0
	40
	1
	13
	2
	39
	3
	24


	0
	33
	1
	8
	2
	33
	3
	28


	0
	47
	1
	19
	2
	44
	3
	40


	0
	49
	1
	10
	2
	10
	3
	7


	0
	11
	1
	48
	2
	7
	3
	9


	0
	7
	1
	40
	2
	44
	3
	17


	0
	33
	1
	35
	2
	20
	3
	7


	0
	14
	1
	40
	2
	5
	3
	41


	0
	30
	1
	49
	2
	40
	3
	11


	0
	48
	1
	10
	2
	15
	3
	45


	0
	32
	1
	41
	2
	8
	3
	49


	0
	30
	1
	46
	2
	41
	3
	33


	0
	18
	1
	7
	2
	20
	3
	24


	0
	37
	1
	31
	2
	28
	3
	8


	0
	29
	1
	26
	2
	12
	3
	10


	0
	14
	1
	23
	2
	48
	3
	27


	0
	12
	1
	32
	2
	44
	3
	17


	0
	5
	1
	41
	2
	32
	3
	23


	0
	8
	1
	23
	2
	27
	3
	19


	0
	15
	1
	12
	2
	43
	3
	37


	0
	23
	1
	44
	2
	9
	3
	28


	0
	39
	1
	16
	2
	48
	3
	13


	0
	16
	1
	7
	2
	11
	3
	20


	0
	24
	1
	8
	2
	14
	3
	12


	0
	15
	1
	26
	2
	47
	3
	43


	0
	36
	1
	18
	2
	32
	3
	40


	0
	48
	1
	40
	2
	13
	3
	42


	0
	22
	1
	12
	2
	38
	3
	29


	0
	29
	1
	14
	2
	12
	3
	48


	0
	25
	1
	30
	2
	21
	3
	42


	0
	13
	1
	27
	2
	16
	3
	8


	0
	20
	1
	34
	2
	12
	3
	21

