40
4
2

	0
	13
	1
	5
	2
	30
	3
	45


	0
	21
	1
	22
	2
	22
	3
	47


	0
	21
	1
	15
	2
	27
	3
	20


	0
	32
	1
	42
	2
	48
	3
	22


	0
	39
	1
	36
	2
	24
	3
	38


	0
	23
	1
	33
	2
	38
	3
	28


	0
	27
	1
	33
	2
	39
	3
	36


	0
	30
	1
	31
	2
	35
	3
	27


	0
	29
	1
	38
	2
	33
	3
	41


	0
	14
	1
	26
	2
	47
	3
	45


	0
	25
	1
	31
	2
	23
	3
	49


	0
	24
	1
	33
	2
	34
	3
	43


	0
	32
	1
	6
	2
	40
	3
	42


	0
	48
	1
	16
	2
	29
	3
	23


	0
	21
	1
	49
	2
	13
	3
	20


	0
	18
	1
	9
	2
	26
	3
	11


	0
	47
	1
	36
	2
	29
	3
	35


	0
	27
	1
	41
	2
	20
	3
	33


	0
	37
	1
	42
	2
	12
	3
	29


	0
	9
	1
	27
	2
	33
	3
	13


	0
	7
	1
	6
	2
	36
	3
	46


	0
	45
	1
	7
	2
	27
	3
	7


	0
	46
	1
	36
	2
	25
	3
	29


	0
	11
	1
	41
	2
	19
	3
	35


	0
	46
	1
	23
	2
	33
	3
	21


	0
	35
	1
	41
	2
	6
	3
	12


	0
	18
	1
	40
	2
	31
	3
	12


	0
	40
	1
	19
	2
	41
	3
	38


	0
	23
	1
	31
	2
	12
	3
	17


	0
	21
	1
	41
	2
	29
	3
	44


	0
	33
	1
	35
	2
	35
	3
	39


	0
	41
	1
	18
	2
	23
	3
	32


	0
	34
	1
	18
	2
	40
	3
	8


	0
	42
	1
	41
	2
	32
	3
	19


	0
	41
	1
	43
	2
	44
	3
	16


	0
	46
	1
	35
	2
	40
	3
	11


	0
	35
	1
	34
	2
	14
	3
	23


	0
	40
	1
	25
	2
	49
	3
	46


	0
	21
	1
	46
	2
	30
	3
	34


	0
	6
	1
	15
	2
	48
	3
	15

