40
16
4

	0
	31
	1
	25
	2
	34
	3
	23
	4
	5
	5
	14
	6
	15
	7
	42
	8
	7
	9
	38
	10
	32
	11
	47
	12
	39
	13
	39
	14
	31
	15
	29


	0
	17
	1
	30
	2
	11
	3
	49
	4
	25
	5
	34
	6
	43
	7
	8
	8
	7
	9
	18
	10
	21
	11
	12
	12
	5
	13
	16
	14
	40
	15
	31


	0
	35
	1
	23
	2
	34
	3
	43
	4
	45
	5
	11
	6
	33
	7
	39
	8
	13
	9
	45
	10
	39
	11
	43
	12
	16
	13
	25
	14
	35
	15
	46


	0
	34
	1
	24
	2
	37
	3
	44
	4
	9
	5
	13
	6
	45
	7
	26
	8
	49
	9
	12
	10
	17
	11
	32
	12
	28
	13
	41
	14
	44
	15
	39


	0
	23
	1
	47
	2
	37
	3
	13
	4
	23
	5
	44
	6
	18
	7
	6
	8
	13
	9
	9
	10
	40
	11
	27
	12
	38
	13
	19
	14
	49
	15
	25


	0
	45
	1
	31
	2
	24
	3
	8
	4
	10
	5
	44
	6
	38
	7
	29
	8
	16
	9
	42
	10
	24
	11
	48
	12
	40
	13
	18
	14
	36
	15
	34


	0
	16
	1
	25
	2
	11
	3
	38
	4
	17
	5
	7
	6
	17
	7
	35
	8
	32
	9
	35
	10
	30
	11
	16
	12
	21
	13
	42
	14
	14
	15
	21


	0
	6
	1
	11
	2
	31
	3
	32
	4
	48
	5
	37
	6
	16
	7
	43
	8
	38
	9
	5
	10
	5
	11
	5
	12
	41
	13
	34
	14
	43
	15
	48


	0
	20
	1
	14
	2
	44
	3
	27
	4
	37
	5
	43
	6
	9
	7
	22
	8
	19
	9
	32
	10
	16
	11
	19
	12
	34
	13
	42
	14
	15
	15
	35


	0
	21
	1
	42
	2
	48
	3
	16
	4
	26
	5
	28
	6
	44
	7
	27
	8
	47
	9
	10
	10
	6
	11
	47
	12
	46
	13
	20
	14
	7
	15
	35


	0
	6
	1
	34
	2
	45
	3
	12
	4
	26
	5
	32
	6
	31
	7
	47
	8
	31
	9
	44
	10
	24
	11
	27
	12
	46
	13
	35
	14
	29
	15
	6


	0
	27
	1
	9
	2
	21
	3
	34
	4
	25
	5
	8
	6
	17
	7
	20
	8
	9
	9
	22
	10
	34
	11
	19
	12
	27
	13
	28
	14
	36
	15
	9


	0
	33
	1
	20
	2
	31
	3
	49
	4
	19
	5
	22
	6
	32
	7
	17
	8
	28
	9
	33
	10
	41
	11
	18
	12
	23
	13
	21
	14
	10
	15
	44


	0
	27
	1
	6
	2
	13
	3
	5
	4
	33
	5
	21
	6
	21
	7
	8
	8
	17
	9
	30
	10
	35
	11
	8
	12
	23
	13
	12
	14
	32
	15
	12


	0
	46
	1
	37
	2
	16
	3
	17
	4
	44
	5
	25
	6
	24
	7
	42
	8
	17
	9
	21
	10
	18
	11
	15
	12
	6
	13
	39
	14
	10
	15
	26


	0
	19
	1
	37
	2
	27
	3
	22
	4
	15
	5
	29
	6
	8
	7
	10
	8
	10
	9
	23
	10
	39
	11
	43
	12
	33
	13
	45
	14
	33
	15
	17


	0
	38
	1
	22
	2
	45
	3
	7
	4
	12
	5
	31
	6
	37
	7
	45
	8
	19
	9
	8
	10
	47
	11
	32
	12
	22
	13
	38
	14
	43
	15
	34


	0
	7
	1
	39
	2
	14
	3
	47
	4
	20
	5
	22
	6
	49
	7
	40
	8
	23
	9
	11
	10
	49
	11
	13
	12
	30
	13
	23
	14
	24
	15
	46


	0
	23
	1
	26
	2
	25
	3
	36
	4
	12
	5
	46
	6
	45
	7
	29
	8
	14
	9
	26
	10
	38
	11
	43
	12
	38
	13
	11
	14
	15
	15
	25


	0
	45
	1
	33
	2
	5
	3
	33
	4
	45
	5
	25
	6
	20
	7
	31
	8
	20
	9
	6
	10
	49
	11
	20
	12
	13
	13
	41
	14
	13
	15
	17


	0
	37
	1
	23
	2
	8
	3
	5
	4
	24
	5
	14
	6
	8
	7
	27
	8
	41
	9
	6
	10
	37
	11
	49
	12
	26
	13
	29
	14
	6
	15
	13


	0
	49
	1
	24
	2
	16
	3
	15
	4
	14
	5
	14
	6
	36
	7
	21
	8
	44
	9
	6
	10
	41
	11
	23
	12
	5
	13
	13
	14
	48
	15
	40


	0
	41
	1
	11
	2
	18
	3
	48
	4
	36
	5
	17
	6
	34
	7
	13
	8
	22
	9
	9
	10
	22
	11
	9
	12
	14
	13
	24
	14
	18
	15
	45


	0
	9
	1
	18
	2
	10
	3
	23
	4
	40
	5
	19
	6
	23
	7
	34
	8
	41
	9
	30
	10
	44
	11
	8
	12
	23
	13
	18
	14
	39
	15
	20


	0
	5
	1
	40
	2
	11
	3
	33
	4
	46
	5
	22
	6
	8
	7
	21
	8
	28
	9
	37
	10
	27
	11
	25
	12
	35
	13
	45
	14
	42
	15
	36


	0
	8
	1
	41
	2
	17
	3
	32
	4
	34
	5
	48
	6
	18
	7
	29
	8
	41
	9
	15
	10
	46
	11
	37
	12
	45
	13
	20
	14
	40
	15
	21


	0
	23
	1
	36
	2
	23
	3
	29
	4
	5
	5
	45
	6
	42
	7
	20
	8
	29
	9
	31
	10
	45
	11
	7
	12
	17
	13
	41
	14
	47
	15
	15


	0
	45
	1
	27
	2
	45
	3
	30
	4
	36
	5
	27
	6
	39
	7
	39
	8
	6
	9
	49
	10
	25
	11
	41
	12
	10
	13
	42
	14
	35
	15
	42


	0
	35
	1
	16
	2
	23
	3
	14
	4
	49
	5
	29
	6
	20
	7
	32
	8
	30
	9
	22
	10
	5
	11
	16
	12
	8
	13
	31
	14
	36
	15
	14


	0
	47
	1
	33
	2
	44
	3
	25
	4
	19
	5
	16
	6
	45
	7
	14
	8
	37
	9
	40
	10
	34
	11
	9
	12
	32
	13
	33
	14
	18
	15
	28


	0
	19
	1
	20
	2
	38
	3
	39
	4
	5
	5
	6
	6
	23
	7
	9
	8
	26
	9
	48
	10
	10
	11
	34
	12
	45
	13
	46
	14
	16
	15
	29


	0
	40
	1
	42
	2
	29
	3
	33
	4
	47
	5
	18
	6
	37
	7
	14
	8
	16
	9
	23
	10
	45
	11
	27
	12
	20
	13
	31
	14
	31
	15
	8


	0
	29
	1
	14
	2
	6
	3
	11
	4
	17
	5
	48
	6
	39
	7
	29
	8
	17
	9
	39
	10
	9
	11
	14
	12
	36
	13
	31
	14
	20
	15
	18


	0
	28
	1
	11
	2
	41
	3
	20
	4
	29
	5
	16
	6
	25
	7
	37
	8
	31
	9
	48
	10
	49
	11
	22
	12
	43
	13
	9
	14
	41
	15
	44


	0
	14
	1
	8
	2
	21
	3
	16
	4
	42
	5
	14
	6
	13
	7
	26
	8
	45
	9
	16
	10
	30
	11
	39
	12
	26
	13
	33
	14
	6
	15
	23


	0
	45
	1
	41
	2
	16
	3
	38
	4
	10
	5
	44
	6
	40
	7
	43
	8
	41
	9
	40
	10
	22
	11
	14
	12
	17
	13
	18
	14
	31
	15
	47


	0
	10
	1
	29
	2
	12
	3
	17
	4
	18
	5
	7
	6
	28
	7
	23
	8
	46
	9
	15
	10
	13
	11
	15
	12
	32
	13
	26
	14
	44
	15
	5


	0
	32
	1
	14
	2
	18
	3
	33
	4
	13
	5
	20
	6
	38
	7
	20
	8
	47
	9
	43
	10
	23
	11
	34
	12
	36
	13
	18
	14
	43
	15
	9


	0
	42
	1
	17
	2
	33
	3
	22
	4
	16
	5
	44
	6
	49
	7
	47
	8
	41
	9
	36
	10
	43
	11
	37
	12
	40
	13
	43
	14
	31
	15
	23


	0
	46
	1
	12
	2
	11
	3
	31
	4
	9
	5
	46
	6
	10
	7
	29
	8
	40
	9
	32
	10
	19
	11
	39
	12
	49
	13
	38
	14
	27
	15
	48

