40
4
2

	0
	34
	1
	24
	2
	31
	3
	43


	0
	38
	1
	31
	2
	38
	3
	45


	0
	36
	1
	48
	2
	12
	3
	39


	0
	32
	1
	9
	2
	18
	3
	23


	0
	49
	1
	39
	2
	38
	3
	33


	0
	9
	1
	14
	2
	30
	3
	39


	0
	27
	1
	15
	2
	5
	3
	27


	0
	8
	1
	8
	2
	19
	3
	22


	0
	21
	1
	24
	2
	17
	3
	8


	0
	7
	1
	14
	2
	13
	3
	7


	0
	42
	1
	19
	2
	32
	3
	31


	0
	31
	1
	43
	2
	20
	3
	32


	0
	42
	1
	29
	2
	23
	3
	38


	0
	12
	1
	5
	2
	33
	3
	48


	0
	14
	1
	41
	2
	22
	3
	10


	0
	44
	1
	17
	2
	29
	3
	17


	0
	14
	1
	47
	2
	37
	3
	33


	0
	47
	1
	43
	2
	13
	3
	5


	0
	46
	1
	37
	2
	47
	3
	36


	0
	24
	1
	47
	2
	24
	3
	47


	0
	37
	1
	34
	2
	14
	3
	10


	0
	14
	1
	44
	2
	29
	3
	10


	0
	8
	1
	49
	2
	25
	3
	33


	0
	25
	1
	19
	2
	18
	3
	15


	0
	33
	1
	41
	2
	28
	3
	28


	0
	35
	1
	21
	2
	34
	3
	17


	0
	7
	1
	37
	2
	30
	3
	35


	0
	8
	1
	43
	2
	23
	3
	33


	0
	23
	1
	15
	2
	26
	3
	33


	0
	49
	1
	6
	2
	39
	3
	40


	0
	32
	1
	23
	2
	28
	3
	17


	0
	29
	1
	7
	2
	32
	3
	19


	0
	9
	1
	39
	2
	40
	3
	21


	0
	17
	1
	19
	2
	45
	3
	29


	0
	24
	1
	34
	2
	37
	3
	41


	0
	31
	1
	14
	2
	24
	3
	12


	0
	7
	1
	6
	2
	15
	3
	38


	0
	38
	1
	39
	2
	46
	3
	31


	0
	49
	1
	39
	2
	38
	3
	23


	0
	8
	1
	26
	2
	13
	3
	7

