40
4
3

	0
	48
	1
	49
	2
	13
	3
	5


	0
	35
	1
	28
	2
	12
	3
	26


	0
	34
	1
	14
	2
	41
	3
	41


	0
	16
	1
	38
	2
	46
	3
	45


	0
	36
	1
	13
	2
	12
	3
	38


	0
	13
	1
	14
	2
	41
	3
	46


	0
	16
	1
	38
	2
	45
	3
	23


	0
	48
	1
	20
	2
	34
	3
	8


	0
	18
	1
	20
	2
	27
	3
	45


	0
	7
	1
	45
	2
	29
	3
	5


	0
	9
	1
	43
	2
	6
	3
	22


	0
	13
	1
	34
	2
	35
	3
	21


	0
	28
	1
	38
	2
	24
	3
	7


	0
	43
	1
	11
	2
	48
	3
	17


	0
	18
	1
	15
	2
	22
	3
	47


	0
	41
	1
	48
	2
	47
	3
	14


	0
	9
	1
	30
	2
	11
	3
	25


	0
	24
	1
	41
	2
	46
	3
	18


	0
	29
	1
	40
	2
	27
	3
	11


	0
	33
	1
	17
	2
	39
	3
	29


	0
	44
	1
	34
	2
	43
	3
	18


	0
	42
	1
	29
	2
	25
	3
	34


	0
	41
	1
	29
	2
	24
	3
	29


	0
	43
	1
	49
	2
	42
	3
	22


	0
	29
	1
	35
	2
	35
	3
	29


	0
	42
	1
	20
	2
	38
	3
	18


	0
	13
	1
	40
	2
	40
	3
	6


	0
	8
	1
	31
	2
	31
	3
	5


	0
	18
	1
	29
	2
	48
	3
	18


	0
	45
	1
	14
	2
	28
	3
	7


	0
	5
	1
	37
	2
	33
	3
	31


	0
	25
	1
	32
	2
	29
	3
	18


	0
	15
	1
	23
	2
	42
	3
	19


	0
	34
	1
	21
	2
	28
	3
	43


	0
	23
	1
	17
	2
	23
	3
	42


	0
	36
	1
	14
	2
	26
	3
	19


	0
	32
	1
	23
	2
	20
	3
	13


	0
	23
	1
	22
	2
	31
	3
	9


	0
	45
	1
	40
	2
	24
	3
	46


	0
	15
	1
	41
	2
	11
	3
	15

