40
16
4

	0
	30
	1
	33
	2
	41
	3
	35
	4
	35
	5
	10
	6
	18
	7
	22
	8
	36
	9
	45
	10
	46
	11
	20
	12
	41
	13
	22
	14
	41
	15
	37


	0
	47
	1
	28
	2
	35
	3
	44
	4
	32
	5
	8
	6
	38
	7
	16
	8
	46
	9
	30
	10
	36
	11
	48
	12
	23
	13
	16
	14
	46
	15
	48


	0
	7
	1
	40
	2
	31
	3
	39
	4
	38
	5
	6
	6
	47
	7
	37
	8
	39
	9
	23
	10
	44
	11
	49
	12
	8
	13
	19
	14
	17
	15
	27


	0
	26
	1
	31
	2
	29
	3
	35
	4
	48
	5
	32
	6
	37
	7
	49
	8
	35
	9
	35
	10
	18
	11
	30
	12
	15
	13
	5
	14
	25
	15
	19


	0
	23
	1
	14
	2
	17
	3
	11
	4
	48
	5
	31
	6
	8
	7
	35
	8
	14
	9
	33
	10
	15
	11
	32
	12
	30
	13
	9
	14
	39
	15
	18


	0
	20
	1
	21
	2
	10
	3
	33
	4
	25
	5
	27
	6
	22
	7
	46
	8
	6
	9
	11
	10
	21
	11
	23
	12
	42
	13
	46
	14
	12
	15
	28


	0
	40
	1
	40
	2
	22
	3
	45
	4
	36
	5
	27
	6
	44
	7
	8
	8
	46
	9
	19
	10
	9
	11
	9
	12
	9
	13
	11
	14
	25
	15
	15


	0
	31
	1
	16
	2
	30
	3
	21
	4
	30
	5
	15
	6
	23
	7
	34
	8
	37
	9
	16
	10
	9
	11
	15
	12
	26
	13
	35
	14
	44
	15
	14


	0
	26
	1
	43
	2
	45
	3
	48
	4
	30
	5
	46
	6
	46
	7
	34
	8
	33
	9
	44
	10
	32
	11
	43
	12
	29
	13
	24
	14
	47
	15
	25


	0
	29
	1
	39
	2
	33
	3
	19
	4
	10
	5
	19
	6
	25
	7
	11
	8
	24
	9
	37
	10
	14
	11
	34
	12
	8
	13
	47
	14
	17
	15
	6


	0
	36
	1
	17
	2
	25
	3
	10
	4
	48
	5
	16
	6
	37
	7
	6
	8
	34
	9
	30
	10
	22
	11
	38
	12
	16
	13
	42
	14
	27
	15
	29


	0
	6
	1
	15
	2
	12
	3
	18
	4
	11
	5
	21
	6
	7
	7
	31
	8
	17
	9
	21
	10
	29
	11
	42
	12
	27
	13
	43
	14
	25
	15
	42


	0
	41
	1
	9
	2
	34
	3
	38
	4
	7
	5
	12
	6
	26
	7
	22
	8
	7
	9
	34
	10
	42
	11
	20
	12
	12
	13
	16
	14
	38
	15
	8


	0
	30
	1
	7
	2
	31
	3
	23
	4
	14
	5
	31
	6
	8
	7
	30
	8
	26
	9
	21
	10
	8
	11
	41
	12
	13
	13
	24
	14
	24
	15
	28


	0
	30
	1
	42
	2
	39
	3
	8
	4
	48
	5
	38
	6
	19
	7
	44
	8
	8
	9
	22
	10
	13
	11
	42
	12
	20
	13
	29
	14
	9
	15
	5


	0
	27
	1
	45
	2
	42
	3
	44
	4
	39
	5
	9
	6
	30
	7
	17
	8
	29
	9
	16
	10
	48
	11
	21
	12
	29
	13
	19
	14
	17
	15
	29


	0
	43
	1
	35
	2
	37
	3
	46
	4
	6
	5
	49
	6
	47
	7
	12
	8
	6
	9
	45
	10
	28
	11
	38
	12
	16
	13
	24
	14
	38
	15
	37


	0
	47
	1
	43
	2
	48
	3
	21
	4
	27
	5
	41
	6
	7
	7
	11
	8
	17
	9
	13
	10
	14
	11
	46
	12
	8
	13
	7
	14
	17
	15
	31


	0
	14
	1
	45
	2
	23
	3
	16
	4
	20
	5
	28
	6
	32
	7
	5
	8
	26
	9
	40
	10
	22
	11
	33
	12
	21
	13
	10
	14
	32
	15
	31


	0
	39
	1
	46
	2
	37
	3
	29
	4
	25
	5
	12
	6
	6
	7
	48
	8
	45
	9
	38
	10
	23
	11
	35
	12
	24
	13
	41
	14
	42
	15
	20


	0
	35
	1
	11
	2
	15
	3
	10
	4
	15
	5
	41
	6
	49
	7
	25
	8
	40
	9
	42
	10
	18
	11
	10
	12
	45
	13
	35
	14
	14
	15
	7


	0
	27
	1
	36
	2
	11
	3
	34
	4
	9
	5
	15
	6
	27
	7
	13
	8
	23
	9
	31
	10
	34
	11
	45
	12
	10
	13
	38
	14
	14
	15
	9


	0
	22
	1
	14
	2
	36
	3
	41
	4
	19
	5
	34
	6
	41
	7
	28
	8
	25
	9
	49
	10
	25
	11
	45
	12
	35
	13
	20
	14
	14
	15
	34


	0
	37
	1
	8
	2
	30
	3
	43
	4
	47
	5
	27
	6
	14
	7
	31
	8
	31
	9
	17
	10
	15
	11
	12
	12
	14
	13
	24
	14
	37
	15
	49


	0
	9
	1
	8
	2
	28
	3
	24
	4
	45
	5
	30
	6
	35
	7
	14
	8
	21
	9
	29
	10
	5
	11
	34
	12
	18
	13
	12
	14
	33
	15
	6


	0
	19
	1
	31
	2
	8
	3
	39
	4
	44
	5
	29
	6
	5
	7
	6
	8
	48
	9
	13
	10
	43
	11
	39
	12
	8
	13
	21
	14
	27
	15
	35


	0
	47
	1
	15
	2
	37
	3
	37
	4
	38
	5
	35
	6
	26
	7
	40
	8
	9
	9
	11
	10
	16
	11
	35
	12
	48
	13
	8
	14
	33
	15
	12


	0
	10
	1
	34
	2
	9
	3
	25
	4
	41
	5
	43
	6
	11
	7
	37
	8
	45
	9
	36
	10
	16
	11
	18
	12
	6
	13
	39
	14
	18
	15
	8


	0
	33
	1
	13
	2
	38
	3
	44
	4
	29
	5
	5
	6
	47
	7
	35
	8
	30
	9
	15
	10
	5
	11
	16
	12
	12
	13
	25
	14
	27
	15
	17


	0
	45
	1
	35
	2
	12
	3
	19
	4
	20
	5
	34
	6
	37
	7
	47
	8
	19
	9
	29
	10
	34
	11
	34
	12
	12
	13
	34
	14
	36
	15
	48


	0
	33
	1
	36
	2
	39
	3
	5
	4
	6
	5
	6
	6
	33
	7
	46
	8
	36
	9
	11
	10
	23
	11
	47
	12
	35
	13
	10
	14
	6
	15
	41


	0
	43
	1
	23
	2
	14
	3
	21
	4
	39
	5
	11
	6
	33
	7
	20
	8
	10
	9
	16
	10
	15
	11
	24
	12
	48
	13
	39
	14
	47
	15
	14


	0
	16
	1
	6
	2
	45
	3
	25
	4
	6
	5
	17
	6
	37
	7
	13
	8
	20
	9
	42
	10
	13
	11
	39
	12
	43
	13
	38
	14
	11
	15
	31


	0
	47
	1
	39
	2
	21
	3
	40
	4
	6
	5
	15
	6
	33
	7
	47
	8
	39
	9
	24
	10
	34
	11
	13
	12
	18
	13
	33
	14
	9
	15
	48


	0
	27
	1
	17
	2
	39
	3
	32
	4
	41
	5
	46
	6
	15
	7
	11
	8
	34
	9
	11
	10
	25
	11
	28
	12
	21
	13
	18
	14
	10
	15
	25


	0
	26
	1
	5
	2
	8
	3
	24
	4
	5
	5
	17
	6
	44
	7
	33
	8
	38
	9
	10
	10
	31
	11
	18
	12
	13
	13
	28
	14
	14
	15
	22


	0
	43
	1
	12
	2
	18
	3
	44
	4
	42
	5
	40
	6
	48
	7
	5
	8
	5
	9
	30
	10
	17
	11
	16
	12
	17
	13
	30
	14
	5
	15
	33


	0
	33
	1
	31
	2
	46
	3
	26
	4
	23
	5
	28
	6
	24
	7
	17
	8
	36
	9
	8
	10
	21
	11
	36
	12
	27
	13
	16
	14
	17
	15
	21


	0
	46
	1
	19
	2
	14
	3
	30
	4
	29
	5
	38
	6
	8
	7
	37
	8
	9
	9
	23
	10
	6
	11
	39
	12
	27
	13
	33
	14
	45
	15
	30


	0
	8
	1
	7
	2
	48
	3
	13
	4
	17
	5
	5
	6
	18
	7
	10
	8
	34
	9
	14
	10
	17
	11
	14
	12
	21
	13
	32
	14
	11
	15
	18

