40
16
3

	0
	5
	1
	29
	2
	33
	3
	23
	4
	31
	5
	6
	6
	24
	7
	24
	8
	9
	9
	27
	10
	5
	11
	32
	12
	33
	13
	22
	14
	39
	15
	10


	0
	13
	1
	23
	2
	8
	3
	38
	4
	49
	5
	39
	6
	37
	7
	48
	8
	30
	9
	11
	10
	23
	11
	31
	12
	21
	13
	31
	14
	7
	15
	39


	0
	9
	1
	11
	2
	21
	3
	47
	4
	33
	5
	38
	6
	30
	7
	38
	8
	38
	9
	22
	10
	19
	11
	26
	12
	39
	13
	10
	14
	10
	15
	6


	0
	31
	1
	36
	2
	29
	3
	39
	4
	27
	5
	21
	6
	17
	7
	15
	8
	41
	9
	38
	10
	42
	11
	15
	12
	5
	13
	28
	14
	13
	15
	13


	0
	42
	1
	49
	2
	42
	3
	31
	4
	27
	5
	40
	6
	26
	7
	35
	8
	42
	9
	17
	10
	48
	11
	15
	12
	13
	13
	43
	14
	14
	15
	19


	0
	47
	1
	21
	2
	48
	3
	32
	4
	24
	5
	38
	6
	15
	7
	44
	8
	24
	9
	42
	10
	8
	11
	45
	12
	40
	13
	27
	14
	40
	15
	27


	0
	43
	1
	34
	2
	14
	3
	43
	4
	43
	5
	12
	6
	14
	7
	17
	8
	33
	9
	11
	10
	8
	11
	32
	12
	36
	13
	7
	14
	49
	15
	24


	0
	9
	1
	49
	2
	17
	3
	44
	4
	10
	5
	16
	6
	17
	7
	42
	8
	19
	9
	26
	10
	19
	11
	29
	12
	20
	13
	45
	14
	10
	15
	22


	0
	10
	1
	29
	2
	24
	3
	37
	4
	39
	5
	7
	6
	26
	7
	23
	8
	36
	9
	19
	10
	30
	11
	20
	12
	47
	13
	33
	14
	8
	15
	5


	0
	37
	1
	34
	2
	24
	3
	47
	4
	35
	5
	28
	6
	6
	7
	26
	8
	47
	9
	38
	10
	23
	11
	35
	12
	5
	13
	24
	14
	14
	15
	22


	0
	49
	1
	38
	2
	26
	3
	29
	4
	11
	5
	40
	6
	46
	7
	35
	8
	26
	9
	32
	10
	22
	11
	36
	12
	26
	13
	35
	14
	44
	15
	16


	0
	15
	1
	33
	2
	15
	3
	29
	4
	41
	5
	20
	6
	12
	7
	36
	8
	32
	9
	43
	10
	42
	11
	20
	12
	12
	13
	20
	14
	10
	15
	15


	0
	47
	1
	7
	2
	46
	3
	9
	4
	31
	5
	8
	6
	23
	7
	5
	8
	13
	9
	11
	10
	37
	11
	5
	12
	49
	13
	32
	14
	33
	15
	6


	0
	20
	1
	5
	2
	45
	3
	47
	4
	5
	5
	36
	6
	31
	7
	5
	8
	19
	9
	38
	10
	46
	11
	34
	12
	43
	13
	19
	14
	5
	15
	7


	0
	23
	1
	5
	2
	34
	3
	20
	4
	37
	5
	37
	6
	14
	7
	35
	8
	28
	9
	25
	10
	42
	11
	43
	12
	46
	13
	46
	14
	16
	15
	48


	0
	29
	1
	7
	2
	35
	3
	19
	4
	44
	5
	38
	6
	7
	7
	5
	8
	46
	9
	11
	10
	48
	11
	16
	12
	36
	13
	27
	14
	24
	15
	15


	0
	39
	1
	47
	2
	9
	3
	18
	4
	37
	5
	11
	6
	12
	7
	27
	8
	9
	9
	37
	10
	31
	11
	10
	12
	28
	13
	27
	14
	23
	15
	9


	0
	46
	1
	14
	2
	26
	3
	13
	4
	18
	5
	16
	6
	19
	7
	42
	8
	42
	9
	11
	10
	39
	11
	43
	12
	17
	13
	14
	14
	20
	15
	10


	0
	48
	1
	46
	2
	41
	3
	28
	4
	24
	5
	26
	6
	28
	7
	5
	8
	35
	9
	23
	10
	49
	11
	39
	12
	16
	13
	27
	14
	28
	15
	39


	0
	11
	1
	8
	2
	41
	3
	27
	4
	9
	5
	48
	6
	42
	7
	19
	8
	31
	9
	21
	10
	29
	11
	36
	12
	46
	13
	31
	14
	38
	15
	8


	0
	33
	1
	45
	2
	26
	3
	41
	4
	38
	5
	34
	6
	30
	7
	17
	8
	15
	9
	7
	10
	15
	11
	28
	12
	16
	13
	19
	14
	36
	15
	38


	0
	44
	1
	31
	2
	14
	3
	14
	4
	44
	5
	49
	6
	29
	7
	6
	8
	6
	9
	13
	10
	8
	11
	30
	12
	25
	13
	42
	14
	38
	15
	34


	0
	24
	1
	12
	2
	10
	3
	49
	4
	44
	5
	27
	6
	28
	7
	32
	8
	39
	9
	5
	10
	41
	11
	39
	12
	22
	13
	27
	14
	49
	15
	12


	0
	29
	1
	9
	2
	36
	3
	42
	4
	41
	5
	20
	6
	23
	7
	24
	8
	44
	9
	31
	10
	16
	11
	19
	12
	45
	13
	23
	14
	11
	15
	26


	0
	20
	1
	21
	2
	7
	3
	7
	4
	8
	5
	9
	6
	42
	7
	28
	8
	40
	9
	17
	10
	21
	11
	32
	12
	21
	13
	47
	14
	5
	15
	44


	0
	12
	1
	5
	2
	24
	3
	30
	4
	17
	5
	43
	6
	7
	7
	41
	8
	43
	9
	41
	10
	41
	11
	26
	12
	27
	13
	43
	14
	27
	15
	7


	0
	25
	1
	24
	2
	40
	3
	40
	4
	20
	5
	49
	6
	49
	7
	36
	8
	34
	9
	37
	10
	35
	11
	35
	12
	23
	13
	34
	14
	8
	15
	40


	0
	37
	1
	48
	2
	36
	3
	38
	4
	41
	5
	7
	6
	36
	7
	45
	8
	9
	9
	49
	10
	32
	11
	20
	12
	33
	13
	27
	14
	18
	15
	24


	0
	32
	1
	13
	2
	48
	3
	27
	4
	17
	5
	37
	6
	23
	7
	25
	8
	42
	9
	37
	10
	21
	11
	45
	12
	47
	13
	8
	14
	32
	15
	12


	0
	39
	1
	47
	2
	48
	3
	41
	4
	11
	5
	25
	6
	32
	7
	22
	8
	36
	9
	7
	10
	34
	11
	35
	12
	24
	13
	23
	14
	21
	15
	14


	0
	48
	1
	16
	2
	42
	3
	27
	4
	31
	5
	21
	6
	8
	7
	37
	8
	42
	9
	26
	10
	28
	11
	27
	12
	32
	13
	37
	14
	24
	15
	20


	0
	28
	1
	17
	2
	37
	3
	26
	4
	23
	5
	39
	6
	33
	7
	42
	8
	27
	9
	34
	10
	19
	11
	30
	12
	19
	13
	14
	14
	33
	15
	19


	0
	8
	1
	48
	2
	21
	3
	37
	4
	10
	5
	49
	6
	37
	7
	15
	8
	37
	9
	13
	10
	8
	11
	33
	12
	5
	13
	29
	14
	15
	15
	22


	0
	8
	1
	7
	2
	28
	3
	12
	4
	44
	5
	48
	6
	20
	7
	12
	8
	5
	9
	8
	10
	15
	11
	13
	12
	13
	13
	19
	14
	24
	15
	43


	0
	41
	1
	17
	2
	27
	3
	45
	4
	46
	5
	49
	6
	31
	7
	36
	8
	37
	9
	31
	10
	38
	11
	9
	12
	35
	13
	38
	14
	17
	15
	42


	0
	29
	1
	18
	2
	48
	3
	43
	4
	22
	5
	33
	6
	16
	7
	28
	8
	24
	9
	32
	10
	6
	11
	7
	12
	5
	13
	7
	14
	19
	15
	12


	0
	40
	1
	14
	2
	39
	3
	14
	4
	40
	5
	10
	6
	15
	7
	9
	8
	45
	9
	6
	10
	9
	11
	34
	12
	33
	13
	24
	14
	47
	15
	21


	0
	16
	1
	6
	2
	39
	3
	12
	4
	17
	5
	47
	6
	14
	7
	23
	8
	49
	9
	16
	10
	14
	11
	48
	12
	41
	13
	12
	14
	16
	15
	45


	0
	30
	1
	8
	2
	8
	3
	13
	4
	10
	5
	10
	6
	29
	7
	46
	8
	24
	9
	47
	10
	11
	11
	38
	12
	38
	13
	28
	14
	9
	15
	47


	0
	34
	1
	6
	2
	43
	3
	6
	4
	45
	5
	12
	6
	13
	7
	6
	8
	17
	9
	17
	10
	35
	11
	40
	12
	28
	13
	42
	14
	9
	15
	27

