40
4
5

	0
	34
	1
	31
	2
	14
	3
	41


	0
	43
	1
	45
	2
	47
	3
	5


	0
	14
	1
	13
	2
	16
	3
	38


	0
	48
	1
	33
	2
	40
	3
	17


	0
	35
	1
	16
	2
	9
	3
	41


	0
	44
	1
	49
	2
	17
	3
	14


	0
	37
	1
	13
	2
	6
	3
	37


	0
	15
	1
	22
	2
	27
	3
	48


	0
	48
	1
	43
	2
	17
	3
	15


	0
	46
	1
	19
	2
	30
	3
	8


	0
	21
	1
	49
	2
	26
	3
	49


	0
	21
	1
	8
	2
	20
	3
	19


	0
	34
	1
	23
	2
	10
	3
	18


	0
	7
	1
	34
	2
	18
	3
	42


	0
	7
	1
	37
	2
	32
	3
	48


	0
	38
	1
	45
	2
	27
	3
	22


	0
	12
	1
	39
	2
	29
	3
	21


	0
	38
	1
	41
	2
	9
	3
	8


	0
	9
	1
	7
	2
	40
	3
	6


	0
	31
	1
	8
	2
	42
	3
	39


	0
	43
	1
	16
	2
	37
	3
	49


	0
	43
	1
	46
	2
	37
	3
	33


	0
	13
	1
	26
	2
	7
	3
	5


	0
	46
	1
	41
	2
	49
	3
	23


	0
	28
	1
	42
	2
	46
	3
	19


	0
	28
	1
	11
	2
	44
	3
	46


	0
	44
	1
	31
	2
	11
	3
	13


	0
	48
	1
	47
	2
	30
	3
	27


	0
	24
	1
	15
	2
	5
	3
	48


	0
	16
	1
	31
	2
	27
	3
	9


	0
	29
	1
	22
	2
	23
	3
	22


	0
	24
	1
	37
	2
	41
	3
	23


	0
	44
	1
	13
	2
	20
	3
	27


	0
	48
	1
	13
	2
	28
	3
	11


	0
	28
	1
	11
	2
	45
	3
	18


	0
	11
	1
	28
	2
	23
	3
	7


	0
	18
	1
	14
	2
	38
	3
	27


	0
	8
	1
	7
	2
	38
	3
	49


	0
	22
	1
	9
	2
	11
	3
	24


	0
	32
	1
	31
	2
	6
	3
	25

