40
16
2

	0
	24
	1
	17
	2
	24
	3
	42
	4
	15
	5
	31
	6
	44
	7
	14
	8
	6
	9
	19
	10
	20
	11
	8
	12
	27
	13
	15
	14
	19
	15
	26


	0
	29
	1
	15
	2
	27
	3
	17
	4
	31
	5
	30
	6
	48
	7
	9
	8
	15
	9
	29
	10
	46
	11
	15
	12
	41
	13
	47
	14
	33
	15
	42


	0
	38
	1
	39
	2
	17
	3
	26
	4
	40
	5
	20
	6
	26
	7
	29
	8
	14
	9
	25
	10
	24
	11
	15
	12
	6
	13
	5
	14
	34
	15
	45


	0
	24
	1
	30
	2
	26
	3
	29
	4
	41
	5
	12
	6
	43
	7
	35
	8
	13
	9
	14
	10
	25
	11
	38
	12
	9
	13
	26
	14
	43
	15
	42


	0
	10
	1
	13
	2
	34
	3
	40
	4
	37
	5
	48
	6
	7
	7
	19
	8
	22
	9
	30
	10
	8
	11
	44
	12
	17
	13
	18
	14
	7
	15
	5


	0
	24
	1
	26
	2
	36
	3
	22
	4
	12
	5
	30
	6
	36
	7
	44
	8
	19
	9
	10
	10
	28
	11
	24
	12
	23
	13
	5
	14
	9
	15
	21


	0
	29
	1
	8
	2
	8
	3
	45
	4
	9
	5
	7
	6
	20
	7
	30
	8
	21
	9
	44
	10
	15
	11
	28
	12
	11
	13
	28
	14
	24
	15
	49


	0
	18
	1
	35
	2
	19
	3
	16
	4
	48
	5
	45
	6
	24
	7
	46
	8
	22
	9
	34
	10
	23
	11
	6
	12
	17
	13
	18
	14
	14
	15
	12


	0
	38
	1
	6
	2
	16
	3
	30
	4
	22
	5
	47
	6
	17
	7
	17
	8
	7
	9
	14
	10
	10
	11
	14
	12
	11
	13
	37
	14
	14
	15
	44


	0
	46
	1
	7
	2
	16
	3
	43
	4
	17
	5
	38
	6
	19
	7
	43
	8
	20
	9
	28
	10
	34
	11
	8
	12
	17
	13
	34
	14
	29
	15
	28


	0
	16
	1
	46
	2
	6
	3
	36
	4
	13
	5
	47
	6
	16
	7
	45
	8
	42
	9
	29
	10
	13
	11
	44
	12
	45
	13
	5
	14
	17
	15
	9


	0
	10
	1
	42
	2
	17
	3
	42
	4
	5
	5
	47
	6
	49
	7
	45
	8
	47
	9
	33
	10
	49
	11
	38
	12
	42
	13
	18
	14
	33
	15
	29


	0
	12
	1
	27
	2
	6
	3
	35
	4
	30
	5
	45
	6
	37
	7
	35
	8
	43
	9
	12
	10
	8
	11
	49
	12
	20
	13
	39
	14
	21
	15
	16


	0
	35
	1
	26
	2
	22
	3
	11
	4
	31
	5
	29
	6
	21
	7
	18
	8
	27
	9
	49
	10
	33
	11
	47
	12
	46
	13
	24
	14
	19
	15
	11


	0
	39
	1
	28
	2
	24
	3
	39
	4
	34
	5
	33
	6
	18
	7
	27
	8
	40
	9
	28
	10
	46
	11
	9
	12
	16
	13
	17
	14
	35
	15
	38


	0
	39
	1
	34
	2
	7
	3
	16
	4
	18
	5
	30
	6
	35
	7
	44
	8
	44
	9
	13
	10
	47
	11
	33
	12
	13
	13
	32
	14
	31
	15
	35


	0
	13
	1
	14
	2
	28
	3
	34
	4
	7
	5
	20
	6
	8
	7
	28
	8
	30
	9
	34
	10
	33
	11
	15
	12
	36
	13
	46
	14
	38
	15
	23


	0
	31
	1
	21
	2
	15
	3
	37
	4
	25
	5
	9
	6
	13
	7
	28
	8
	24
	9
	33
	10
	23
	11
	21
	12
	11
	13
	21
	14
	46
	15
	42


	0
	32
	1
	35
	2
	30
	3
	22
	4
	11
	5
	27
	6
	12
	7
	44
	8
	25
	9
	20
	10
	11
	11
	21
	12
	25
	13
	28
	14
	15
	15
	45


	0
	6
	1
	49
	2
	21
	3
	22
	4
	38
	5
	19
	6
	22
	7
	18
	8
	30
	9
	29
	10
	44
	11
	12
	12
	49
	13
	48
	14
	30
	15
	14


	0
	28
	1
	42
	2
	27
	3
	6
	4
	6
	5
	33
	6
	11
	7
	6
	8
	43
	9
	46
	10
	28
	11
	5
	12
	10
	13
	24
	14
	48
	15
	34


	0
	26
	1
	24
	2
	43
	3
	8
	4
	37
	5
	42
	6
	20
	7
	34
	8
	13
	9
	35
	10
	27
	11
	48
	12
	47
	13
	23
	14
	35
	15
	9


	0
	36
	1
	10
	2
	30
	3
	45
	4
	15
	5
	31
	6
	46
	7
	5
	8
	17
	9
	36
	10
	27
	11
	35
	12
	24
	13
	12
	14
	7
	15
	46


	0
	31
	1
	5
	2
	47
	3
	23
	4
	29
	5
	27
	6
	7
	7
	17
	8
	16
	9
	32
	10
	22
	11
	39
	12
	25
	13
	18
	14
	49
	15
	7


	0
	12
	1
	40
	2
	26
	3
	13
	4
	27
	5
	47
	6
	20
	7
	29
	8
	36
	9
	36
	10
	31
	11
	19
	12
	12
	13
	39
	14
	12
	15
	47


	0
	8
	1
	11
	2
	29
	3
	41
	4
	37
	5
	17
	6
	6
	7
	6
	8
	13
	9
	46
	10
	36
	11
	46
	12
	25
	13
	14
	14
	9
	15
	9


	0
	44
	1
	11
	2
	19
	3
	9
	4
	15
	5
	34
	6
	26
	7
	16
	8
	28
	9
	38
	10
	35
	11
	45
	12
	15
	13
	16
	14
	45
	15
	49


	0
	14
	1
	32
	2
	20
	3
	11
	4
	34
	5
	27
	6
	37
	7
	43
	8
	15
	9
	36
	10
	25
	11
	44
	12
	38
	13
	21
	14
	21
	15
	36


	0
	33
	1
	39
	2
	24
	3
	25
	4
	40
	5
	42
	6
	48
	7
	26
	8
	37
	9
	21
	10
	8
	11
	45
	12
	21
	13
	5
	14
	5
	15
	45


	0
	15
	1
	13
	2
	28
	3
	16
	4
	48
	5
	33
	6
	11
	7
	38
	8
	36
	9
	38
	10
	27
	11
	21
	12
	34
	13
	36
	14
	29
	15
	19


	0
	46
	1
	26
	2
	21
	3
	21
	4
	38
	5
	40
	6
	43
	7
	46
	8
	17
	9
	45
	10
	18
	11
	47
	12
	5
	13
	31
	14
	45
	15
	32


	0
	39
	1
	20
	2
	25
	3
	41
	4
	13
	5
	31
	6
	13
	7
	36
	8
	48
	9
	39
	10
	34
	11
	8
	12
	38
	13
	47
	14
	40
	15
	43


	0
	45
	1
	30
	2
	37
	3
	37
	4
	20
	5
	25
	6
	23
	7
	33
	8
	47
	9
	6
	10
	12
	11
	10
	12
	45
	13
	5
	14
	5
	15
	19


	0
	42
	1
	13
	2
	39
	3
	6
	4
	12
	5
	17
	6
	19
	7
	49
	8
	47
	9
	9
	10
	35
	11
	46
	12
	36
	13
	37
	14
	26
	15
	29


	0
	33
	1
	40
	2
	29
	3
	10
	4
	31
	5
	26
	6
	33
	7
	12
	8
	13
	9
	49
	10
	17
	11
	8
	12
	32
	13
	12
	14
	34
	15
	31


	0
	7
	1
	36
	2
	25
	3
	6
	4
	40
	5
	11
	6
	18
	7
	36
	8
	31
	9
	48
	10
	24
	11
	42
	12
	33
	13
	10
	14
	9
	15
	28


	0
	35
	1
	27
	2
	26
	3
	12
	4
	45
	5
	20
	6
	26
	7
	33
	8
	47
	9
	38
	10
	8
	11
	28
	12
	6
	13
	34
	14
	16
	15
	44


	0
	20
	1
	43
	2
	33
	3
	33
	4
	40
	5
	24
	6
	43
	7
	13
	8
	12
	9
	14
	10
	46
	11
	38
	12
	24
	13
	14
	14
	26
	15
	33


	0
	33
	1
	40
	2
	23
	3
	45
	4
	49
	5
	14
	6
	6
	7
	11
	8
	19
	9
	6
	10
	42
	11
	7
	12
	12
	13
	41
	14
	33
	15
	25


	0
	46
	1
	25
	2
	40
	3
	21
	4
	17
	5
	25
	6
	5
	7
	11
	8
	20
	9
	31
	10
	28
	11
	38
	12
	16
	13
	34
	14
	21
	15
	17

