40
16
3

	0
	35
	1
	24
	2
	20
	3
	35
	4
	33
	5
	21
	6
	47
	7
	37
	8
	35
	9
	20
	10
	15
	11
	44
	12
	9
	13
	31
	14
	22
	15
	40


	0
	13
	1
	6
	2
	6
	3
	40
	4
	21
	5
	8
	6
	10
	7
	9
	8
	20
	9
	32
	10
	18
	11
	22
	12
	37
	13
	7
	14
	29
	15
	13


	0
	31
	1
	14
	2
	8
	3
	35
	4
	16
	5
	21
	6
	38
	7
	26
	8
	41
	9
	26
	10
	19
	11
	36
	12
	29
	13
	31
	14
	33
	15
	42


	0
	24
	1
	49
	2
	20
	3
	11
	4
	25
	5
	12
	6
	26
	7
	11
	8
	8
	9
	24
	10
	26
	11
	20
	12
	40
	13
	17
	14
	49
	15
	21


	0
	20
	1
	24
	2
	16
	3
	37
	4
	46
	5
	33
	6
	19
	7
	24
	8
	42
	9
	49
	10
	48
	11
	26
	12
	28
	13
	31
	14
	34
	15
	38


	0
	40
	1
	35
	2
	32
	3
	25
	4
	28
	5
	25
	6
	39
	7
	6
	8
	8
	9
	40
	10
	7
	11
	39
	12
	34
	13
	41
	14
	20
	15
	32


	0
	13
	1
	28
	2
	9
	3
	47
	4
	8
	5
	31
	6
	22
	7
	10
	8
	31
	9
	42
	10
	49
	11
	29
	12
	6
	13
	5
	14
	29
	15
	7


	0
	42
	1
	20
	2
	24
	3
	12
	4
	45
	5
	45
	6
	37
	7
	13
	8
	46
	9
	13
	10
	8
	11
	30
	12
	6
	13
	16
	14
	25
	15
	15


	0
	23
	1
	42
	2
	40
	3
	9
	4
	33
	5
	9
	6
	10
	7
	28
	8
	48
	9
	18
	10
	23
	11
	47
	12
	27
	13
	45
	14
	45
	15
	22


	0
	33
	1
	14
	2
	17
	3
	40
	4
	34
	5
	24
	6
	43
	7
	34
	8
	22
	9
	21
	10
	27
	11
	9
	12
	34
	13
	22
	14
	35
	15
	47


	0
	11
	1
	32
	2
	49
	3
	9
	4
	48
	5
	47
	6
	35
	7
	17
	8
	13
	9
	14
	10
	14
	11
	40
	12
	34
	13
	42
	14
	16
	15
	39


	0
	42
	1
	14
	2
	49
	3
	22
	4
	36
	5
	29
	6
	29
	7
	25
	8
	31
	9
	14
	10
	43
	11
	29
	12
	26
	13
	11
	14
	29
	15
	42


	0
	38
	1
	32
	2
	22
	3
	19
	4
	36
	5
	48
	6
	28
	7
	31
	8
	28
	9
	34
	10
	28
	11
	29
	12
	16
	13
	45
	14
	28
	15
	15


	0
	14
	1
	14
	2
	45
	3
	27
	4
	25
	5
	25
	6
	46
	7
	15
	8
	26
	9
	32
	10
	29
	11
	11
	12
	39
	13
	36
	14
	45
	15
	17


	0
	14
	1
	14
	2
	45
	3
	6
	4
	7
	5
	20
	6
	33
	7
	28
	8
	37
	9
	19
	10
	39
	11
	30
	12
	19
	13
	14
	14
	45
	15
	29


	0
	11
	1
	19
	2
	10
	3
	11
	4
	22
	5
	21
	6
	43
	7
	16
	8
	47
	9
	9
	10
	22
	11
	30
	12
	5
	13
	32
	14
	37
	15
	20


	0
	19
	1
	44
	2
	45
	3
	46
	4
	14
	5
	46
	6
	30
	7
	38
	8
	33
	9
	49
	10
	39
	11
	10
	12
	35
	13
	40
	14
	46
	15
	13


	0
	31
	1
	9
	2
	33
	3
	11
	4
	25
	5
	5
	6
	11
	7
	48
	8
	33
	9
	25
	10
	31
	11
	10
	12
	45
	13
	31
	14
	26
	15
	13


	0
	16
	1
	33
	2
	46
	3
	43
	4
	24
	5
	20
	6
	40
	7
	38
	8
	31
	9
	28
	10
	14
	11
	47
	12
	26
	13
	33
	14
	16
	15
	12


	0
	19
	1
	12
	2
	12
	3
	47
	4
	28
	5
	38
	6
	46
	7
	5
	8
	35
	9
	21
	10
	34
	11
	14
	12
	33
	13
	45
	14
	18
	15
	47


	0
	35
	1
	25
	2
	32
	3
	16
	4
	5
	5
	11
	6
	44
	7
	46
	8
	40
	9
	28
	10
	37
	11
	38
	12
	40
	13
	25
	14
	37
	15
	46


	0
	15
	1
	32
	2
	42
	3
	9
	4
	18
	5
	49
	6
	24
	7
	8
	8
	16
	9
	47
	10
	36
	11
	47
	12
	8
	13
	13
	14
	33
	15
	22


	0
	5
	1
	47
	2
	13
	3
	24
	4
	38
	5
	12
	6
	22
	7
	21
	8
	9
	9
	5
	10
	27
	11
	35
	12
	44
	13
	15
	14
	24
	15
	29


	0
	25
	1
	28
	2
	7
	3
	19
	4
	42
	5
	48
	6
	19
	7
	42
	8
	43
	9
	46
	10
	6
	11
	48
	12
	21
	13
	23
	14
	44
	15
	14


	0
	33
	1
	13
	2
	38
	3
	7
	4
	31
	5
	49
	6
	28
	7
	40
	8
	11
	9
	12
	10
	15
	11
	15
	12
	41
	13
	29
	14
	7
	15
	6


	0
	16
	1
	27
	2
	27
	3
	39
	4
	14
	5
	17
	6
	25
	7
	48
	8
	24
	9
	30
	10
	16
	11
	33
	12
	31
	13
	48
	14
	49
	15
	32


	0
	19
	1
	16
	2
	39
	3
	43
	4
	39
	5
	22
	6
	20
	7
	33
	8
	19
	9
	33
	10
	48
	11
	49
	12
	22
	13
	44
	14
	5
	15
	16


	0
	10
	1
	43
	2
	9
	3
	30
	4
	29
	5
	32
	6
	9
	7
	39
	8
	49
	9
	48
	10
	12
	11
	21
	12
	15
	13
	16
	14
	48
	15
	38


	0
	7
	1
	20
	2
	22
	3
	25
	4
	33
	5
	34
	6
	19
	7
	15
	8
	48
	9
	10
	10
	44
	11
	35
	12
	40
	13
	48
	14
	23
	15
	20


	0
	8
	1
	49
	2
	5
	3
	35
	4
	11
	5
	45
	6
	25
	7
	37
	8
	29
	9
	6
	10
	12
	11
	11
	12
	18
	13
	6
	14
	46
	15
	31


	0
	11
	1
	35
	2
	13
	3
	6
	4
	38
	5
	17
	6
	27
	7
	34
	8
	45
	9
	41
	10
	26
	11
	35
	12
	28
	13
	13
	14
	18
	15
	44


	0
	21
	1
	38
	2
	24
	3
	32
	4
	21
	5
	39
	6
	15
	7
	18
	8
	12
	9
	22
	10
	48
	11
	31
	12
	26
	13
	14
	14
	34
	15
	35


	0
	38
	1
	30
	2
	38
	3
	15
	4
	23
	5
	42
	6
	19
	7
	32
	8
	41
	9
	36
	10
	28
	11
	9
	12
	23
	13
	30
	14
	18
	15
	40


	0
	5
	1
	7
	2
	20
	3
	31
	4
	20
	5
	23
	6
	16
	7
	34
	8
	7
	9
	33
	10
	42
	11
	25
	12
	18
	13
	15
	14
	37
	15
	8


	0
	10
	1
	18
	2
	19
	3
	5
	4
	21
	5
	19
	6
	32
	7
	39
	8
	44
	9
	26
	10
	35
	11
	39
	12
	46
	13
	12
	14
	45
	15
	29


	0
	41
	1
	6
	2
	14
	3
	28
	4
	43
	5
	41
	6
	38
	7
	35
	8
	36
	9
	37
	10
	46
	11
	35
	12
	6
	13
	13
	14
	24
	15
	18


	0
	31
	1
	35
	2
	46
	3
	43
	4
	25
	5
	36
	6
	27
	7
	18
	8
	30
	9
	36
	10
	29
	11
	22
	12
	10
	13
	23
	14
	12
	15
	35


	0
	27
	1
	5
	2
	36
	3
	25
	4
	25
	5
	7
	6
	39
	7
	45
	8
	13
	9
	23
	10
	47
	11
	21
	12
	40
	13
	11
	14
	48
	15
	47


	0
	42
	1
	14
	2
	27
	3
	37
	4
	13
	5
	26
	6
	45
	7
	18
	8
	30
	9
	30
	10
	15
	11
	22
	12
	47
	13
	33
	14
	9
	15
	33


	0
	18
	1
	11
	2
	36
	3
	46
	4
	30
	5
	22
	6
	15
	7
	5
	8
	13
	9
	36
	10
	46
	11
	24
	12
	5
	13
	47
	14
	45
	15
	26

