40
16
2

	0
	40
	1
	37
	2
	42
	3
	41
	4
	11
	5
	30
	6
	36
	7
	45
	8
	14
	9
	34
	10
	43
	11
	8
	12
	49
	13
	14
	14
	14
	15
	17


	0
	26
	1
	19
	2
	6
	3
	42
	4
	27
	5
	28
	6
	34
	7
	34
	8
	39
	9
	27
	10
	17
	11
	7
	12
	15
	13
	13
	14
	42
	15
	25


	0
	46
	1
	35
	2
	18
	3
	18
	4
	23
	5
	46
	6
	31
	7
	33
	8
	42
	9
	19
	10
	29
	11
	37
	12
	49
	13
	49
	14
	46
	15
	31


	0
	47
	1
	7
	2
	33
	3
	6
	4
	46
	5
	6
	6
	31
	7
	13
	8
	21
	9
	36
	10
	8
	11
	33
	12
	23
	13
	29
	14
	7
	15
	6


	0
	36
	1
	44
	2
	8
	3
	26
	4
	42
	5
	27
	6
	32
	7
	17
	8
	23
	9
	39
	10
	44
	11
	41
	12
	14
	13
	33
	14
	48
	15
	37


	0
	17
	1
	46
	2
	33
	3
	29
	4
	35
	5
	20
	6
	28
	7
	10
	8
	22
	9
	24
	10
	17
	11
	34
	12
	31
	13
	36
	14
	18
	15
	41


	0
	39
	1
	45
	2
	24
	3
	19
	4
	29
	5
	47
	6
	11
	7
	7
	8
	35
	9
	11
	10
	20
	11
	29
	12
	41
	13
	24
	14
	14
	15
	45


	0
	34
	1
	42
	2
	11
	3
	32
	4
	23
	5
	30
	6
	11
	7
	45
	8
	37
	9
	15
	10
	14
	11
	9
	12
	21
	13
	15
	14
	49
	15
	35


	0
	16
	1
	40
	2
	14
	3
	12
	4
	40
	5
	48
	6
	45
	7
	25
	8
	11
	9
	23
	10
	43
	11
	18
	12
	8
	13
	31
	14
	21
	15
	11


	0
	25
	1
	13
	2
	19
	3
	40
	4
	45
	5
	20
	6
	16
	7
	24
	8
	35
	9
	28
	10
	24
	11
	46
	12
	32
	13
	32
	14
	42
	15
	32


	0
	20
	1
	42
	2
	18
	3
	21
	4
	42
	5
	21
	6
	12
	7
	19
	8
	24
	9
	31
	10
	49
	11
	37
	12
	22
	13
	46
	14
	38
	15
	46


	0
	14
	1
	46
	2
	21
	3
	49
	4
	5
	5
	18
	6
	49
	7
	8
	8
	43
	9
	36
	10
	29
	11
	46
	12
	22
	13
	12
	14
	7
	15
	46


	0
	28
	1
	31
	2
	20
	3
	28
	4
	45
	5
	22
	6
	12
	7
	36
	8
	25
	9
	12
	10
	20
	11
	24
	12
	20
	13
	48
	14
	35
	15
	43


	0
	34
	1
	47
	2
	46
	3
	47
	4
	33
	5
	39
	6
	32
	7
	5
	8
	19
	9
	20
	10
	8
	11
	5
	12
	38
	13
	44
	14
	42
	15
	21


	0
	22
	1
	6
	2
	22
	3
	39
	4
	35
	5
	34
	6
	12
	7
	36
	8
	23
	9
	9
	10
	47
	11
	6
	12
	16
	13
	15
	14
	48
	15
	13


	0
	17
	1
	14
	2
	15
	3
	29
	4
	33
	5
	37
	6
	7
	7
	5
	8
	29
	9
	13
	10
	48
	11
	34
	12
	15
	13
	21
	14
	43
	15
	27


	0
	19
	1
	15
	2
	28
	3
	47
	4
	25
	5
	15
	6
	34
	7
	11
	8
	46
	9
	39
	10
	5
	11
	22
	12
	11
	13
	31
	14
	17
	15
	49


	0
	48
	1
	35
	2
	48
	3
	39
	4
	17
	5
	47
	6
	37
	7
	6
	8
	10
	9
	35
	10
	5
	11
	23
	12
	35
	13
	11
	14
	38
	15
	44


	0
	46
	1
	19
	2
	31
	3
	40
	4
	9
	5
	40
	6
	15
	7
	30
	8
	14
	9
	33
	10
	8
	11
	28
	12
	9
	13
	7
	14
	20
	15
	36


	0
	41
	1
	23
	2
	44
	3
	46
	4
	19
	5
	49
	6
	15
	7
	46
	8
	32
	9
	45
	10
	47
	11
	34
	12
	14
	13
	27
	14
	35
	15
	24


	0
	12
	1
	7
	2
	5
	3
	38
	4
	11
	5
	45
	6
	5
	7
	6
	8
	25
	9
	23
	10
	33
	11
	9
	12
	24
	13
	22
	14
	47
	15
	41


	0
	7
	1
	45
	2
	27
	3
	32
	4
	25
	5
	19
	6
	21
	7
	31
	8
	48
	9
	39
	10
	7
	11
	29
	12
	34
	13
	28
	14
	47
	15
	49


	0
	21
	1
	8
	2
	16
	3
	12
	4
	12
	5
	22
	6
	14
	7
	43
	8
	39
	9
	16
	10
	5
	11
	19
	12
	13
	13
	29
	14
	10
	15
	48


	0
	27
	1
	45
	2
	40
	3
	28
	4
	48
	5
	40
	6
	24
	7
	19
	8
	32
	9
	45
	10
	15
	11
	22
	12
	6
	13
	31
	14
	12
	15
	8


	0
	6
	1
	43
	2
	5
	3
	36
	4
	23
	5
	28
	6
	25
	7
	37
	8
	37
	9
	22
	10
	43
	11
	20
	12
	29
	13
	48
	14
	35
	15
	34


	0
	41
	1
	15
	2
	32
	3
	7
	4
	45
	5
	22
	6
	36
	7
	14
	8
	32
	9
	37
	10
	28
	11
	10
	12
	39
	13
	27
	14
	45
	15
	18


	0
	44
	1
	19
	2
	24
	3
	18
	4
	35
	5
	34
	6
	7
	7
	48
	8
	34
	9
	19
	10
	10
	11
	11
	12
	16
	13
	28
	14
	46
	15
	40


	0
	11
	1
	20
	2
	39
	3
	47
	4
	10
	5
	18
	6
	30
	7
	6
	8
	46
	9
	21
	10
	25
	11
	32
	12
	7
	13
	28
	14
	25
	15
	24


	0
	41
	1
	10
	2
	33
	3
	17
	4
	41
	5
	36
	6
	32
	7
	16
	8
	43
	9
	30
	10
	24
	11
	16
	12
	23
	13
	33
	14
	9
	15
	34


	0
	44
	1
	22
	2
	30
	3
	23
	4
	8
	5
	14
	6
	18
	7
	42
	8
	33
	9
	39
	10
	22
	11
	15
	12
	43
	13
	21
	14
	5
	15
	27


	0
	8
	1
	7
	2
	17
	3
	39
	4
	8
	5
	13
	6
	38
	7
	20
	8
	14
	9
	28
	10
	28
	11
	9
	12
	39
	13
	33
	14
	5
	15
	44


	0
	31
	1
	20
	2
	8
	3
	40
	4
	49
	5
	5
	6
	38
	7
	31
	8
	32
	9
	22
	10
	20
	11
	25
	12
	48
	13
	44
	14
	11
	15
	8


	0
	11
	1
	33
	2
	9
	3
	36
	4
	46
	5
	37
	6
	21
	7
	48
	8
	13
	9
	14
	10
	35
	11
	41
	12
	41
	13
	42
	14
	30
	15
	7


	0
	13
	1
	5
	2
	26
	3
	20
	4
	21
	5
	27
	6
	18
	7
	40
	8
	18
	9
	36
	10
	18
	11
	45
	12
	6
	13
	33
	14
	28
	15
	30


	0
	41
	1
	25
	2
	6
	3
	42
	4
	6
	5
	12
	6
	8
	7
	42
	8
	24
	9
	21
	10
	32
	11
	15
	12
	23
	13
	46
	14
	6
	15
	7


	0
	32
	1
	37
	2
	9
	3
	12
	4
	27
	5
	8
	6
	34
	7
	5
	8
	48
	9
	49
	10
	29
	11
	42
	12
	17
	13
	39
	14
	30
	15
	49


	0
	37
	1
	37
	2
	27
	3
	33
	4
	19
	5
	41
	6
	8
	7
	9
	8
	49
	9
	20
	10
	37
	11
	10
	12
	15
	13
	35
	14
	29
	15
	14


	0
	20
	1
	32
	2
	30
	3
	10
	4
	24
	5
	17
	6
	34
	7
	21
	8
	41
	9
	44
	10
	37
	11
	7
	12
	28
	13
	22
	14
	14
	15
	11


	0
	32
	1
	38
	2
	44
	3
	12
	4
	8
	5
	6
	6
	8
	7
	45
	8
	35
	9
	30
	10
	12
	11
	28
	12
	20
	13
	18
	14
	15
	15
	42


	0
	45
	1
	44
	2
	45
	3
	39
	4
	5
	5
	5
	6
	17
	7
	41
	8
	25
	9
	14
	10
	40
	11
	27
	12
	36
	13
	11
	14
	20
	15
	28

