40
16
2

	0
	25
	1
	32
	2
	25
	3
	21
	4
	11
	5
	37
	6
	5
	7
	15
	8
	31
	9
	47
	10
	13
	11
	49
	12
	11
	13
	9
	14
	27
	15
	40


	0
	39
	1
	43
	2
	32
	3
	39
	4
	45
	5
	30
	6
	10
	7
	5
	8
	19
	9
	49
	10
	28
	11
	45
	12
	34
	13
	8
	14
	35
	15
	30


	0
	22
	1
	5
	2
	34
	3
	29
	4
	15
	5
	28
	6
	16
	7
	9
	8
	32
	9
	41
	10
	31
	11
	42
	12
	17
	13
	29
	14
	25
	15
	37


	0
	22
	1
	23
	2
	5
	3
	6
	4
	48
	5
	22
	6
	18
	7
	31
	8
	14
	9
	17
	10
	18
	11
	22
	12
	39
	13
	20
	14
	47
	15
	7


	0
	13
	1
	19
	2
	13
	3
	31
	4
	17
	5
	8
	6
	45
	7
	37
	8
	7
	9
	5
	10
	36
	11
	13
	12
	19
	13
	41
	14
	32
	15
	47


	0
	10
	1
	25
	2
	34
	3
	11
	4
	9
	5
	42
	6
	45
	7
	41
	8
	37
	9
	11
	10
	48
	11
	48
	12
	8
	13
	42
	14
	12
	15
	42


	0
	9
	1
	12
	2
	26
	3
	49
	4
	29
	5
	37
	6
	9
	7
	5
	8
	10
	9
	43
	10
	45
	11
	22
	12
	13
	13
	19
	14
	45
	15
	37


	0
	33
	1
	47
	2
	24
	3
	49
	4
	28
	5
	47
	6
	36
	7
	12
	8
	43
	9
	27
	10
	26
	11
	25
	12
	21
	13
	19
	14
	25
	15
	23


	0
	35
	1
	11
	2
	31
	3
	31
	4
	22
	5
	11
	6
	20
	7
	40
	8
	16
	9
	21
	10
	44
	11
	38
	12
	26
	13
	22
	14
	41
	15
	44


	0
	49
	1
	26
	2
	24
	3
	29
	4
	10
	5
	27
	6
	30
	7
	39
	8
	6
	9
	32
	10
	48
	11
	14
	12
	9
	13
	13
	14
	7
	15
	20


	0
	36
	1
	6
	2
	8
	3
	39
	4
	34
	5
	30
	6
	20
	7
	39
	8
	43
	9
	29
	10
	36
	11
	35
	12
	33
	13
	24
	14
	39
	15
	9


	0
	46
	1
	34
	2
	12
	3
	18
	4
	37
	5
	13
	6
	42
	7
	18
	8
	25
	9
	22
	10
	44
	11
	27
	12
	28
	13
	37
	14
	27
	15
	25


	0
	48
	1
	39
	2
	41
	3
	27
	4
	7
	5
	35
	6
	17
	7
	6
	8
	9
	9
	22
	10
	27
	11
	14
	12
	34
	13
	22
	14
	15
	15
	7


	0
	14
	1
	32
	2
	12
	3
	35
	4
	46
	5
	48
	6
	32
	7
	40
	8
	24
	9
	9
	10
	32
	11
	23
	12
	36
	13
	47
	14
	45
	15
	42


	0
	48
	1
	49
	2
	33
	3
	23
	4
	12
	5
	11
	6
	12
	7
	34
	8
	46
	9
	40
	10
	40
	11
	40
	12
	39
	13
	32
	14
	37
	15
	48


	0
	47
	1
	17
	2
	33
	3
	20
	4
	16
	5
	6
	6
	27
	7
	15
	8
	30
	9
	13
	10
	8
	11
	33
	12
	10
	13
	27
	14
	36
	15
	45


	0
	43
	1
	41
	2
	43
	3
	46
	4
	45
	5
	31
	6
	41
	7
	22
	8
	8
	9
	14
	10
	13
	11
	11
	12
	17
	13
	5
	14
	22
	15
	31


	0
	19
	1
	26
	2
	13
	3
	30
	4
	30
	5
	21
	6
	27
	7
	8
	8
	30
	9
	8
	10
	18
	11
	30
	12
	35
	13
	46
	14
	41
	15
	7


	0
	28
	1
	28
	2
	12
	3
	22
	4
	21
	5
	49
	6
	28
	7
	45
	8
	37
	9
	36
	10
	36
	11
	25
	12
	31
	13
	31
	14
	13
	15
	46


	0
	19
	1
	26
	2
	34
	3
	32
	4
	38
	5
	22
	6
	39
	7
	15
	8
	22
	9
	45
	10
	35
	11
	40
	12
	25
	13
	29
	14
	21
	15
	25


	0
	7
	1
	47
	2
	14
	3
	19
	4
	23
	5
	27
	6
	29
	7
	11
	8
	19
	9
	41
	10
	38
	11
	8
	12
	42
	13
	48
	14
	37
	15
	11


	0
	27
	1
	32
	2
	19
	3
	10
	4
	20
	5
	13
	6
	17
	7
	15
	8
	26
	9
	23
	10
	38
	11
	47
	12
	14
	13
	16
	14
	21
	15
	44


	0
	20
	1
	28
	2
	7
	3
	43
	4
	13
	5
	30
	6
	44
	7
	31
	8
	31
	9
	30
	10
	24
	11
	40
	12
	9
	13
	26
	14
	25
	15
	28


	0
	8
	1
	35
	2
	27
	3
	33
	4
	35
	5
	13
	6
	14
	7
	23
	8
	12
	9
	32
	10
	25
	11
	46
	12
	9
	13
	35
	14
	38
	15
	40


	0
	14
	1
	31
	2
	43
	3
	17
	4
	8
	5
	43
	6
	29
	7
	32
	8
	20
	9
	12
	10
	34
	11
	13
	12
	37
	13
	8
	14
	32
	15
	11


	0
	19
	1
	26
	2
	9
	3
	30
	4
	42
	5
	44
	6
	49
	7
	8
	8
	24
	9
	24
	10
	35
	11
	17
	12
	32
	13
	31
	14
	5
	15
	38


	0
	17
	1
	17
	2
	13
	3
	40
	4
	47
	5
	14
	6
	36
	7
	9
	8
	44
	9
	28
	10
	11
	11
	34
	12
	20
	13
	40
	14
	9
	15
	36


	0
	41
	1
	36
	2
	29
	3
	45
	4
	34
	5
	42
	6
	7
	7
	49
	8
	13
	9
	20
	10
	7
	11
	9
	12
	37
	13
	47
	14
	28
	15
	47


	0
	21
	1
	24
	2
	47
	3
	9
	4
	31
	5
	39
	6
	33
	7
	6
	8
	23
	9
	41
	10
	33
	11
	30
	12
	49
	13
	16
	14
	25
	15
	38


	0
	30
	1
	10
	2
	30
	3
	24
	4
	34
	5
	29
	6
	27
	7
	7
	8
	41
	9
	11
	10
	34
	11
	32
	12
	27
	13
	43
	14
	18
	15
	43


	0
	43
	1
	37
	2
	6
	3
	22
	4
	15
	5
	5
	6
	26
	7
	29
	8
	39
	9
	25
	10
	49
	11
	14
	12
	23
	13
	35
	14
	24
	15
	14


	0
	30
	1
	47
	2
	43
	3
	46
	4
	5
	5
	47
	6
	17
	7
	17
	8
	46
	9
	20
	10
	49
	11
	19
	12
	43
	13
	48
	14
	48
	15
	17


	0
	11
	1
	17
	2
	34
	3
	30
	4
	14
	5
	34
	6
	43
	7
	31
	8
	29
	9
	20
	10
	22
	11
	44
	12
	28
	13
	20
	14
	42
	15
	22


	0
	5
	1
	33
	2
	33
	3
	17
	4
	13
	5
	43
	6
	44
	7
	13
	8
	45
	9
	29
	10
	32
	11
	5
	12
	6
	13
	37
	14
	20
	15
	25


	0
	11
	1
	18
	2
	28
	3
	16
	4
	28
	5
	36
	6
	19
	7
	27
	8
	25
	9
	29
	10
	19
	11
	25
	12
	22
	13
	49
	14
	7
	15
	42


	0
	48
	1
	8
	2
	32
	3
	6
	4
	37
	5
	37
	6
	29
	7
	36
	8
	19
	9
	40
	10
	18
	11
	25
	12
	35
	13
	33
	14
	30
	15
	32


	0
	24
	1
	24
	2
	18
	3
	40
	4
	42
	5
	48
	6
	13
	7
	26
	8
	20
	9
	17
	10
	34
	11
	21
	12
	20
	13
	15
	14
	5
	15
	46


	0
	34
	1
	9
	2
	46
	3
	34
	4
	8
	5
	44
	6
	32
	7
	7
	8
	9
	9
	43
	10
	8
	11
	14
	12
	31
	13
	18
	14
	36
	15
	31


	0
	36
	1
	30
	2
	48
	3
	30
	4
	30
	5
	20
	6
	17
	7
	36
	8
	25
	9
	49
	10
	11
	11
	14
	12
	14
	13
	27
	14
	8
	15
	47


	0
	34
	1
	36
	2
	37
	3
	47
	4
	38
	5
	25
	6
	49
	7
	5
	8
	49
	9
	31
	10
	12
	11
	34
	12
	23
	13
	39
	14
	30
	15
	43

