40
8
3

	0
	13
	1
	13
	2
	30
	3
	41
	4
	21
	5
	14
	6
	26
	7
	25


	0
	27
	1
	8
	2
	46
	3
	32
	4
	8
	5
	41
	6
	40
	7
	17


	0
	11
	1
	36
	2
	25
	3
	10
	4
	32
	5
	26
	6
	13
	7
	22


	0
	25
	1
	10
	2
	37
	3
	17
	4
	5
	5
	48
	6
	17
	7
	15


	0
	34
	1
	41
	2
	17
	3
	9
	4
	45
	5
	9
	6
	35
	7
	47


	0
	11
	1
	37
	2
	39
	3
	31
	4
	37
	5
	23
	6
	13
	7
	41


	0
	49
	1
	13
	2
	21
	3
	48
	4
	48
	5
	36
	6
	12
	7
	49


	0
	34
	1
	45
	2
	26
	3
	31
	4
	24
	5
	39
	6
	12
	7
	14


	0
	26
	1
	31
	2
	20
	3
	49
	4
	32
	5
	47
	6
	19
	7
	31


	0
	12
	1
	32
	2
	27
	3
	18
	4
	37
	5
	7
	6
	32
	7
	43


	0
	44
	1
	32
	2
	23
	3
	31
	4
	24
	5
	21
	6
	29
	7
	45


	0
	35
	1
	22
	2
	21
	3
	31
	4
	29
	5
	46
	6
	27
	7
	30


	0
	42
	1
	25
	2
	17
	3
	17
	4
	11
	5
	10
	6
	33
	7
	45


	0
	38
	1
	27
	2
	32
	3
	25
	4
	30
	5
	22
	6
	29
	7
	41


	0
	43
	1
	16
	2
	18
	3
	17
	4
	12
	5
	30
	6
	8
	7
	6


	0
	38
	1
	29
	2
	46
	3
	15
	4
	41
	5
	43
	6
	23
	7
	36


	0
	15
	1
	26
	2
	48
	3
	18
	4
	31
	5
	16
	6
	6
	7
	8


	0
	15
	1
	32
	2
	37
	3
	5
	4
	49
	5
	9
	6
	11
	7
	20


	0
	37
	1
	26
	2
	20
	3
	30
	4
	22
	5
	5
	6
	38
	7
	49


	0
	47
	1
	22
	2
	23
	3
	45
	4
	5
	5
	25
	6
	49
	7
	17


	0
	22
	1
	49
	2
	21
	3
	9
	4
	10
	5
	9
	6
	23
	7
	18


	0
	31
	1
	20
	2
	42
	3
	6
	4
	13
	5
	31
	6
	23
	7
	25


	0
	28
	1
	48
	2
	44
	3
	15
	4
	48
	5
	23
	6
	17
	7
	20


	0
	6
	1
	31
	2
	6
	3
	48
	4
	6
	5
	32
	6
	5
	7
	11


	0
	22
	1
	20
	2
	26
	3
	40
	4
	48
	5
	11
	6
	36
	7
	10


	0
	17
	1
	41
	2
	45
	3
	38
	4
	34
	5
	42
	6
	46
	7
	17


	0
	24
	1
	31
	2
	29
	3
	29
	4
	20
	5
	44
	6
	17
	7
	44


	0
	28
	1
	33
	2
	34
	3
	7
	4
	21
	5
	30
	6
	13
	7
	20


	0
	12
	1
	36
	2
	24
	3
	13
	4
	8
	5
	24
	6
	20
	7
	20


	0
	43
	1
	38
	2
	42
	3
	13
	4
	41
	5
	45
	6
	21
	7
	31


	0
	14
	1
	35
	2
	10
	3
	18
	4
	48
	5
	41
	6
	17
	7
	48


	0
	35
	1
	20
	2
	41
	3
	27
	4
	8
	5
	36
	6
	40
	7
	48


	0
	28
	1
	49
	2
	19
	3
	18
	4
	16
	5
	12
	6
	16
	7
	48


	0
	22
	1
	31
	2
	46
	3
	39
	4
	35
	5
	9
	6
	31
	7
	37


	0
	32
	1
	33
	2
	7
	3
	40
	4
	41
	5
	24
	6
	22
	7
	5


	0
	32
	1
	39
	2
	41
	3
	20
	4
	23
	5
	42
	6
	34
	7
	8


	0
	47
	1
	28
	2
	39
	3
	37
	4
	40
	5
	38
	6
	45
	7
	19


	0
	45
	1
	31
	2
	31
	3
	42
	4
	22
	5
	7
	6
	29
	7
	7


	0
	49
	1
	10
	2
	25
	3
	15
	4
	35
	5
	35
	6
	23
	7
	15


	0
	10
	1
	31
	2
	34
	3
	5
	4
	5
	5
	48
	6
	43
	7
	10

