40
8
2

	0
	44
	1
	27
	2
	11
	3
	27
	4
	19
	5
	14
	6
	38
	7
	26


	0
	5
	1
	42
	2
	11
	3
	17
	4
	18
	5
	5
	6
	7
	7
	39


	0
	21
	1
	21
	2
	43
	3
	34
	4
	43
	5
	16
	6
	19
	7
	34


	0
	25
	1
	31
	2
	9
	3
	5
	4
	29
	5
	25
	6
	18
	7
	22


	0
	32
	1
	20
	2
	49
	3
	22
	4
	39
	5
	5
	6
	43
	7
	23


	0
	33
	1
	34
	2
	28
	3
	38
	4
	31
	5
	34
	6
	45
	7
	30


	0
	30
	1
	17
	2
	25
	3
	30
	4
	17
	5
	48
	6
	24
	7
	38


	0
	35
	1
	23
	2
	31
	3
	19
	4
	25
	5
	25
	6
	46
	7
	19


	0
	41
	1
	7
	2
	32
	3
	21
	4
	16
	5
	25
	6
	17
	7
	49


	0
	9
	1
	48
	2
	27
	3
	15
	4
	33
	5
	21
	6
	24
	7
	42


	0
	14
	1
	43
	2
	31
	3
	8
	4
	39
	5
	28
	6
	16
	7
	34


	0
	11
	1
	5
	2
	44
	3
	25
	4
	28
	5
	45
	6
	23
	7
	38


	0
	26
	1
	34
	2
	32
	3
	34
	4
	24
	5
	25
	6
	41
	7
	33


	0
	42
	1
	21
	2
	49
	3
	34
	4
	30
	5
	44
	6
	15
	7
	10


	0
	42
	1
	26
	2
	40
	3
	16
	4
	10
	5
	29
	6
	17
	7
	14


	0
	16
	1
	48
	2
	46
	3
	29
	4
	46
	5
	22
	6
	12
	7
	40


	0
	22
	1
	15
	2
	29
	3
	15
	4
	15
	5
	23
	6
	24
	7
	38


	0
	43
	1
	27
	2
	12
	3
	17
	4
	30
	5
	45
	6
	25
	7
	36


	0
	17
	1
	20
	2
	41
	3
	41
	4
	49
	5
	9
	6
	27
	7
	14


	0
	5
	1
	40
	2
	49
	3
	36
	4
	27
	5
	29
	6
	25
	7
	27


	0
	45
	1
	19
	2
	38
	3
	31
	4
	45
	5
	30
	6
	28
	7
	20


	0
	19
	1
	42
	2
	20
	3
	48
	4
	26
	5
	35
	6
	49
	7
	9


	0
	40
	1
	28
	2
	26
	3
	21
	4
	47
	5
	27
	6
	43
	7
	37


	0
	20
	1
	20
	2
	42
	3
	34
	4
	19
	5
	16
	6
	47
	7
	14


	0
	21
	1
	12
	2
	17
	3
	18
	4
	37
	5
	24
	6
	22
	7
	8


	0
	40
	1
	47
	2
	30
	3
	23
	4
	7
	5
	24
	6
	18
	7
	18


	0
	24
	1
	39
	2
	49
	3
	24
	4
	25
	5
	19
	6
	6
	7
	19


	0
	26
	1
	5
	2
	36
	3
	47
	4
	32
	5
	5
	6
	7
	7
	14


	0
	37
	1
	41
	2
	41
	3
	25
	4
	35
	5
	19
	6
	37
	7
	38


	0
	25
	1
	5
	2
	25
	3
	37
	4
	37
	5
	9
	6
	16
	7
	40


	0
	14
	1
	18
	2
	34
	3
	45
	4
	49
	5
	15
	6
	14
	7
	35


	0
	47
	1
	43
	2
	48
	3
	38
	4
	32
	5
	8
	6
	16
	7
	42


	0
	35
	1
	5
	2
	40
	3
	24
	4
	23
	5
	8
	6
	40
	7
	15


	0
	49
	1
	26
	2
	26
	3
	29
	4
	23
	5
	7
	6
	40
	7
	48


	0
	29
	1
	28
	2
	12
	3
	26
	4
	32
	5
	25
	6
	30
	7
	32


	0
	40
	1
	39
	2
	6
	3
	10
	4
	35
	5
	17
	6
	23
	7
	48


	0
	37
	1
	28
	2
	38
	3
	11
	4
	18
	5
	28
	6
	24
	7
	47


	0
	39
	1
	19
	2
	39
	3
	7
	4
	9
	5
	39
	6
	36
	7
	23


	0
	40
	1
	13
	2
	25
	3
	42
	4
	47
	5
	13
	6
	48
	7
	14


	0
	32
	1
	17
	2
	45
	3
	38
	4
	15
	5
	29
	6
	34
	7
	48

