40
8
2

	0
	45
	1
	39
	2
	19
	3
	39
	4
	41
	5
	40
	6
	36
	7
	39


	0
	12
	1
	31
	2
	16
	3
	9
	4
	34
	5
	15
	6
	22
	7
	13


	0
	30
	1
	17
	2
	17
	3
	34
	4
	28
	5
	42
	6
	11
	7
	22


	0
	30
	1
	18
	2
	7
	3
	29
	4
	36
	5
	11
	6
	31
	7
	6


	0
	44
	1
	37
	2
	39
	3
	42
	4
	43
	5
	39
	6
	9
	7
	36


	0
	27
	1
	19
	2
	47
	3
	33
	4
	20
	5
	35
	6
	32
	7
	6


	0
	23
	1
	27
	2
	9
	3
	30
	4
	47
	5
	6
	6
	27
	7
	17


	0
	35
	1
	20
	2
	45
	3
	19
	4
	22
	5
	27
	6
	31
	7
	32


	0
	45
	1
	16
	2
	18
	3
	12
	4
	37
	5
	29
	6
	26
	7
	23


	0
	8
	1
	24
	2
	26
	3
	21
	4
	24
	5
	38
	6
	47
	7
	42


	0
	41
	1
	37
	2
	36
	3
	46
	4
	7
	5
	10
	6
	27
	7
	6


	0
	20
	1
	45
	2
	38
	3
	8
	4
	37
	5
	38
	6
	39
	7
	49


	0
	15
	1
	41
	2
	8
	3
	8
	4
	38
	5
	33
	6
	22
	7
	49


	0
	31
	1
	19
	2
	11
	3
	45
	4
	38
	5
	39
	6
	48
	7
	38


	0
	11
	1
	46
	2
	43
	3
	8
	4
	25
	5
	11
	6
	15
	7
	49


	0
	7
	1
	45
	2
	37
	3
	29
	4
	27
	5
	45
	6
	28
	7
	47


	0
	19
	1
	45
	2
	12
	3
	19
	4
	18
	5
	44
	6
	47
	7
	12


	0
	9
	1
	42
	2
	42
	3
	21
	4
	7
	5
	44
	6
	32
	7
	42


	0
	21
	1
	29
	2
	5
	3
	33
	4
	47
	5
	39
	6
	14
	7
	9


	0
	35
	1
	33
	2
	28
	3
	9
	4
	8
	5
	5
	6
	26
	7
	35


	0
	13
	1
	26
	2
	14
	3
	49
	4
	17
	5
	7
	6
	30
	7
	26


	0
	34
	1
	44
	2
	17
	3
	24
	4
	21
	5
	46
	6
	10
	7
	25


	0
	22
	1
	16
	2
	15
	3
	22
	4
	20
	5
	38
	6
	40
	7
	26


	0
	23
	1
	16
	2
	40
	3
	13
	4
	39
	5
	38
	6
	8
	7
	16


	0
	25
	1
	14
	2
	45
	3
	8
	4
	15
	5
	21
	6
	17
	7
	25


	0
	27
	1
	33
	2
	35
	3
	42
	4
	15
	5
	29
	6
	36
	7
	26


	0
	45
	1
	24
	2
	24
	3
	19
	4
	28
	5
	6
	6
	12
	7
	35


	0
	10
	1
	30
	2
	39
	3
	35
	4
	26
	5
	35
	6
	16
	7
	34


	0
	20
	1
	47
	2
	27
	3
	10
	4
	33
	5
	26
	6
	10
	7
	34


	0
	41
	1
	44
	2
	32
	3
	6
	4
	28
	5
	18
	6
	23
	7
	6


	0
	5
	1
	35
	2
	26
	3
	42
	4
	27
	5
	9
	6
	10
	7
	16


	0
	32
	1
	13
	2
	40
	3
	16
	4
	8
	5
	41
	6
	45
	7
	27


	0
	29
	1
	49
	2
	44
	3
	43
	4
	48
	5
	27
	6
	48
	7
	14


	0
	42
	1
	18
	2
	45
	3
	11
	4
	27
	5
	39
	6
	45
	7
	7


	0
	10
	1
	42
	2
	15
	3
	21
	4
	19
	5
	23
	6
	13
	7
	19


	0
	32
	1
	41
	2
	31
	3
	28
	4
	13
	5
	31
	6
	22
	7
	6


	0
	36
	1
	12
	2
	6
	3
	7
	4
	36
	5
	43
	6
	21
	7
	27


	0
	17
	1
	34
	2
	14
	3
	36
	4
	38
	5
	22
	6
	21
	7
	9


	0
	46
	1
	16
	2
	23
	3
	46
	4
	10
	5
	31
	6
	10
	7
	27


	0
	20
	1
	14
	2
	31
	3
	40
	4
	45
	5
	13
	6
	18
	7
	18

