40
8
4

	0
	17
	1
	33
	2
	25
	3
	21
	4
	34
	5
	15
	6
	14
	7
	18


	0
	32
	1
	47
	2
	46
	3
	39
	4
	5
	5
	42
	6
	36
	7
	37


	0
	13
	1
	39
	2
	37
	3
	28
	4
	10
	5
	28
	6
	27
	7
	20


	0
	8
	1
	35
	2
	7
	3
	30
	4
	23
	5
	34
	6
	25
	7
	13


	0
	11
	1
	15
	2
	6
	3
	26
	4
	47
	5
	19
	6
	42
	7
	24


	0
	19
	1
	47
	2
	43
	3
	42
	4
	43
	5
	31
	6
	13
	7
	42


	0
	28
	1
	7
	2
	19
	3
	21
	4
	27
	5
	20
	6
	40
	7
	5


	0
	20
	1
	46
	2
	36
	3
	31
	4
	24
	5
	11
	6
	22
	7
	20


	0
	26
	1
	14
	2
	20
	3
	12
	4
	12
	5
	36
	6
	22
	7
	11


	0
	48
	1
	5
	2
	46
	3
	21
	4
	28
	5
	36
	6
	8
	7
	29


	0
	34
	1
	39
	2
	11
	3
	24
	4
	38
	5
	22
	6
	35
	7
	46


	0
	26
	1
	45
	2
	16
	3
	21
	4
	15
	5
	9
	6
	13
	7
	33


	0
	11
	1
	16
	2
	22
	3
	17
	4
	14
	5
	47
	6
	11
	7
	49


	0
	14
	1
	36
	2
	43
	3
	10
	4
	29
	5
	35
	6
	36
	7
	25


	0
	12
	1
	23
	2
	6
	3
	10
	4
	28
	5
	8
	6
	27
	7
	6


	0
	10
	1
	12
	2
	16
	3
	15
	4
	6
	5
	21
	6
	35
	7
	27


	0
	42
	1
	31
	2
	31
	3
	18
	4
	45
	5
	29
	6
	29
	7
	11


	0
	39
	1
	41
	2
	47
	3
	6
	4
	42
	5
	21
	6
	16
	7
	8


	0
	42
	1
	6
	2
	16
	3
	10
	4
	13
	5
	48
	6
	21
	7
	46


	0
	48
	1
	29
	2
	21
	3
	16
	4
	9
	5
	18
	6
	25
	7
	18


	0
	21
	1
	29
	2
	23
	3
	11
	4
	28
	5
	31
	6
	29
	7
	42


	0
	8
	1
	16
	2
	31
	3
	22
	4
	28
	5
	6
	6
	36
	7
	24


	0
	10
	1
	34
	2
	6
	3
	6
	4
	13
	5
	43
	6
	16
	7
	43


	0
	44
	1
	29
	2
	23
	3
	11
	4
	42
	5
	14
	6
	26
	7
	5


	0
	30
	1
	27
	2
	29
	3
	47
	4
	18
	5
	8
	6
	40
	7
	26


	0
	22
	1
	18
	2
	36
	3
	16
	4
	5
	5
	35
	6
	38
	7
	36


	0
	48
	1
	5
	2
	11
	3
	48
	4
	41
	5
	33
	6
	45
	7
	13


	0
	27
	1
	30
	2
	11
	3
	22
	4
	9
	5
	38
	6
	22
	7
	48


	0
	32
	1
	37
	2
	47
	3
	22
	4
	15
	5
	33
	6
	46
	7
	5


	0
	19
	1
	37
	2
	48
	3
	28
	4
	32
	5
	14
	6
	48
	7
	33


	0
	10
	1
	25
	2
	18
	3
	12
	4
	35
	5
	47
	6
	16
	7
	46


	0
	49
	1
	38
	2
	31
	3
	13
	4
	42
	5
	19
	6
	28
	7
	6


	0
	11
	1
	35
	2
	12
	3
	41
	4
	8
	5
	37
	6
	45
	7
	20


	0
	45
	1
	41
	2
	46
	3
	33
	4
	37
	5
	20
	6
	12
	7
	32


	0
	23
	1
	23
	2
	45
	3
	20
	4
	16
	5
	48
	6
	43
	7
	19


	0
	23
	1
	13
	2
	26
	3
	30
	4
	16
	5
	37
	6
	35
	7
	11


	0
	35
	1
	12
	2
	29
	3
	28
	4
	8
	5
	18
	6
	12
	7
	42


	0
	8
	1
	6
	2
	31
	3
	17
	4
	12
	5
	27
	6
	32
	7
	36


	0
	8
	1
	31
	2
	9
	3
	10
	4
	9
	5
	38
	6
	17
	7
	12


	0
	36
	1
	14
	2
	22
	3
	28
	4
	8
	5
	37
	6
	6
	7
	40

