40
8
5

	0
	19
	1
	21
	2
	28
	3
	35
	4
	37
	5
	23
	6
	46
	7
	10


	0
	11
	1
	23
	2
	6
	3
	13
	4
	14
	5
	9
	6
	26
	7
	37


	0
	41
	1
	12
	2
	34
	3
	11
	4
	39
	5
	31
	6
	35
	7
	47


	0
	42
	1
	21
	2
	47
	3
	20
	4
	15
	5
	34
	6
	8
	7
	12


	0
	20
	1
	23
	2
	12
	3
	30
	4
	15
	5
	18
	6
	31
	7
	20


	0
	5
	1
	42
	2
	18
	3
	36
	4
	44
	5
	29
	6
	45
	7
	22


	0
	26
	1
	44
	2
	28
	3
	29
	4
	35
	5
	32
	6
	21
	7
	14


	0
	12
	1
	42
	2
	26
	3
	29
	4
	35
	5
	21
	6
	46
	7
	31


	0
	38
	1
	47
	2
	9
	3
	37
	4
	26
	5
	44
	6
	24
	7
	35


	0
	10
	1
	35
	2
	24
	3
	17
	4
	12
	5
	37
	6
	46
	7
	20


	0
	29
	1
	40
	2
	32
	3
	10
	4
	21
	5
	40
	6
	27
	7
	43


	0
	21
	1
	26
	2
	16
	3
	35
	4
	21
	5
	28
	6
	40
	7
	42


	0
	21
	1
	44
	2
	17
	3
	42
	4
	5
	5
	18
	6
	30
	7
	32


	0
	33
	1
	30
	2
	14
	3
	13
	4
	23
	5
	25
	6
	21
	7
	31


	0
	21
	1
	49
	2
	43
	3
	19
	4
	37
	5
	26
	6
	6
	7
	39


	0
	19
	1
	49
	2
	47
	3
	19
	4
	19
	5
	14
	6
	37
	7
	27


	0
	15
	1
	10
	2
	11
	3
	5
	4
	32
	5
	41
	6
	22
	7
	37


	0
	9
	1
	20
	2
	41
	3
	32
	4
	6
	5
	9
	6
	46
	7
	14


	0
	43
	1
	8
	2
	19
	3
	39
	4
	15
	5
	47
	6
	22
	7
	33


	0
	17
	1
	34
	2
	44
	3
	7
	4
	47
	5
	16
	6
	15
	7
	44


	0
	23
	1
	18
	2
	9
	3
	37
	4
	45
	5
	35
	6
	49
	7
	31


	0
	14
	1
	42
	2
	43
	3
	15
	4
	31
	5
	28
	6
	43
	7
	33


	0
	19
	1
	42
	2
	16
	3
	8
	4
	11
	5
	21
	6
	22
	7
	36


	0
	15
	1
	35
	2
	49
	3
	7
	4
	26
	5
	24
	6
	44
	7
	21


	0
	33
	1
	26
	2
	44
	3
	42
	4
	44
	5
	27
	6
	6
	7
	22


	0
	31
	1
	22
	2
	6
	3
	13
	4
	6
	5
	23
	6
	43
	7
	38


	0
	42
	1
	6
	2
	37
	3
	19
	4
	20
	5
	28
	6
	37
	7
	17


	0
	16
	1
	43
	2
	16
	3
	35
	4
	45
	5
	26
	6
	16
	7
	17


	0
	19
	1
	11
	2
	28
	3
	6
	4
	38
	5
	31
	6
	10
	7
	26


	0
	41
	1
	34
	2
	12
	3
	15
	4
	17
	5
	40
	6
	9
	7
	12


	0
	10
	1
	46
	2
	9
	3
	46
	4
	13
	5
	40
	6
	26
	7
	14


	0
	8
	1
	9
	2
	8
	3
	49
	4
	12
	5
	27
	6
	30
	7
	40


	0
	32
	1
	37
	2
	22
	3
	40
	4
	43
	5
	28
	6
	13
	7
	9


	0
	7
	1
	12
	2
	33
	3
	46
	4
	6
	5
	14
	6
	10
	7
	30


	0
	48
	1
	41
	2
	9
	3
	26
	4
	38
	5
	33
	6
	6
	7
	7


	0
	26
	1
	19
	2
	44
	3
	11
	4
	25
	5
	20
	6
	6
	7
	36


	0
	44
	1
	49
	2
	5
	3
	8
	4
	40
	5
	18
	6
	33
	7
	14


	0
	45
	1
	9
	2
	38
	3
	41
	4
	41
	5
	6
	6
	24
	7
	15


	0
	33
	1
	41
	2
	27
	3
	37
	4
	29
	5
	16
	6
	9
	7
	17


	0
	23
	1
	19
	2
	45
	3
	47
	4
	17
	5
	42
	6
	12
	7
	29

