40
8
3

	0
	21
	1
	30
	2
	47
	3
	42
	4
	19
	5
	26
	6
	43
	7
	27


	0
	41
	1
	27
	2
	33
	3
	31
	4
	15
	5
	39
	6
	19
	7
	37


	0
	37
	1
	5
	2
	26
	3
	14
	4
	24
	5
	28
	6
	8
	7
	29


	0
	16
	1
	31
	2
	40
	3
	39
	4
	34
	5
	30
	6
	30
	7
	22


	0
	39
	1
	23
	2
	37
	3
	37
	4
	6
	5
	39
	6
	37
	7
	48


	0
	17
	1
	18
	2
	25
	3
	22
	4
	14
	5
	33
	6
	14
	7
	29


	0
	45
	1
	28
	2
	11
	3
	35
	4
	23
	5
	26
	6
	6
	7
	49


	0
	27
	1
	30
	2
	31
	3
	13
	4
	30
	5
	14
	6
	37
	7
	23


	0
	11
	1
	41
	2
	14
	3
	28
	4
	22
	5
	36
	6
	22
	7
	21


	0
	48
	1
	32
	2
	8
	3
	27
	4
	37
	5
	5
	6
	12
	7
	45


	0
	6
	1
	32
	2
	46
	3
	34
	4
	27
	5
	25
	6
	17
	7
	42


	0
	47
	1
	5
	2
	45
	3
	47
	4
	8
	5
	18
	6
	22
	7
	27


	0
	8
	1
	20
	2
	39
	3
	39
	4
	19
	5
	38
	6
	32
	7
	38


	0
	15
	1
	47
	2
	42
	3
	13
	4
	49
	5
	22
	6
	8
	7
	42


	0
	30
	1
	10
	2
	39
	3
	42
	4
	31
	5
	26
	6
	28
	7
	32


	0
	10
	1
	33
	2
	45
	3
	45
	4
	36
	5
	26
	6
	29
	7
	9


	0
	25
	1
	27
	2
	23
	3
	46
	4
	37
	5
	28
	6
	17
	7
	14


	0
	15
	1
	20
	2
	37
	3
	29
	4
	29
	5
	43
	6
	35
	7
	17


	0
	20
	1
	41
	2
	37
	3
	15
	4
	20
	5
	29
	6
	23
	7
	31


	0
	47
	1
	39
	2
	20
	3
	17
	4
	11
	5
	17
	6
	30
	7
	29


	0
	32
	1
	14
	2
	39
	3
	47
	4
	31
	5
	6
	6
	39
	7
	8


	0
	43
	1
	27
	2
	20
	3
	30
	4
	32
	5
	10
	6
	20
	7
	7


	0
	36
	1
	11
	2
	15
	3
	13
	4
	34
	5
	42
	6
	19
	7
	19


	0
	29
	1
	25
	2
	38
	3
	26
	4
	27
	5
	6
	6
	39
	7
	44


	0
	6
	1
	17
	2
	34
	3
	11
	4
	28
	5
	21
	6
	26
	7
	34


	0
	6
	1
	46
	2
	11
	3
	40
	4
	25
	5
	8
	6
	18
	7
	36


	0
	34
	1
	17
	2
	40
	3
	19
	4
	16
	5
	43
	6
	22
	7
	44


	0
	5
	1
	45
	2
	25
	3
	28
	4
	36
	5
	33
	6
	11
	7
	43


	0
	20
	1
	14
	2
	14
	3
	5
	4
	15
	5
	7
	6
	15
	7
	44


	0
	25
	1
	49
	2
	22
	3
	33
	4
	42
	5
	32
	6
	29
	7
	18


	0
	10
	1
	13
	2
	25
	3
	20
	4
	17
	5
	35
	6
	32
	7
	23


	0
	42
	1
	27
	2
	35
	3
	15
	4
	37
	5
	36
	6
	41
	7
	26


	0
	33
	1
	33
	2
	20
	3
	47
	4
	30
	5
	20
	6
	45
	7
	34


	0
	21
	1
	24
	2
	5
	3
	7
	4
	31
	5
	18
	6
	31
	7
	39


	0
	37
	1
	35
	2
	15
	3
	27
	4
	41
	5
	9
	6
	23
	7
	7


	0
	7
	1
	37
	2
	6
	3
	44
	4
	7
	5
	41
	6
	46
	7
	31


	0
	10
	1
	20
	2
	49
	3
	14
	4
	38
	5
	41
	6
	46
	7
	20


	0
	33
	1
	16
	2
	29
	3
	16
	4
	44
	5
	45
	6
	44
	7
	48


	0
	26
	1
	7
	2
	41
	3
	39
	4
	44
	5
	28
	6
	16
	7
	38


	0
	28
	1
	29
	2
	20
	3
	44
	4
	35
	5
	19
	6
	14
	7
	30

