40
8
4

	0
	6
	1
	10
	2
	24
	3
	13
	4
	44
	5
	32
	6
	41
	7
	16


	0
	32
	1
	22
	2
	27
	3
	12
	4
	29
	5
	8
	6
	40
	7
	37


	0
	23
	1
	16
	2
	48
	3
	38
	4
	30
	5
	34
	6
	16
	7
	6


	0
	18
	1
	40
	2
	13
	3
	47
	4
	12
	5
	26
	6
	9
	7
	11


	0
	23
	1
	38
	2
	43
	3
	10
	4
	23
	5
	18
	6
	45
	7
	40


	0
	38
	1
	7
	2
	38
	3
	27
	4
	35
	5
	24
	6
	6
	7
	21


	0
	11
	1
	47
	2
	39
	3
	10
	4
	27
	5
	12
	6
	21
	7
	21


	0
	22
	1
	5
	2
	24
	3
	23
	4
	5
	5
	28
	6
	8
	7
	17


	0
	40
	1
	45
	2
	33
	3
	43
	4
	9
	5
	45
	6
	36
	7
	42


	0
	27
	1
	36
	2
	33
	3
	49
	4
	38
	5
	43
	6
	24
	7
	46


	0
	37
	1
	26
	2
	12
	3
	40
	4
	19
	5
	14
	6
	7
	7
	31


	0
	30
	1
	33
	2
	35
	3
	47
	4
	43
	5
	25
	6
	5
	7
	30


	0
	25
	1
	25
	2
	14
	3
	25
	4
	40
	5
	20
	6
	28
	7
	24


	0
	21
	1
	22
	2
	15
	3
	46
	4
	12
	5
	49
	6
	10
	7
	12


	0
	35
	1
	20
	2
	25
	3
	27
	4
	15
	5
	45
	6
	47
	7
	11


	0
	33
	1
	29
	2
	16
	3
	24
	4
	18
	5
	5
	6
	19
	7
	36


	0
	47
	1
	32
	2
	28
	3
	16
	4
	26
	5
	12
	6
	8
	7
	13


	0
	21
	1
	16
	2
	32
	3
	21
	4
	7
	5
	31
	6
	41
	7
	26


	0
	7
	1
	33
	2
	28
	3
	22
	4
	29
	5
	11
	6
	39
	7
	6


	0
	15
	1
	8
	2
	12
	3
	21
	4
	48
	5
	49
	6
	5
	7
	9


	0
	45
	1
	17
	2
	33
	3
	28
	4
	5
	5
	17
	6
	31
	7
	28


	0
	30
	1
	45
	2
	19
	3
	14
	4
	8
	5
	41
	6
	37
	7
	23


	0
	33
	1
	28
	2
	38
	3
	34
	4
	43
	5
	22
	6
	49
	7
	8


	0
	31
	1
	25
	2
	34
	3
	47
	4
	43
	5
	17
	6
	7
	7
	37


	0
	11
	1
	25
	2
	30
	3
	6
	4
	11
	5
	35
	6
	30
	7
	13


	0
	28
	1
	46
	2
	15
	3
	16
	4
	22
	5
	49
	6
	5
	7
	23


	0
	7
	1
	24
	2
	44
	3
	43
	4
	36
	5
	44
	6
	26
	7
	16


	0
	36
	1
	28
	2
	20
	3
	13
	4
	20
	5
	6
	6
	32
	7
	24


	0
	21
	1
	39
	2
	8
	3
	42
	4
	26
	5
	48
	6
	37
	7
	35


	0
	35
	1
	25
	2
	13
	3
	42
	4
	37
	5
	37
	6
	47
	7
	42


	0
	38
	1
	16
	2
	45
	3
	40
	4
	38
	5
	39
	6
	11
	7
	41


	0
	19
	1
	42
	2
	49
	3
	46
	4
	11
	5
	48
	6
	20
	7
	46


	0
	23
	1
	29
	2
	41
	3
	39
	4
	10
	5
	44
	6
	15
	7
	12


	0
	10
	1
	40
	2
	12
	3
	41
	4
	39
	5
	7
	6
	47
	7
	26


	0
	31
	1
	36
	2
	36
	3
	40
	4
	36
	5
	39
	6
	35
	7
	48


	0
	6
	1
	39
	2
	42
	3
	23
	4
	25
	5
	31
	6
	48
	7
	26


	0
	36
	1
	38
	2
	40
	3
	34
	4
	43
	5
	12
	6
	8
	7
	9


	0
	7
	1
	30
	2
	49
	3
	10
	4
	48
	5
	39
	6
	21
	7
	13


	0
	39
	1
	5
	2
	39
	3
	37
	4
	26
	5
	29
	6
	33
	7
	22


	0
	13
	1
	28
	2
	8
	3
	16
	4
	39
	5
	10
	6
	42
	7
	8

