40
8
3

	0
	46
	1
	8
	2
	43
	3
	6
	4
	23
	5
	31
	6
	21
	7
	37


	0
	16
	1
	42
	2
	37
	3
	26
	4
	41
	5
	9
	6
	24
	7
	42


	0
	48
	1
	46
	2
	18
	3
	41
	4
	49
	5
	8
	6
	10
	7
	20


	0
	47
	1
	32
	2
	27
	3
	42
	4
	23
	5
	44
	6
	47
	7
	37


	0
	13
	1
	47
	2
	36
	3
	9
	4
	39
	5
	49
	6
	34
	7
	12


	0
	48
	1
	7
	2
	29
	3
	37
	4
	34
	5
	43
	6
	35
	7
	38


	0
	12
	1
	32
	2
	21
	3
	40
	4
	13
	5
	22
	6
	8
	7
	16


	0
	24
	1
	13
	2
	19
	3
	44
	4
	35
	5
	12
	6
	48
	7
	44


	0
	15
	1
	19
	2
	9
	3
	24
	4
	37
	5
	46
	6
	15
	7
	5


	0
	27
	1
	35
	2
	27
	3
	48
	4
	23
	5
	22
	6
	11
	7
	39


	0
	22
	1
	44
	2
	14
	3
	38
	4
	26
	5
	23
	6
	39
	7
	5


	0
	29
	1
	43
	2
	49
	3
	5
	4
	37
	5
	19
	6
	25
	7
	34


	0
	44
	1
	44
	2
	32
	3
	22
	4
	43
	5
	39
	6
	11
	7
	6


	0
	43
	1
	39
	2
	12
	3
	48
	4
	48
	5
	8
	6
	44
	7
	43


	0
	45
	1
	34
	2
	14
	3
	16
	4
	22
	5
	20
	6
	12
	7
	32


	0
	8
	1
	10
	2
	31
	3
	20
	4
	10
	5
	41
	6
	33
	7
	27


	0
	8
	1
	48
	2
	46
	3
	46
	4
	11
	5
	49
	6
	46
	7
	13


	0
	35
	1
	22
	2
	5
	3
	21
	4
	44
	5
	16
	6
	15
	7
	18


	0
	46
	1
	35
	2
	44
	3
	29
	4
	35
	5
	9
	6
	38
	7
	30


	0
	32
	1
	31
	2
	7
	3
	9
	4
	18
	5
	16
	6
	39
	7
	5


	0
	5
	1
	39
	2
	45
	3
	33
	4
	31
	5
	48
	6
	15
	7
	49


	0
	19
	1
	16
	2
	7
	3
	23
	4
	40
	5
	33
	6
	44
	7
	42


	0
	11
	1
	23
	2
	9
	3
	33
	4
	15
	5
	43
	6
	11
	7
	35


	0
	18
	1
	10
	2
	41
	3
	31
	4
	45
	5
	42
	6
	12
	7
	7


	0
	13
	1
	9
	2
	8
	3
	6
	4
	6
	5
	19
	6
	23
	7
	25


	0
	9
	1
	10
	2
	33
	3
	33
	4
	34
	5
	34
	6
	40
	7
	33


	0
	13
	1
	6
	2
	13
	3
	20
	4
	44
	5
	22
	6
	20
	7
	26


	0
	26
	1
	43
	2
	15
	3
	42
	4
	28
	5
	25
	6
	46
	7
	27


	0
	19
	1
	19
	2
	47
	3
	20
	4
	45
	5
	5
	6
	17
	7
	10


	0
	48
	1
	45
	2
	6
	3
	21
	4
	26
	5
	46
	6
	11
	7
	14


	0
	25
	1
	23
	2
	18
	3
	26
	4
	30
	5
	15
	6
	5
	7
	30


	0
	28
	1
	25
	2
	29
	3
	22
	4
	14
	5
	49
	6
	48
	7
	10


	0
	19
	1
	39
	2
	11
	3
	27
	4
	14
	5
	9
	6
	31
	7
	13


	0
	17
	1
	6
	2
	14
	3
	30
	4
	31
	5
	22
	6
	28
	7
	21


	0
	10
	1
	23
	2
	24
	3
	46
	4
	34
	5
	24
	6
	49
	7
	8


	0
	18
	1
	9
	2
	24
	3
	15
	4
	20
	5
	8
	6
	36
	7
	6


	0
	26
	1
	42
	2
	41
	3
	48
	4
	46
	5
	8
	6
	43
	7
	33


	0
	36
	1
	38
	2
	40
	3
	28
	4
	37
	5
	12
	6
	16
	7
	41


	0
	39
	1
	21
	2
	13
	3
	8
	4
	49
	5
	33
	6
	33
	7
	35


	0
	46
	1
	48
	2
	24
	3
	12
	4
	8
	5
	30
	6
	30
	7
	19

