40
4
5

	0
	17
	1
	47
	2
	24
	3
	17


	0
	35
	1
	22
	2
	5
	3
	7


	0
	31
	1
	10
	2
	20
	3
	34


	0
	24
	1
	44
	2
	8
	3
	42


	0
	31
	1
	24
	2
	48
	3
	27


	0
	20
	1
	15
	2
	5
	3
	41


	0
	5
	1
	48
	2
	46
	3
	49


	0
	22
	1
	7
	2
	7
	3
	27


	0
	47
	1
	25
	2
	5
	3
	41


	0
	40
	1
	9
	2
	15
	3
	48


	0
	9
	1
	14
	2
	8
	3
	5


	0
	22
	1
	11
	2
	22
	3
	35


	0
	10
	1
	43
	2
	15
	3
	19


	0
	25
	1
	33
	2
	49
	3
	44


	0
	13
	1
	44
	2
	35
	3
	33


	0
	47
	1
	41
	2
	30
	3
	35


	0
	12
	1
	9
	2
	18
	3
	48


	0
	40
	1
	35
	2
	47
	3
	15


	0
	10
	1
	29
	2
	19
	3
	17


	0
	27
	1
	24
	2
	23
	3
	18


	0
	21
	1
	13
	2
	46
	3
	38


	0
	7
	1
	40
	2
	11
	3
	45


	0
	43
	1
	5
	2
	47
	3
	48


	0
	23
	1
	36
	2
	27
	3
	18


	0
	44
	1
	22
	2
	19
	3
	26


	0
	25
	1
	24
	2
	42
	3
	18


	0
	14
	1
	31
	2
	45
	3
	31


	0
	11
	1
	28
	2
	22
	3
	19


	0
	12
	1
	13
	2
	29
	3
	33


	0
	44
	1
	13
	2
	14
	3
	45


	0
	21
	1
	32
	2
	9
	3
	33


	0
	25
	1
	39
	2
	11
	3
	34


	0
	40
	1
	40
	2
	31
	3
	44


	0
	27
	1
	14
	2
	5
	3
	31


	0
	27
	1
	11
	2
	9
	3
	23


	0
	33
	1
	19
	2
	36
	3
	20


	0
	18
	1
	45
	2
	22
	3
	39


	0
	44
	1
	7
	2
	48
	3
	29


	0
	47
	1
	14
	2
	44
	3
	15


	0
	49
	1
	22
	2
	29
	3
	26

