40
4
2

	0
	16
	1
	23
	2
	43
	3
	33


	0
	49
	1
	18
	2
	16
	3
	29


	0
	22
	1
	14
	2
	42
	3
	22


	0
	44
	1
	11
	2
	9
	3
	23


	0
	7
	1
	22
	2
	27
	3
	13


	0
	45
	1
	34
	2
	32
	3
	14


	0
	10
	1
	35
	2
	43
	3
	30


	0
	10
	1
	42
	2
	27
	3
	44


	0
	16
	1
	35
	2
	17
	3
	10


	0
	39
	1
	47
	2
	31
	3
	8


	0
	29
	1
	18
	2
	39
	3
	23


	0
	39
	1
	17
	2
	43
	3
	47


	0
	48
	1
	9
	2
	21
	3
	37


	0
	47
	1
	25
	2
	20
	3
	22


	0
	13
	1
	5
	2
	39
	3
	17


	0
	33
	1
	47
	2
	43
	3
	16


	0
	11
	1
	19
	2
	31
	3
	41


	0
	30
	1
	30
	2
	33
	3
	19


	0
	13
	1
	17
	2
	46
	3
	33


	0
	32
	1
	37
	2
	6
	3
	40


	0
	31
	1
	33
	2
	46
	3
	19


	0
	38
	1
	15
	2
	44
	3
	37


	0
	9
	1
	25
	2
	26
	3
	38


	0
	39
	1
	26
	2
	13
	3
	8


	0
	20
	1
	9
	2
	29
	3
	44


	0
	38
	1
	21
	2
	38
	3
	31


	0
	34
	1
	10
	2
	17
	3
	11


	0
	44
	1
	19
	2
	13
	3
	11


	0
	9
	1
	49
	2
	10
	3
	18


	0
	45
	1
	21
	2
	5
	3
	18


	0
	28
	1
	16
	2
	34
	3
	18


	0
	43
	1
	48
	2
	33
	3
	19


	0
	31
	1
	39
	2
	47
	3
	35


	0
	14
	1
	41
	2
	38
	3
	37


	0
	30
	1
	41
	2
	31
	3
	38


	0
	8
	1
	45
	2
	48
	3
	34


	0
	33
	1
	21
	2
	31
	3
	46


	0
	25
	1
	38
	2
	15
	3
	26


	0
	36
	1
	41
	2
	48
	3
	20


	0
	9
	1
	19
	2
	40
	3
	26

