40
16
5

	0
	5
	1
	39
	2
	6
	3
	28
	4
	10
	5
	47
	6
	35
	7
	13
	8
	7
	9
	45
	10
	24
	11
	12
	12
	8
	13
	21
	14
	47
	15
	24


	0
	39
	1
	43
	2
	10
	3
	39
	4
	34
	5
	16
	6
	27
	7
	45
	8
	43
	9
	30
	10
	23
	11
	33
	12
	37
	13
	35
	14
	23
	15
	7


	0
	23
	1
	9
	2
	43
	3
	49
	4
	45
	5
	38
	6
	27
	7
	49
	8
	5
	9
	44
	10
	11
	11
	34
	12
	11
	13
	43
	14
	39
	15
	20


	0
	49
	1
	30
	2
	17
	3
	49
	4
	33
	5
	18
	6
	31
	7
	5
	8
	25
	9
	25
	10
	21
	11
	36
	12
	40
	13
	33
	14
	40
	15
	17


	0
	34
	1
	22
	2
	13
	3
	28
	4
	17
	5
	6
	6
	22
	7
	11
	8
	48
	9
	44
	10
	14
	11
	28
	12
	24
	13
	11
	14
	19
	15
	40


	0
	34
	1
	48
	2
	11
	3
	44
	4
	27
	5
	20
	6
	28
	7
	24
	8
	39
	9
	46
	10
	27
	11
	20
	12
	40
	13
	48
	14
	28
	15
	32


	0
	36
	1
	44
	2
	14
	3
	23
	4
	34
	5
	42
	6
	37
	7
	21
	8
	42
	9
	45
	10
	10
	11
	12
	12
	49
	13
	29
	14
	26
	15
	49


	0
	21
	1
	41
	2
	37
	3
	46
	4
	32
	5
	26
	6
	15
	7
	7
	8
	31
	9
	39
	10
	36
	11
	8
	12
	31
	13
	35
	14
	7
	15
	23


	0
	15
	1
	43
	2
	39
	3
	37
	4
	9
	5
	21
	6
	10
	7
	31
	8
	21
	9
	10
	10
	28
	11
	27
	12
	28
	13
	48
	14
	43
	15
	7


	0
	11
	1
	9
	2
	43
	3
	20
	4
	20
	5
	43
	6
	13
	7
	48
	8
	31
	9
	15
	10
	15
	11
	31
	12
	37
	13
	10
	14
	18
	15
	17


	0
	49
	1
	34
	2
	42
	3
	44
	4
	32
	5
	41
	6
	8
	7
	26
	8
	45
	9
	15
	10
	21
	11
	30
	12
	16
	13
	26
	14
	10
	15
	17


	0
	40
	1
	10
	2
	20
	3
	24
	4
	15
	5
	34
	6
	37
	7
	45
	8
	9
	9
	25
	10
	8
	11
	49
	12
	25
	13
	25
	14
	14
	15
	21


	0
	33
	1
	8
	2
	7
	3
	18
	4
	48
	5
	47
	6
	34
	7
	12
	8
	37
	9
	32
	10
	9
	11
	7
	12
	17
	13
	32
	14
	12
	15
	29


	0
	44
	1
	12
	2
	27
	3
	5
	4
	42
	5
	14
	6
	12
	7
	30
	8
	42
	9
	29
	10
	10
	11
	25
	12
	45
	13
	46
	14
	11
	15
	9


	0
	43
	1
	22
	2
	22
	3
	22
	4
	28
	5
	41
	6
	6
	7
	31
	8
	29
	9
	41
	10
	41
	11
	22
	12
	28
	13
	32
	14
	12
	15
	39


	0
	46
	1
	6
	2
	23
	3
	16
	4
	33
	5
	39
	6
	12
	7
	18
	8
	7
	9
	40
	10
	14
	11
	25
	12
	27
	13
	48
	14
	43
	15
	26


	0
	35
	1
	17
	2
	9
	3
	49
	4
	25
	5
	26
	6
	44
	7
	34
	8
	13
	9
	27
	10
	32
	11
	20
	12
	42
	13
	45
	14
	33
	15
	13


	0
	45
	1
	30
	2
	5
	3
	47
	4
	37
	5
	47
	6
	27
	7
	23
	8
	42
	9
	42
	10
	11
	11
	40
	12
	9
	13
	20
	14
	35
	15
	28


	0
	19
	1
	29
	2
	39
	3
	38
	4
	44
	5
	20
	6
	44
	7
	8
	8
	11
	9
	39
	10
	6
	11
	11
	12
	13
	13
	49
	14
	5
	15
	22


	0
	37
	1
	8
	2
	44
	3
	43
	4
	31
	5
	27
	6
	24
	7
	34
	8
	32
	9
	32
	10
	22
	11
	21
	12
	35
	13
	45
	14
	11
	15
	32


	0
	15
	1
	12
	2
	12
	3
	9
	4
	19
	5
	12
	6
	40
	7
	42
	8
	15
	9
	48
	10
	42
	11
	18
	12
	11
	13
	36
	14
	26
	15
	43


	0
	45
	1
	44
	2
	32
	3
	5
	4
	16
	5
	24
	6
	16
	7
	47
	8
	31
	9
	18
	10
	32
	11
	29
	12
	26
	13
	5
	14
	9
	15
	30


	0
	48
	1
	33
	2
	19
	3
	10
	4
	25
	5
	35
	6
	9
	7
	7
	8
	33
	9
	20
	10
	42
	11
	9
	12
	15
	13
	23
	14
	48
	15
	37


	0
	36
	1
	49
	2
	15
	3
	41
	4
	32
	5
	42
	6
	27
	7
	17
	8
	22
	9
	20
	10
	37
	11
	42
	12
	7
	13
	15
	14
	36
	15
	34


	0
	46
	1
	26
	2
	17
	3
	7
	4
	5
	5
	20
	6
	24
	7
	28
	8
	49
	9
	11
	10
	15
	11
	36
	12
	13
	13
	7
	14
	17
	15
	9


	0
	31
	1
	44
	2
	32
	3
	26
	4
	6
	5
	36
	6
	8
	7
	12
	8
	31
	9
	8
	10
	34
	11
	44
	12
	13
	13
	10
	14
	7
	15
	34


	0
	42
	1
	28
	2
	46
	3
	20
	4
	20
	5
	21
	6
	12
	7
	38
	8
	34
	9
	37
	10
	28
	11
	12
	12
	27
	13
	28
	14
	41
	15
	29


	0
	5
	1
	16
	2
	25
	3
	13
	4
	19
	5
	26
	6
	14
	7
	23
	8
	28
	9
	41
	10
	33
	11
	40
	12
	41
	13
	35
	14
	42
	15
	16


	0
	25
	1
	31
	2
	37
	3
	35
	4
	5
	5
	29
	6
	24
	7
	46
	8
	39
	9
	5
	10
	30
	11
	43
	12
	16
	13
	27
	14
	26
	15
	40


	0
	40
	1
	10
	2
	8
	3
	42
	4
	44
	5
	28
	6
	7
	7
	29
	8
	12
	9
	14
	10
	24
	11
	31
	12
	7
	13
	14
	14
	38
	15
	34


	0
	26
	1
	30
	2
	8
	3
	38
	4
	29
	5
	25
	6
	31
	7
	23
	8
	25
	9
	47
	10
	10
	11
	17
	12
	18
	13
	19
	14
	26
	15
	39


	0
	19
	1
	34
	2
	42
	3
	47
	4
	6
	5
	30
	6
	28
	7
	12
	8
	16
	9
	9
	10
	45
	11
	13
	12
	41
	13
	15
	14
	48
	15
	19


	0
	5
	1
	24
	2
	45
	3
	5
	4
	49
	5
	39
	6
	6
	7
	31
	8
	8
	9
	37
	10
	27
	11
	30
	12
	10
	13
	14
	14
	22
	15
	25


	0
	31
	1
	14
	2
	18
	3
	35
	4
	47
	5
	42
	6
	14
	7
	15
	8
	26
	9
	42
	10
	9
	11
	43
	12
	14
	13
	20
	14
	42
	15
	21


	0
	46
	1
	23
	2
	43
	3
	47
	4
	18
	5
	28
	6
	17
	7
	16
	8
	10
	9
	49
	10
	11
	11
	34
	12
	27
	13
	43
	14
	37
	15
	40


	0
	23
	1
	34
	2
	19
	3
	13
	4
	20
	5
	32
	6
	18
	7
	39
	8
	10
	9
	31
	10
	11
	11
	10
	12
	6
	13
	38
	14
	33
	15
	12


	0
	46
	1
	20
	2
	29
	3
	45
	4
	17
	5
	38
	6
	44
	7
	39
	8
	42
	9
	18
	10
	32
	11
	47
	12
	9
	13
	46
	14
	35
	15
	49


	0
	18
	1
	42
	2
	19
	3
	28
	4
	46
	5
	17
	6
	8
	7
	20
	8
	44
	9
	13
	10
	48
	11
	33
	12
	41
	13
	16
	14
	27
	15
	25


	0
	39
	1
	41
	2
	15
	3
	11
	4
	22
	5
	5
	6
	24
	7
	38
	8
	10
	9
	9
	10
	14
	11
	46
	12
	7
	13
	35
	14
	43
	15
	29


	0
	48
	1
	42
	2
	23
	3
	40
	4
	10
	5
	47
	6
	28
	7
	28
	8
	48
	9
	20
	10
	10
	11
	20
	12
	37
	13
	45
	14
	14
	15
	43

