40
8
5

	0
	43
	1
	23
	2
	30
	3
	39
	4
	39
	5
	49
	6
	47
	7
	29


	0
	22
	1
	30
	2
	8
	3
	26
	4
	47
	5
	5
	6
	31
	7
	5


	0
	39
	1
	31
	2
	48
	3
	14
	4
	42
	5
	21
	6
	33
	7
	49


	0
	23
	1
	46
	2
	44
	3
	17
	4
	29
	5
	8
	6
	49
	7
	22


	0
	21
	1
	42
	2
	31
	3
	8
	4
	29
	5
	15
	6
	18
	7
	22


	0
	19
	1
	33
	2
	39
	3
	6
	4
	24
	5
	24
	6
	31
	7
	40


	0
	43
	1
	22
	2
	6
	3
	16
	4
	13
	5
	39
	6
	32
	7
	42


	0
	39
	1
	5
	2
	49
	3
	17
	4
	27
	5
	40
	6
	7
	7
	41


	0
	19
	1
	25
	2
	13
	3
	14
	4
	43
	5
	28
	6
	10
	7
	19


	0
	42
	1
	18
	2
	9
	3
	45
	4
	25
	5
	7
	6
	10
	7
	5


	0
	42
	1
	6
	2
	36
	3
	27
	4
	34
	5
	23
	6
	9
	7
	31


	0
	25
	1
	27
	2
	7
	3
	22
	4
	30
	5
	32
	6
	44
	7
	9


	0
	21
	1
	36
	2
	8
	3
	35
	4
	8
	5
	47
	6
	35
	7
	38


	0
	28
	1
	44
	2
	31
	3
	48
	4
	11
	5
	48
	6
	42
	7
	40


	0
	12
	1
	15
	2
	15
	3
	39
	4
	5
	5
	46
	6
	31
	7
	31


	0
	28
	1
	24
	2
	38
	3
	9
	4
	38
	5
	32
	6
	6
	7
	18


	0
	35
	1
	46
	2
	41
	3
	49
	4
	32
	5
	21
	6
	25
	7
	44


	0
	31
	1
	24
	2
	39
	3
	37
	4
	5
	5
	36
	6
	36
	7
	19


	0
	48
	1
	7
	2
	26
	3
	40
	4
	32
	5
	21
	6
	16
	7
	17


	0
	11
	1
	42
	2
	48
	3
	49
	4
	7
	5
	39
	6
	24
	7
	28


	0
	31
	1
	13
	2
	32
	3
	24
	4
	44
	5
	30
	6
	13
	7
	38


	0
	34
	1
	16
	2
	41
	3
	42
	4
	32
	5
	35
	6
	38
	7
	6


	0
	34
	1
	30
	2
	19
	3
	13
	4
	47
	5
	44
	6
	43
	7
	45


	0
	8
	1
	24
	2
	18
	3
	11
	4
	14
	5
	40
	6
	46
	7
	16


	0
	18
	1
	22
	2
	34
	3
	42
	4
	20
	5
	7
	6
	42
	7
	20


	0
	41
	1
	36
	2
	38
	3
	13
	4
	33
	5
	47
	6
	33
	7
	37


	0
	18
	1
	26
	2
	31
	3
	26
	4
	8
	5
	23
	6
	7
	7
	6


	0
	38
	1
	16
	2
	20
	3
	46
	4
	48
	5
	12
	6
	46
	7
	33


	0
	28
	1
	47
	2
	24
	3
	43
	4
	32
	5
	40
	6
	46
	7
	10


	0
	8
	1
	11
	2
	13
	3
	35
	4
	28
	5
	24
	6
	44
	7
	13


	0
	8
	1
	6
	2
	10
	3
	20
	4
	38
	5
	22
	6
	25
	7
	12


	0
	40
	1
	35
	2
	34
	3
	34
	4
	22
	5
	21
	6
	45
	7
	47


	0
	27
	1
	22
	2
	41
	3
	44
	4
	38
	5
	32
	6
	21
	7
	11


	0
	39
	1
	18
	2
	33
	3
	48
	4
	30
	5
	36
	6
	31
	7
	6


	0
	15
	1
	33
	2
	16
	3
	46
	4
	37
	5
	46
	6
	33
	7
	18


	0
	41
	1
	39
	2
	30
	3
	10
	4
	33
	5
	48
	6
	37
	7
	8


	0
	15
	1
	34
	2
	44
	3
	15
	4
	44
	5
	28
	6
	29
	7
	41


	0
	48
	1
	24
	2
	20
	3
	31
	4
	13
	5
	6
	6
	30
	7
	9


	0
	18
	1
	14
	2
	9
	3
	33
	4
	10
	5
	21
	6
	5
	7
	29


	0
	43
	1
	39
	2
	19
	3
	25
	4
	12
	5
	11
	6
	20
	7
	25

