40
8
5

	0
	17
	1
	24
	2
	7
	3
	42
	4
	42
	5
	28
	6
	11
	7
	11


	0
	21
	1
	40
	2
	45
	3
	37
	4
	25
	5
	38
	6
	27
	7
	12


	0
	28
	1
	8
	2
	48
	3
	36
	4
	33
	5
	34
	6
	11
	7
	40


	0
	47
	1
	23
	2
	8
	3
	42
	4
	35
	5
	42
	6
	38
	7
	11


	0
	21
	1
	48
	2
	6
	3
	49
	4
	29
	5
	5
	6
	47
	7
	40


	0
	45
	1
	18
	2
	24
	3
	31
	4
	10
	5
	34
	6
	44
	7
	40


	0
	39
	1
	38
	2
	10
	3
	24
	4
	16
	5
	27
	6
	21
	7
	30


	0
	17
	1
	17
	2
	16
	3
	38
	4
	38
	5
	44
	6
	9
	7
	28


	0
	9
	1
	22
	2
	5
	3
	45
	4
	24
	5
	44
	6
	10
	7
	34


	0
	37
	1
	42
	2
	47
	3
	25
	4
	48
	5
	40
	6
	40
	7
	43


	0
	40
	1
	28
	2
	24
	3
	11
	4
	34
	5
	16
	6
	30
	7
	7


	0
	32
	1
	44
	2
	6
	3
	24
	4
	32
	5
	46
	6
	45
	7
	44


	0
	18
	1
	14
	2
	8
	3
	25
	4
	11
	5
	28
	6
	33
	7
	32


	0
	38
	1
	34
	2
	35
	3
	16
	4
	36
	5
	31
	6
	29
	7
	31


	0
	7
	1
	37
	2
	5
	3
	23
	4
	17
	5
	43
	6
	21
	7
	17


	0
	42
	1
	8
	2
	30
	3
	34
	4
	6
	5
	11
	6
	27
	7
	46


	0
	48
	1
	41
	2
	28
	3
	33
	4
	37
	5
	34
	6
	13
	7
	24


	0
	38
	1
	34
	2
	37
	3
	21
	4
	11
	5
	15
	6
	32
	7
	9


	0
	36
	1
	32
	2
	38
	3
	37
	4
	44
	5
	14
	6
	27
	7
	34


	0
	28
	1
	6
	2
	35
	3
	16
	4
	36
	5
	29
	6
	45
	7
	29


	0
	9
	1
	16
	2
	44
	3
	15
	4
	20
	5
	29
	6
	21
	7
	37


	0
	12
	1
	43
	2
	30
	3
	36
	4
	31
	5
	33
	6
	25
	7
	35


	0
	31
	1
	21
	2
	13
	3
	46
	4
	32
	5
	31
	6
	24
	7
	49


	0
	38
	1
	48
	2
	48
	3
	5
	4
	29
	5
	34
	6
	48
	7
	23


	0
	36
	1
	16
	2
	44
	3
	27
	4
	23
	5
	34
	6
	19
	7
	44


	0
	43
	1
	26
	2
	49
	3
	36
	4
	16
	5
	19
	6
	15
	7
	15


	0
	16
	1
	15
	2
	45
	3
	46
	4
	47
	5
	31
	6
	6
	7
	45


	0
	42
	1
	38
	2
	36
	3
	6
	4
	40
	5
	25
	6
	11
	7
	42


	0
	46
	1
	36
	2
	30
	3
	42
	4
	28
	5
	10
	6
	47
	7
	30


	0
	10
	1
	5
	2
	38
	3
	44
	4
	48
	5
	29
	6
	48
	7
	39


	0
	46
	1
	17
	2
	46
	3
	20
	4
	17
	5
	13
	6
	22
	7
	49


	0
	16
	1
	7
	2
	12
	3
	23
	4
	19
	5
	28
	6
	46
	7
	37


	0
	19
	1
	34
	2
	10
	3
	8
	4
	40
	5
	12
	6
	15
	7
	48


	0
	15
	1
	22
	2
	7
	3
	25
	4
	19
	5
	36
	6
	11
	7
	11


	0
	42
	1
	43
	2
	8
	3
	12
	4
	24
	5
	46
	6
	13
	7
	18


	0
	44
	1
	9
	2
	45
	3
	11
	4
	20
	5
	28
	6
	8
	7
	29


	0
	24
	1
	13
	2
	14
	3
	36
	4
	21
	5
	5
	6
	20
	7
	20


	0
	43
	1
	16
	2
	37
	3
	5
	4
	36
	5
	21
	6
	17
	7
	19


	0
	49
	1
	46
	2
	15
	3
	48
	4
	20
	5
	33
	6
	25
	7
	35


	0
	36
	1
	18
	2
	41
	3
	47
	4
	20
	5
	27
	6
	36
	7
	7

