40
4
5

	0
	45
	1
	10
	2
	41
	3
	21


	0
	23
	1
	12
	2
	9
	3
	31


	0
	19
	1
	14
	2
	12
	3
	42


	0
	22
	1
	42
	2
	26
	3
	14


	0
	17
	1
	18
	2
	16
	3
	14


	0
	39
	1
	43
	2
	46
	3
	22


	0
	28
	1
	28
	2
	9
	3
	45


	0
	31
	1
	22
	2
	38
	3
	32


	0
	45
	1
	45
	2
	5
	3
	29


	0
	36
	1
	27
	2
	13
	3
	25


	0
	6
	1
	33
	2
	17
	3
	29


	0
	29
	1
	9
	2
	17
	3
	48


	0
	8
	1
	42
	2
	23
	3
	10


	0
	7
	1
	48
	2
	29
	3
	48


	0
	15
	1
	23
	2
	46
	3
	17


	0
	39
	1
	21
	2
	27
	3
	22


	0
	40
	1
	31
	2
	13
	3
	36


	0
	12
	1
	38
	2
	18
	3
	30


	0
	17
	1
	11
	2
	10
	3
	18


	0
	20
	1
	41
	2
	44
	3
	40


	0
	27
	1
	19
	2
	41
	3
	40


	0
	35
	1
	8
	2
	29
	3
	36


	0
	38
	1
	23
	2
	48
	3
	49


	0
	29
	1
	42
	2
	26
	3
	25


	0
	33
	1
	15
	2
	34
	3
	34


	0
	44
	1
	33
	2
	11
	3
	23


	0
	21
	1
	45
	2
	28
	3
	5


	0
	32
	1
	43
	2
	12
	3
	36


	0
	46
	1
	35
	2
	15
	3
	36


	0
	39
	1
	38
	2
	29
	3
	24


	0
	36
	1
	14
	2
	45
	3
	36


	0
	8
	1
	19
	2
	14
	3
	32


	0
	36
	1
	9
	2
	6
	3
	10


	0
	38
	1
	17
	2
	13
	3
	42


	0
	41
	1
	30
	2
	20
	3
	31


	0
	38
	1
	22
	2
	17
	3
	20


	0
	7
	1
	20
	2
	26
	3
	39


	0
	22
	1
	43
	2
	6
	3
	7


	0
	23
	1
	39
	2
	31
	3
	17


	0
	37
	1
	45
	2
	9
	3
	20

