40
16
4

	0
	48
	1
	11
	2
	44
	3
	19
	4
	15
	5
	35
	6
	5
	7
	38
	8
	48
	9
	13
	10
	25
	11
	31
	12
	48
	13
	29
	14
	18
	15
	44


	0
	5
	1
	35
	2
	9
	3
	10
	4
	35
	5
	45
	6
	33
	7
	31
	8
	44
	9
	37
	10
	46
	11
	23
	12
	11
	13
	46
	14
	38
	15
	18


	0
	19
	1
	46
	2
	48
	3
	40
	4
	14
	5
	42
	6
	25
	7
	11
	8
	48
	9
	48
	10
	45
	11
	14
	12
	45
	13
	19
	14
	13
	15
	23


	0
	5
	1
	39
	2
	49
	3
	14
	4
	32
	5
	19
	6
	18
	7
	29
	8
	30
	9
	9
	10
	12
	11
	17
	12
	14
	13
	33
	14
	15
	15
	45


	0
	29
	1
	49
	2
	20
	3
	35
	4
	49
	5
	49
	6
	11
	7
	38
	8
	26
	9
	28
	10
	6
	11
	33
	12
	35
	13
	23
	14
	49
	15
	21


	0
	18
	1
	37
	2
	37
	3
	46
	4
	26
	5
	31
	6
	21
	7
	30
	8
	48
	9
	27
	10
	12
	11
	36
	12
	18
	13
	7
	14
	40
	15
	17


	0
	44
	1
	10
	2
	15
	3
	10
	4
	45
	5
	39
	6
	12
	7
	30
	8
	13
	9
	12
	10
	47
	11
	13
	12
	15
	13
	7
	14
	41
	15
	21


	0
	5
	1
	25
	2
	29
	3
	28
	4
	27
	5
	46
	6
	31
	7
	49
	8
	37
	9
	43
	10
	14
	11
	11
	12
	10
	13
	40
	14
	46
	15
	41


	0
	28
	1
	23
	2
	45
	3
	11
	4
	23
	5
	30
	6
	13
	7
	12
	8
	6
	9
	38
	10
	34
	11
	21
	12
	11
	13
	30
	14
	11
	15
	9


	0
	23
	1
	38
	2
	26
	3
	16
	4
	23
	5
	9
	6
	29
	7
	6
	8
	24
	9
	6
	10
	38
	11
	27
	12
	19
	13
	22
	14
	32
	15
	6


	0
	32
	1
	17
	2
	43
	3
	18
	4
	6
	5
	39
	6
	41
	7
	20
	8
	7
	9
	16
	10
	7
	11
	30
	12
	30
	13
	29
	14
	23
	15
	32


	0
	20
	1
	45
	2
	9
	3
	21
	4
	27
	5
	33
	6
	43
	7
	25
	8
	26
	9
	34
	10
	36
	11
	34
	12
	6
	13
	11
	14
	43
	15
	47


	0
	47
	1
	14
	2
	33
	3
	14
	4
	34
	5
	7
	6
	19
	7
	8
	8
	42
	9
	15
	10
	25
	11
	36
	12
	48
	13
	38
	14
	8
	15
	48


	0
	18
	1
	19
	2
	39
	3
	41
	4
	46
	5
	42
	6
	26
	7
	9
	8
	41
	9
	20
	10
	19
	11
	47
	12
	16
	13
	37
	14
	39
	15
	17


	0
	34
	1
	48
	2
	31
	3
	43
	4
	43
	5
	9
	6
	23
	7
	32
	8
	46
	9
	34
	10
	5
	11
	11
	12
	6
	13
	28
	14
	42
	15
	25


	0
	44
	1
	43
	2
	40
	3
	40
	4
	19
	5
	37
	6
	21
	7
	16
	8
	15
	9
	41
	10
	27
	11
	41
	12
	42
	13
	10
	14
	11
	15
	42


	0
	8
	1
	43
	2
	46
	3
	18
	4
	36
	5
	28
	6
	15
	7
	33
	8
	8
	9
	38
	10
	37
	11
	42
	12
	26
	13
	48
	14
	18
	15
	20


	0
	46
	1
	16
	2
	35
	3
	35
	4
	30
	5
	10
	6
	48
	7
	8
	8
	7
	9
	30
	10
	19
	11
	42
	12
	13
	13
	44
	14
	29
	15
	39


	0
	26
	1
	49
	2
	8
	3
	8
	4
	13
	5
	18
	6
	9
	7
	36
	8
	41
	9
	13
	10
	21
	11
	47
	12
	36
	13
	45
	14
	48
	15
	47


	0
	23
	1
	41
	2
	31
	3
	39
	4
	36
	5
	30
	6
	35
	7
	25
	8
	47
	9
	26
	10
	18
	11
	18
	12
	36
	13
	48
	14
	17
	15
	18


	0
	12
	1
	49
	2
	44
	3
	35
	4
	46
	5
	23
	6
	8
	7
	9
	8
	15
	9
	35
	10
	14
	11
	34
	12
	40
	13
	10
	14
	8
	15
	8


	0
	45
	1
	35
	2
	26
	3
	36
	4
	49
	5
	14
	6
	39
	7
	9
	8
	43
	9
	30
	10
	40
	11
	19
	12
	19
	13
	33
	14
	28
	15
	22


	0
	5
	1
	37
	2
	17
	3
	26
	4
	16
	5
	26
	6
	20
	7
	47
	8
	23
	9
	7
	10
	36
	11
	38
	12
	35
	13
	32
	14
	33
	15
	45


	0
	40
	1
	13
	2
	40
	3
	5
	4
	42
	5
	25
	6
	45
	7
	28
	8
	17
	9
	31
	10
	41
	11
	25
	12
	43
	13
	27
	14
	6
	15
	16


	0
	43
	1
	25
	2
	29
	3
	20
	4
	37
	5
	12
	6
	38
	7
	40
	8
	33
	9
	47
	10
	39
	11
	12
	12
	43
	13
	43
	14
	10
	15
	10


	0
	49
	1
	40
	2
	17
	3
	10
	4
	23
	5
	40
	6
	5
	7
	27
	8
	5
	9
	42
	10
	12
	11
	15
	12
	31
	13
	49
	14
	10
	15
	28


	0
	46
	1
	49
	2
	24
	3
	35
	4
	8
	5
	19
	6
	23
	7
	20
	8
	37
	9
	25
	10
	47
	11
	39
	12
	42
	13
	28
	14
	7
	15
	33


	0
	32
	1
	40
	2
	28
	3
	49
	4
	35
	5
	40
	6
	8
	7
	19
	8
	19
	9
	17
	10
	27
	11
	12
	12
	46
	13
	23
	14
	22
	15
	21


	0
	5
	1
	20
	2
	21
	3
	21
	4
	43
	5
	8
	6
	44
	7
	47
	8
	29
	9
	38
	10
	41
	11
	9
	12
	33
	13
	16
	14
	29
	15
	10


	0
	12
	1
	38
	2
	10
	3
	26
	4
	40
	5
	39
	6
	26
	7
	29
	8
	15
	9
	8
	10
	18
	11
	44
	12
	6
	13
	36
	14
	39
	15
	16


	0
	19
	1
	12
	2
	29
	3
	15
	4
	37
	5
	47
	6
	14
	7
	22
	8
	9
	9
	33
	10
	28
	11
	40
	12
	19
	13
	16
	14
	37
	15
	21


	0
	46
	1
	23
	2
	9
	3
	17
	4
	20
	5
	5
	6
	5
	7
	29
	8
	29
	9
	35
	10
	17
	11
	16
	12
	19
	13
	35
	14
	48
	15
	12


	0
	16
	1
	42
	2
	13
	3
	20
	4
	39
	5
	22
	6
	44
	7
	30
	8
	12
	9
	13
	10
	11
	11
	42
	12
	17
	13
	49
	14
	43
	15
	34


	0
	48
	1
	20
	2
	19
	3
	27
	4
	21
	5
	41
	6
	12
	7
	24
	8
	33
	9
	39
	10
	32
	11
	37
	12
	30
	13
	40
	14
	38
	15
	12


	0
	37
	1
	9
	2
	49
	3
	21
	4
	49
	5
	34
	6
	24
	7
	7
	8
	9
	9
	12
	10
	12
	11
	7
	12
	11
	13
	5
	14
	44
	15
	29


	0
	20
	1
	21
	2
	27
	3
	11
	4
	34
	5
	19
	6
	21
	7
	13
	8
	45
	9
	10
	10
	33
	11
	39
	12
	7
	13
	13
	14
	16
	15
	34


	0
	26
	1
	14
	2
	26
	3
	32
	4
	10
	5
	37
	6
	13
	7
	15
	8
	46
	9
	19
	10
	23
	11
	8
	12
	45
	13
	47
	14
	35
	15
	30


	0
	25
	1
	18
	2
	47
	3
	14
	4
	48
	5
	20
	6
	47
	7
	23
	8
	32
	9
	39
	10
	48
	11
	15
	12
	30
	13
	42
	14
	30
	15
	11


	0
	6
	1
	19
	2
	40
	3
	34
	4
	19
	5
	10
	6
	11
	7
	43
	8
	36
	9
	36
	10
	42
	11
	19
	12
	18
	13
	22
	14
	20
	15
	44


	0
	36
	1
	13
	2
	49
	3
	19
	4
	16
	5
	13
	6
	33
	7
	24
	8
	12
	9
	21
	10
	25
	11
	43
	12
	48
	13
	31
	14
	27
	15
	15

