40
16
2

	0
	15
	1
	12
	2
	49
	3
	47
	4
	14
	5
	18
	6
	28
	7
	17
	8
	26
	9
	18
	10
	17
	11
	35
	12
	36
	13
	16
	14
	29
	15
	25


	0
	47
	1
	34
	2
	18
	3
	10
	4
	39
	5
	20
	6
	6
	7
	15
	8
	38
	9
	32
	10
	22
	11
	28
	12
	27
	13
	16
	14
	5
	15
	23


	0
	35
	1
	6
	2
	7
	3
	33
	4
	17
	5
	21
	6
	48
	7
	40
	8
	22
	9
	24
	10
	34
	11
	30
	12
	9
	13
	7
	14
	38
	15
	22


	0
	11
	1
	17
	2
	6
	3
	18
	4
	44
	5
	19
	6
	6
	7
	22
	8
	17
	9
	10
	10
	16
	11
	41
	12
	43
	13
	47
	14
	40
	15
	15


	0
	48
	1
	31
	2
	47
	3
	40
	4
	6
	5
	26
	6
	7
	7
	34
	8
	33
	9
	36
	10
	44
	11
	17
	12
	41
	13
	35
	14
	45
	15
	48


	0
	10
	1
	36
	2
	24
	3
	13
	4
	21
	5
	37
	6
	10
	7
	30
	8
	7
	9
	35
	10
	24
	11
	47
	12
	31
	13
	30
	14
	11
	15
	17


	0
	23
	1
	42
	2
	34
	3
	22
	4
	44
	5
	10
	6
	34
	7
	10
	8
	48
	9
	17
	10
	9
	11
	42
	12
	15
	13
	40
	14
	44
	15
	35


	0
	19
	1
	6
	2
	44
	3
	33
	4
	28
	5
	30
	6
	13
	7
	44
	8
	27
	9
	37
	10
	12
	11
	21
	12
	13
	13
	31
	14
	36
	15
	20


	0
	36
	1
	44
	2
	14
	3
	35
	4
	23
	5
	43
	6
	27
	7
	45
	8
	11
	9
	20
	10
	8
	11
	36
	12
	37
	13
	10
	14
	26
	15
	21


	0
	47
	1
	46
	2
	11
	3
	37
	4
	14
	5
	27
	6
	36
	7
	42
	8
	27
	9
	27
	10
	21
	11
	42
	12
	32
	13
	29
	14
	13
	15
	31


	0
	13
	1
	5
	2
	31
	3
	5
	4
	8
	5
	30
	6
	11
	7
	18
	8
	43
	9
	23
	10
	42
	11
	20
	12
	35
	13
	46
	14
	5
	15
	39


	0
	32
	1
	42
	2
	47
	3
	37
	4
	26
	5
	23
	6
	14
	7
	48
	8
	5
	9
	27
	10
	13
	11
	25
	12
	36
	13
	39
	14
	30
	15
	7


	0
	11
	1
	44
	2
	17
	3
	7
	4
	44
	5
	27
	6
	41
	7
	43
	8
	43
	9
	14
	10
	24
	11
	34
	12
	12
	13
	29
	14
	37
	15
	11


	0
	7
	1
	44
	2
	35
	3
	25
	4
	31
	5
	17
	6
	35
	7
	12
	8
	10
	9
	26
	10
	20
	11
	20
	12
	39
	13
	19
	14
	13
	15
	44


	0
	41
	1
	46
	2
	20
	3
	42
	4
	11
	5
	13
	6
	27
	7
	26
	8
	14
	9
	47
	10
	28
	11
	7
	12
	21
	13
	23
	14
	24
	15
	5


	0
	27
	1
	14
	2
	27
	3
	9
	4
	18
	5
	20
	6
	17
	7
	39
	8
	44
	9
	45
	10
	43
	11
	7
	12
	16
	13
	42
	14
	41
	15
	17


	0
	18
	1
	42
	2
	47
	3
	22
	4
	8
	5
	7
	6
	45
	7
	8
	8
	30
	9
	25
	10
	48
	11
	19
	12
	28
	13
	23
	14
	5
	15
	8


	0
	22
	1
	19
	2
	11
	3
	24
	4
	15
	5
	23
	6
	16
	7
	45
	8
	29
	9
	23
	10
	28
	11
	19
	12
	49
	13
	36
	14
	47
	15
	36


	0
	39
	1
	22
	2
	49
	3
	26
	4
	38
	5
	19
	6
	33
	7
	5
	8
	22
	9
	42
	10
	14
	11
	34
	12
	12
	13
	47
	14
	37
	15
	15


	0
	10
	1
	36
	2
	29
	3
	15
	4
	30
	5
	44
	6
	8
	7
	27
	8
	22
	9
	47
	10
	41
	11
	15
	12
	5
	13
	9
	14
	40
	15
	27


	0
	43
	1
	24
	2
	37
	3
	17
	4
	36
	5
	46
	6
	36
	7
	40
	8
	37
	9
	16
	10
	46
	11
	32
	12
	35
	13
	10
	14
	39
	15
	49


	0
	29
	1
	34
	2
	47
	3
	29
	4
	41
	5
	9
	6
	48
	7
	18
	8
	40
	9
	26
	10
	14
	11
	42
	12
	19
	13
	18
	14
	34
	15
	11


	0
	47
	1
	41
	2
	36
	3
	19
	4
	15
	5
	15
	6
	14
	7
	14
	8
	30
	9
	19
	10
	12
	11
	33
	12
	23
	13
	18
	14
	13
	15
	18


	0
	12
	1
	6
	2
	21
	3
	36
	4
	49
	5
	12
	6
	36
	7
	27
	8
	13
	9
	36
	10
	33
	11
	41
	12
	43
	13
	48
	14
	7
	15
	24


	0
	32
	1
	26
	2
	32
	3
	12
	4
	5
	5
	8
	6
	48
	7
	49
	8
	36
	9
	38
	10
	10
	11
	29
	12
	25
	13
	5
	14
	28
	15
	25


	0
	34
	1
	34
	2
	44
	3
	49
	4
	27
	5
	37
	6
	41
	7
	22
	8
	19
	9
	43
	10
	13
	11
	39
	12
	6
	13
	18
	14
	40
	15
	40


	0
	23
	1
	41
	2
	28
	3
	39
	4
	27
	5
	26
	6
	28
	7
	44
	8
	18
	9
	31
	10
	17
	11
	28
	12
	9
	13
	37
	14
	16
	15
	42


	0
	15
	1
	44
	2
	10
	3
	39
	4
	47
	5
	30
	6
	44
	7
	47
	8
	15
	9
	12
	10
	17
	11
	5
	12
	10
	13
	37
	14
	41
	15
	8


	0
	17
	1
	25
	2
	46
	3
	27
	4
	30
	5
	15
	6
	42
	7
	16
	8
	38
	9
	8
	10
	19
	11
	13
	12
	18
	13
	19
	14
	37
	15
	19


	0
	20
	1
	7
	2
	18
	3
	27
	4
	10
	5
	36
	6
	44
	7
	39
	8
	13
	9
	31
	10
	11
	11
	14
	12
	48
	13
	18
	14
	30
	15
	20


	0
	37
	1
	10
	2
	48
	3
	22
	4
	38
	5
	9
	6
	16
	7
	36
	8
	38
	9
	27
	10
	21
	11
	32
	12
	7
	13
	40
	14
	30
	15
	37


	0
	14
	1
	42
	2
	46
	3
	49
	4
	12
	5
	30
	6
	37
	7
	5
	8
	47
	9
	40
	10
	12
	11
	25
	12
	29
	13
	38
	14
	41
	15
	5


	0
	43
	1
	48
	2
	33
	3
	37
	4
	10
	5
	38
	6
	13
	7
	22
	8
	6
	9
	7
	10
	13
	11
	13
	12
	7
	13
	36
	14
	29
	15
	12


	0
	21
	1
	8
	2
	30
	3
	18
	4
	8
	5
	27
	6
	5
	7
	16
	8
	5
	9
	47
	10
	44
	11
	13
	12
	15
	13
	26
	14
	39
	15
	29


	0
	29
	1
	22
	2
	46
	3
	41
	4
	42
	5
	43
	6
	19
	7
	43
	8
	8
	9
	30
	10
	31
	11
	40
	12
	27
	13
	30
	14
	12
	15
	24


	0
	14
	1
	21
	2
	45
	3
	42
	4
	44
	5
	19
	6
	9
	7
	8
	8
	34
	9
	23
	10
	47
	11
	30
	12
	16
	13
	36
	14
	7
	15
	43


	0
	43
	1
	36
	2
	8
	3
	19
	4
	16
	5
	33
	6
	43
	7
	49
	8
	13
	9
	14
	10
	19
	11
	49
	12
	40
	13
	7
	14
	33
	15
	6


	0
	28
	1
	34
	2
	29
	3
	9
	4
	12
	5
	23
	6
	9
	7
	18
	8
	49
	9
	42
	10
	44
	11
	25
	12
	44
	13
	23
	14
	34
	15
	10


	0
	5
	1
	49
	2
	30
	3
	20
	4
	47
	5
	42
	6
	38
	7
	18
	8
	42
	9
	27
	10
	9
	11
	48
	12
	28
	13
	32
	14
	37
	15
	5


	0
	31
	1
	7
	2
	21
	3
	44
	4
	48
	5
	28
	6
	41
	7
	10
	8
	33
	9
	9
	10
	26
	11
	49
	12
	28
	13
	17
	14
	18
	15
	27

