40
4
5

	0
	17
	1
	16
	2
	19
	3
	22


	0
	17
	1
	5
	2
	8
	3
	5


	0
	15
	1
	45
	2
	6
	3
	47


	0
	35
	1
	40
	2
	34
	3
	11


	0
	27
	1
	44
	2
	15
	3
	44


	0
	25
	1
	5
	2
	23
	3
	23


	0
	38
	1
	12
	2
	37
	3
	18


	0
	15
	1
	33
	2
	20
	3
	24


	0
	36
	1
	42
	2
	17
	3
	23


	0
	47
	1
	19
	2
	46
	3
	30


	0
	37
	1
	43
	2
	25
	3
	44


	0
	18
	1
	38
	2
	27
	3
	38


	0
	47
	1
	29
	2
	43
	3
	26


	0
	16
	1
	10
	2
	5
	3
	24


	0
	46
	1
	25
	2
	32
	3
	42


	0
	17
	1
	39
	2
	36
	3
	6


	0
	45
	1
	24
	2
	25
	3
	13


	0
	5
	1
	39
	2
	33
	3
	33


	0
	6
	1
	9
	2
	7
	3
	28


	0
	35
	1
	14
	2
	30
	3
	6


	0
	20
	1
	40
	2
	6
	3
	5


	0
	48
	1
	27
	2
	43
	3
	6


	0
	5
	1
	26
	2
	40
	3
	40


	0
	45
	1
	43
	2
	35
	3
	23


	0
	43
	1
	22
	2
	17
	3
	16


	0
	46
	1
	21
	2
	26
	3
	30


	0
	23
	1
	5
	2
	26
	3
	44


	0
	8
	1
	43
	2
	15
	3
	23


	0
	17
	1
	25
	2
	13
	3
	31


	0
	21
	1
	21
	2
	31
	3
	40


	0
	36
	1
	44
	2
	14
	3
	23


	0
	13
	1
	42
	2
	42
	3
	22


	0
	43
	1
	32
	2
	5
	3
	43


	0
	22
	1
	36
	2
	22
	3
	28


	0
	39
	1
	43
	2
	39
	3
	44


	0
	9
	1
	8
	2
	17
	3
	16


	0
	16
	1
	30
	2
	16
	3
	16


	0
	34
	1
	42
	2
	34
	3
	24


	0
	6
	1
	29
	2
	15
	3
	17


	0
	37
	1
	32
	2
	36
	3
	43

