40
4
4

	0
	34
	1
	46
	2
	13
	3
	32


	0
	18
	1
	39
	2
	37
	3
	17


	0
	22
	1
	13
	2
	37
	3
	20


	0
	13
	1
	37
	2
	40
	3
	7


	0
	5
	1
	29
	2
	34
	3
	16


	0
	39
	1
	23
	2
	5
	3
	27


	0
	39
	1
	35
	2
	12
	3
	21


	0
	17
	1
	10
	2
	8
	3
	11


	0
	13
	1
	44
	2
	18
	3
	21


	0
	11
	1
	27
	2
	34
	3
	41


	0
	31
	1
	40
	2
	31
	3
	38


	0
	32
	1
	21
	2
	45
	3
	9


	0
	16
	1
	38
	2
	18
	3
	31


	0
	19
	1
	13
	2
	45
	3
	45


	0
	15
	1
	7
	2
	22
	3
	30


	0
	32
	1
	29
	2
	38
	3
	11


	0
	31
	1
	36
	2
	45
	3
	28


	0
	10
	1
	29
	2
	35
	3
	35


	0
	26
	1
	12
	2
	38
	3
	15


	0
	30
	1
	31
	2
	10
	3
	25


	0
	48
	1
	36
	2
	7
	3
	40


	0
	24
	1
	46
	2
	44
	3
	8


	0
	36
	1
	13
	2
	9
	3
	49


	0
	34
	1
	28
	2
	22
	3
	11


	0
	41
	1
	47
	2
	21
	3
	10


	0
	12
	1
	8
	2
	46
	3
	8


	0
	16
	1
	46
	2
	32
	3
	18


	0
	43
	1
	46
	2
	32
	3
	30


	0
	40
	1
	32
	2
	26
	3
	31


	0
	14
	1
	11
	2
	47
	3
	44


	0
	28
	1
	46
	2
	38
	3
	30


	0
	24
	1
	5
	2
	28
	3
	34


	0
	6
	1
	19
	2
	46
	3
	33


	0
	34
	1
	36
	2
	10
	3
	6


	0
	39
	1
	20
	2
	26
	3
	24


	0
	38
	1
	40
	2
	25
	3
	32


	0
	14
	1
	29
	2
	32
	3
	32


	0
	23
	1
	37
	2
	6
	3
	36


	0
	47
	1
	12
	2
	16
	3
	14


	0
	34
	1
	32
	2
	40
	3
	29

