40
8
2

	0
	10
	1
	47
	2
	25
	3
	20
	4
	33
	5
	27
	6
	34
	7
	9


	0
	44
	1
	29
	2
	38
	3
	7
	4
	14
	5
	7
	6
	7
	7
	29


	0
	36
	1
	48
	2
	26
	3
	48
	4
	35
	5
	28
	6
	44
	7
	46


	0
	26
	1
	23
	2
	21
	3
	31
	4
	20
	5
	20
	6
	17
	7
	44


	0
	21
	1
	19
	2
	44
	3
	36
	4
	49
	5
	34
	6
	7
	7
	17


	0
	31
	1
	39
	2
	35
	3
	30
	4
	33
	5
	40
	6
	19
	7
	26


	0
	33
	1
	6
	2
	36
	3
	9
	4
	32
	5
	46
	6
	43
	7
	33


	0
	34
	1
	28
	2
	9
	3
	49
	4
	37
	5
	23
	6
	26
	7
	43


	0
	48
	1
	49
	2
	5
	3
	47
	4
	15
	5
	25
	6
	34
	7
	19


	0
	25
	1
	47
	2
	33
	3
	41
	4
	9
	5
	47
	6
	26
	7
	21


	0
	48
	1
	31
	2
	21
	3
	6
	4
	27
	5
	45
	6
	10
	7
	20


	0
	31
	1
	19
	2
	15
	3
	14
	4
	30
	5
	16
	6
	49
	7
	11


	0
	13
	1
	27
	2
	18
	3
	32
	4
	43
	5
	36
	6
	30
	7
	36


	0
	49
	1
	46
	2
	13
	3
	47
	4
	30
	5
	11
	6
	49
	7
	6


	0
	23
	1
	16
	2
	17
	3
	15
	4
	48
	5
	12
	6
	20
	7
	44


	0
	39
	1
	39
	2
	25
	3
	18
	4
	37
	5
	19
	6
	35
	7
	36


	0
	33
	1
	5
	2
	27
	3
	10
	4
	36
	5
	17
	6
	29
	7
	28


	0
	30
	1
	13
	2
	47
	3
	18
	4
	17
	5
	12
	6
	45
	7
	38


	0
	36
	1
	26
	2
	26
	3
	8
	4
	30
	5
	41
	6
	15
	7
	9


	0
	42
	1
	36
	2
	44
	3
	29
	4
	31
	5
	24
	6
	8
	7
	25


	0
	30
	1
	44
	2
	35
	3
	32
	4
	21
	5
	12
	6
	19
	7
	12


	0
	44
	1
	7
	2
	9
	3
	30
	4
	19
	5
	25
	6
	18
	7
	46


	0
	40
	1
	41
	2
	22
	3
	33
	4
	44
	5
	49
	6
	48
	7
	48


	0
	49
	1
	47
	2
	33
	3
	15
	4
	40
	5
	29
	6
	35
	7
	48


	0
	28
	1
	40
	2
	8
	3
	17
	4
	44
	5
	32
	6
	30
	7
	5


	0
	37
	1
	29
	2
	28
	3
	28
	4
	10
	5
	37
	6
	44
	7
	24


	0
	17
	1
	15
	2
	46
	3
	36
	4
	41
	5
	29
	6
	7
	7
	7


	0
	34
	1
	44
	2
	35
	3
	16
	4
	29
	5
	43
	6
	11
	7
	32


	0
	20
	1
	25
	2
	16
	3
	35
	4
	14
	5
	46
	6
	7
	7
	6


	0
	19
	1
	18
	2
	9
	3
	26
	4
	10
	5
	20
	6
	41
	7
	48


	0
	29
	1
	12
	2
	31
	3
	39
	4
	10
	5
	48
	6
	39
	7
	10


	0
	42
	1
	24
	2
	33
	3
	44
	4
	29
	5
	34
	6
	34
	7
	19


	0
	30
	1
	42
	2
	45
	3
	8
	4
	46
	5
	35
	6
	37
	7
	6


	0
	13
	1
	6
	2
	11
	3
	30
	4
	28
	5
	28
	6
	25
	7
	47


	0
	29
	1
	37
	2
	38
	3
	24
	4
	34
	5
	22
	6
	18
	7
	42


	0
	8
	1
	36
	2
	29
	3
	34
	4
	32
	5
	48
	6
	24
	7
	16


	0
	9
	1
	30
	2
	14
	3
	41
	4
	38
	5
	44
	6
	32
	7
	24


	0
	40
	1
	37
	2
	41
	3
	23
	4
	10
	5
	40
	6
	35
	7
	35


	0
	29
	1
	45
	2
	39
	3
	21
	4
	22
	5
	13
	6
	29
	7
	26


	0
	38
	1
	9
	2
	35
	3
	41
	4
	23
	5
	32
	6
	12
	7
	34

