40
8
5

	0
	48
	1
	39
	2
	5
	3
	39
	4
	19
	5
	38
	6
	49
	7
	34


	0
	43
	1
	6
	2
	28
	3
	31
	4
	13
	5
	26
	6
	33
	7
	15


	0
	41
	1
	6
	2
	17
	3
	48
	4
	11
	5
	41
	6
	30
	7
	5


	0
	16
	1
	30
	2
	35
	3
	6
	4
	20
	5
	34
	6
	7
	7
	35


	0
	31
	1
	48
	2
	16
	3
	47
	4
	49
	5
	17
	6
	30
	7
	29


	0
	46
	1
	19
	2
	47
	3
	39
	4
	42
	5
	21
	6
	24
	7
	6


	0
	44
	1
	49
	2
	19
	3
	34
	4
	22
	5
	40
	6
	44
	7
	39


	0
	44
	1
	15
	2
	25
	3
	9
	4
	28
	5
	44
	6
	21
	7
	38


	0
	27
	1
	29
	2
	45
	3
	26
	4
	22
	5
	22
	6
	22
	7
	35


	0
	48
	1
	43
	2
	41
	3
	9
	4
	20
	5
	37
	6
	49
	7
	49


	0
	26
	1
	33
	2
	13
	3
	24
	4
	22
	5
	5
	6
	20
	7
	20


	0
	27
	1
	48
	2
	31
	3
	33
	4
	32
	5
	34
	6
	12
	7
	41


	0
	38
	1
	29
	2
	37
	3
	13
	4
	34
	5
	26
	6
	8
	7
	27


	0
	25
	1
	17
	2
	8
	3
	32
	4
	48
	5
	10
	6
	41
	7
	44


	0
	29
	1
	10
	2
	26
	3
	20
	4
	36
	5
	16
	6
	11
	7
	47


	0
	14
	1
	47
	2
	37
	3
	49
	4
	35
	5
	5
	6
	45
	7
	48


	0
	5
	1
	5
	2
	12
	3
	9
	4
	31
	5
	14
	6
	37
	7
	28


	0
	20
	1
	19
	2
	42
	3
	47
	4
	45
	5
	23
	6
	46
	7
	17


	0
	35
	1
	5
	2
	25
	3
	16
	4
	5
	5
	37
	6
	30
	7
	39


	0
	10
	1
	20
	2
	15
	3
	6
	4
	33
	5
	7
	6
	31
	7
	43


	0
	39
	1
	17
	2
	19
	3
	47
	4
	19
	5
	19
	6
	25
	7
	32


	0
	33
	1
	45
	2
	43
	3
	14
	4
	46
	5
	41
	6
	26
	7
	48


	0
	12
	1
	6
	2
	31
	3
	38
	4
	31
	5
	31
	6
	23
	7
	32


	0
	14
	1
	28
	2
	9
	3
	44
	4
	31
	5
	20
	6
	47
	7
	21


	0
	21
	1
	37
	2
	26
	3
	12
	4
	5
	5
	28
	6
	38
	7
	21


	0
	49
	1
	19
	2
	25
	3
	32
	4
	5
	5
	27
	6
	47
	7
	19


	0
	19
	1
	6
	2
	23
	3
	49
	4
	37
	5
	27
	6
	15
	7
	26


	0
	39
	1
	49
	2
	17
	3
	26
	4
	35
	5
	36
	6
	32
	7
	30


	0
	33
	1
	31
	2
	28
	3
	41
	4
	45
	5
	29
	6
	23
	7
	38


	0
	42
	1
	49
	2
	38
	3
	15
	4
	10
	5
	25
	6
	48
	7
	8


	0
	42
	1
	22
	2
	34
	3
	20
	4
	43
	5
	49
	6
	28
	7
	21


	0
	21
	1
	40
	2
	22
	3
	27
	4
	24
	5
	47
	6
	41
	7
	39


	0
	22
	1
	23
	2
	26
	3
	6
	4
	38
	5
	30
	6
	23
	7
	40


	0
	29
	1
	46
	2
	15
	3
	28
	4
	32
	5
	47
	6
	35
	7
	19


	0
	15
	1
	12
	2
	44
	3
	13
	4
	41
	5
	22
	6
	17
	7
	37


	0
	34
	1
	47
	2
	28
	3
	44
	4
	34
	5
	18
	6
	33
	7
	34


	0
	11
	1
	8
	2
	9
	3
	19
	4
	30
	5
	13
	6
	5
	7
	19


	0
	30
	1
	49
	2
	39
	3
	41
	4
	19
	5
	26
	6
	41
	7
	39


	0
	46
	1
	32
	2
	10
	3
	27
	4
	49
	5
	38
	6
	24
	7
	11


	0
	38
	1
	5
	2
	11
	3
	12
	4
	15
	5
	25
	6
	38
	7
	45

