40
4
5

	0
	12
	1
	37
	2
	10
	3
	31


	0
	15
	1
	15
	2
	10
	3
	38


	0
	23
	1
	34
	2
	11
	3
	22


	0
	19
	1
	18
	2
	5
	3
	21


	0
	25
	1
	44
	2
	12
	3
	29


	0
	12
	1
	42
	2
	12
	3
	46


	0
	12
	1
	41
	2
	7
	3
	22


	0
	11
	1
	47
	2
	17
	3
	49


	0
	13
	1
	19
	2
	30
	3
	27


	0
	38
	1
	25
	2
	24
	3
	47


	0
	41
	1
	49
	2
	12
	3
	23


	0
	42
	1
	36
	2
	27
	3
	41


	0
	29
	1
	10
	2
	22
	3
	36


	0
	35
	1
	23
	2
	26
	3
	47


	0
	49
	1
	8
	2
	7
	3
	35


	0
	9
	1
	49
	2
	44
	3
	27


	0
	49
	1
	28
	2
	15
	3
	16


	0
	5
	1
	28
	2
	48
	3
	49


	0
	6
	1
	18
	2
	9
	3
	25


	0
	11
	1
	12
	2
	25
	3
	35


	0
	15
	1
	15
	2
	29
	3
	30


	0
	14
	1
	29
	2
	8
	3
	48


	0
	40
	1
	19
	2
	28
	3
	5


	0
	16
	1
	47
	2
	8
	3
	10


	0
	32
	1
	27
	2
	24
	3
	36


	0
	41
	1
	38
	2
	48
	3
	42


	0
	5
	1
	17
	2
	21
	3
	44


	0
	20
	1
	26
	2
	47
	3
	43


	0
	45
	1
	21
	2
	6
	3
	48


	0
	48
	1
	35
	2
	7
	3
	46


	0
	34
	1
	11
	2
	25
	3
	19


	0
	37
	1
	15
	2
	35
	3
	36


	0
	11
	1
	36
	2
	23
	3
	35


	0
	19
	1
	33
	2
	7
	3
	39


	0
	32
	1
	48
	2
	24
	3
	9


	0
	29
	1
	6
	2
	47
	3
	8


	0
	17
	1
	35
	2
	42
	3
	24


	0
	31
	1
	39
	2
	16
	3
	10


	0
	16
	1
	37
	2
	15
	3
	28


	0
	10
	1
	10
	2
	35
	3
	12

