40
4
5

	0
	6
	1
	19
	2
	15
	3
	21


	0
	49
	1
	44
	2
	22
	3
	8


	0
	38
	1
	25
	2
	48
	3
	38


	0
	11
	1
	17
	2
	10
	3
	10


	0
	48
	1
	48
	2
	49
	3
	17


	0
	42
	1
	35
	2
	43
	3
	43


	0
	30
	1
	8
	2
	35
	3
	10


	0
	12
	1
	36
	2
	39
	3
	28


	0
	30
	1
	16
	2
	48
	3
	28


	0
	44
	1
	47
	2
	23
	3
	27


	0
	42
	1
	36
	2
	14
	3
	19


	0
	45
	1
	39
	2
	42
	3
	5


	0
	45
	1
	36
	2
	10
	3
	6


	0
	45
	1
	29
	2
	16
	3
	15


	0
	15
	1
	10
	2
	12
	3
	12


	0
	5
	1
	20
	2
	45
	3
	15


	0
	33
	1
	47
	2
	23
	3
	19


	0
	47
	1
	5
	2
	22
	3
	29


	0
	9
	1
	42
	2
	41
	3
	43


	0
	48
	1
	46
	2
	20
	3
	18


	0
	48
	1
	7
	2
	6
	3
	44


	0
	27
	1
	34
	2
	5
	3
	9


	0
	40
	1
	38
	2
	12
	3
	11


	0
	46
	1
	27
	2
	5
	3
	42


	0
	7
	1
	38
	2
	25
	3
	46


	0
	13
	1
	41
	2
	37
	3
	21


	0
	16
	1
	29
	2
	25
	3
	12


	0
	31
	1
	26
	2
	44
	3
	8


	0
	22
	1
	22
	2
	13
	3
	46


	0
	15
	1
	9
	2
	12
	3
	32


	0
	22
	1
	37
	2
	17
	3
	15


	0
	34
	1
	11
	2
	16
	3
	21


	0
	44
	1
	21
	2
	38
	3
	26


	0
	10
	1
	32
	2
	34
	3
	28


	0
	24
	1
	32
	2
	23
	3
	15


	0
	17
	1
	23
	2
	35
	3
	36


	0
	24
	1
	6
	2
	11
	3
	8


	0
	37
	1
	31
	2
	7
	3
	18


	0
	5
	1
	24
	2
	15
	3
	16


	0
	28
	1
	15
	2
	44
	3
	36

