40
8
2

	0
	35
	1
	28
	2
	12
	3
	9
	4
	44
	5
	28
	6
	22
	7
	45


	0
	11
	1
	28
	2
	7
	3
	42
	4
	31
	5
	16
	6
	18
	7
	36


	0
	6
	1
	25
	2
	27
	3
	27
	4
	12
	5
	48
	6
	30
	7
	38


	0
	37
	1
	23
	2
	12
	3
	8
	4
	7
	5
	36
	6
	25
	7
	12


	0
	5
	1
	30
	2
	47
	3
	5
	4
	43
	5
	6
	6
	9
	7
	20


	0
	29
	1
	10
	2
	29
	3
	32
	4
	27
	5
	11
	6
	28
	7
	21


	0
	35
	1
	10
	2
	26
	3
	21
	4
	39
	5
	35
	6
	29
	7
	22


	0
	35
	1
	45
	2
	29
	3
	47
	4
	41
	5
	33
	6
	44
	7
	23


	0
	32
	1
	42
	2
	5
	3
	9
	4
	45
	5
	37
	6
	16
	7
	34


	0
	42
	1
	30
	2
	41
	3
	16
	4
	28
	5
	42
	6
	33
	7
	37


	0
	14
	1
	47
	2
	28
	3
	47
	4
	17
	5
	23
	6
	45
	7
	34


	0
	29
	1
	20
	2
	31
	3
	5
	4
	21
	5
	33
	6
	37
	7
	11


	0
	47
	1
	48
	2
	18
	3
	40
	4
	39
	5
	49
	6
	10
	7
	29


	0
	35
	1
	31
	2
	18
	3
	25
	4
	42
	5
	24
	6
	8
	7
	26


	0
	14
	1
	24
	2
	44
	3
	17
	4
	21
	5
	31
	6
	33
	7
	10


	0
	39
	1
	46
	2
	34
	3
	24
	4
	10
	5
	8
	6
	40
	7
	25


	0
	17
	1
	13
	2
	26
	3
	33
	4
	16
	5
	35
	6
	19
	7
	45


	0
	20
	1
	33
	2
	39
	3
	11
	4
	29
	5
	24
	6
	47
	7
	22


	0
	32
	1
	49
	2
	12
	3
	23
	4
	24
	5
	39
	6
	11
	7
	48


	0
	25
	1
	11
	2
	15
	3
	16
	4
	49
	5
	29
	6
	38
	7
	20


	0
	16
	1
	44
	2
	33
	3
	36
	4
	43
	5
	20
	6
	33
	7
	7


	0
	19
	1
	10
	2
	17
	3
	27
	4
	29
	5
	15
	6
	29
	7
	26


	0
	22
	1
	9
	2
	34
	3
	31
	4
	46
	5
	38
	6
	10
	7
	14


	0
	23
	1
	44
	2
	18
	3
	16
	4
	37
	5
	10
	6
	34
	7
	20


	0
	17
	1
	15
	2
	42
	3
	47
	4
	37
	5
	28
	6
	36
	7
	33


	0
	33
	1
	42
	2
	38
	3
	28
	4
	26
	5
	5
	6
	12
	7
	35


	0
	42
	1
	43
	2
	9
	3
	10
	4
	8
	5
	31
	6
	17
	7
	7


	0
	46
	1
	33
	2
	43
	3
	6
	4
	5
	5
	8
	6
	41
	7
	44


	0
	49
	1
	33
	2
	41
	3
	15
	4
	31
	5
	18
	6
	20
	7
	14


	0
	28
	1
	37
	2
	6
	3
	26
	4
	42
	5
	22
	6
	17
	7
	41


	0
	42
	1
	33
	2
	6
	3
	21
	4
	20
	5
	31
	6
	9
	7
	27


	0
	22
	1
	17
	2
	27
	3
	32
	4
	48
	5
	42
	6
	40
	7
	37


	0
	20
	1
	40
	2
	10
	3
	45
	4
	27
	5
	35
	6
	20
	7
	15


	0
	13
	1
	14
	2
	27
	3
	33
	4
	31
	5
	12
	6
	14
	7
	16


	0
	44
	1
	33
	2
	6
	3
	38
	4
	40
	5
	9
	6
	23
	7
	11


	0
	49
	1
	43
	2
	20
	3
	16
	4
	33
	5
	13
	6
	27
	7
	8


	0
	36
	1
	18
	2
	12
	3
	45
	4
	37
	5
	16
	6
	11
	7
	28


	0
	32
	1
	24
	2
	11
	3
	27
	4
	34
	5
	27
	6
	41
	7
	21


	0
	30
	1
	30
	2
	17
	3
	15
	4
	13
	5
	20
	6
	11
	7
	25


	0
	18
	1
	7
	2
	24
	3
	21
	4
	29
	5
	6
	6
	32
	7
	19

