40
4
3

	0
	15
	1
	11
	2
	12
	3
	9


	0
	26
	1
	46
	2
	9
	3
	32


	0
	29
	1
	39
	2
	9
	3
	23


	0
	45
	1
	10
	2
	48
	3
	32


	0
	19
	1
	22
	2
	42
	3
	26


	0
	31
	1
	39
	2
	19
	3
	33


	0
	25
	1
	10
	2
	43
	3
	27


	0
	7
	1
	18
	2
	10
	3
	36


	0
	36
	1
	45
	2
	7
	3
	5


	0
	24
	1
	32
	2
	29
	3
	6


	0
	13
	1
	15
	2
	36
	3
	31


	0
	31
	1
	27
	2
	43
	3
	18


	0
	49
	1
	8
	2
	36
	3
	26


	0
	12
	1
	14
	2
	20
	3
	5


	0
	8
	1
	32
	2
	42
	3
	7


	0
	31
	1
	16
	2
	24
	3
	5


	0
	11
	1
	41
	2
	31
	3
	28


	0
	6
	1
	12
	2
	45
	3
	31


	0
	29
	1
	44
	2
	47
	3
	25


	0
	30
	1
	41
	2
	13
	3
	21


	0
	35
	1
	8
	2
	31
	3
	12


	0
	37
	1
	48
	2
	11
	3
	8


	0
	6
	1
	15
	2
	19
	3
	28


	0
	11
	1
	40
	2
	33
	3
	18


	0
	6
	1
	40
	2
	48
	3
	37


	0
	22
	1
	12
	2
	26
	3
	16


	0
	17
	1
	27
	2
	15
	3
	27


	0
	32
	1
	11
	2
	38
	3
	5


	0
	45
	1
	16
	2
	16
	3
	29


	0
	36
	1
	48
	2
	20
	3
	43


	0
	48
	1
	43
	2
	11
	3
	19


	0
	29
	1
	33
	2
	35
	3
	9


	0
	39
	1
	43
	2
	27
	3
	20


	0
	8
	1
	48
	2
	33
	3
	34


	0
	7
	1
	34
	2
	26
	3
	29


	0
	36
	1
	43
	2
	23
	3
	12


	0
	31
	1
	17
	2
	38
	3
	45


	0
	43
	1
	10
	2
	27
	3
	45


	0
	20
	1
	28
	2
	23
	3
	18


	0
	14
	1
	15
	2
	43
	3
	34

