40
8
4

	0
	16
	1
	17
	2
	22
	3
	22
	4
	34
	5
	25
	6
	6
	7
	32


	0
	27
	1
	15
	2
	11
	3
	36
	4
	17
	5
	6
	6
	19
	7
	30


	0
	13
	1
	47
	2
	49
	3
	6
	4
	14
	5
	36
	6
	28
	7
	15


	0
	38
	1
	46
	2
	22
	3
	29
	4
	25
	5
	11
	6
	31
	7
	39


	0
	41
	1
	37
	2
	16
	3
	41
	4
	43
	5
	46
	6
	27
	7
	32


	0
	28
	1
	34
	2
	40
	3
	8
	4
	38
	5
	14
	6
	43
	7
	25


	0
	44
	1
	43
	2
	18
	3
	35
	4
	46
	5
	18
	6
	24
	7
	9


	0
	26
	1
	39
	2
	47
	3
	18
	4
	40
	5
	38
	6
	37
	7
	33


	0
	15
	1
	37
	2
	28
	3
	32
	4
	33
	5
	7
	6
	35
	7
	23


	0
	16
	1
	24
	2
	11
	3
	25
	4
	35
	5
	24
	6
	47
	7
	19


	0
	45
	1
	47
	2
	24
	3
	47
	4
	43
	5
	25
	6
	15
	7
	37


	0
	19
	1
	8
	2
	15
	3
	29
	4
	39
	5
	36
	6
	8
	7
	36


	0
	6
	1
	49
	2
	28
	3
	13
	4
	7
	5
	38
	6
	38
	7
	47


	0
	26
	1
	24
	2
	27
	3
	49
	4
	9
	5
	10
	6
	27
	7
	43


	0
	42
	1
	8
	2
	37
	3
	5
	4
	43
	5
	34
	6
	34
	7
	8


	0
	27
	1
	27
	2
	21
	3
	5
	4
	25
	5
	44
	6
	42
	7
	30


	0
	27
	1
	6
	2
	44
	3
	18
	4
	43
	5
	19
	6
	17
	7
	6


	0
	43
	1
	47
	2
	25
	3
	12
	4
	27
	5
	23
	6
	6
	7
	43


	0
	27
	1
	10
	2
	48
	3
	30
	4
	29
	5
	31
	6
	26
	7
	38


	0
	7
	1
	22
	2
	19
	3
	27
	4
	12
	5
	38
	6
	19
	7
	36


	0
	27
	1
	37
	2
	31
	3
	39
	4
	25
	5
	5
	6
	40
	7
	6


	0
	36
	1
	36
	2
	49
	3
	30
	4
	26
	5
	7
	6
	8
	7
	43


	0
	5
	1
	31
	2
	49
	3
	23
	4
	42
	5
	35
	6
	44
	7
	26


	0
	8
	1
	38
	2
	18
	3
	42
	4
	48
	5
	27
	6
	49
	7
	13


	0
	45
	1
	9
	2
	16
	3
	47
	4
	5
	5
	42
	6
	34
	7
	21


	0
	27
	1
	11
	2
	27
	3
	47
	4
	44
	5
	45
	6
	42
	7
	32


	0
	40
	1
	20
	2
	44
	3
	31
	4
	31
	5
	10
	6
	10
	7
	46


	0
	27
	1
	38
	2
	11
	3
	21
	4
	9
	5
	8
	6
	35
	7
	35


	0
	49
	1
	27
	2
	12
	3
	46
	4
	34
	5
	12
	6
	42
	7
	5


	0
	45
	1
	20
	2
	15
	3
	32
	4
	42
	5
	12
	6
	16
	7
	11


	0
	18
	1
	39
	2
	6
	3
	30
	4
	37
	5
	17
	6
	7
	7
	33


	0
	18
	1
	38
	2
	26
	3
	28
	4
	22
	5
	22
	6
	25
	7
	44


	0
	10
	1
	26
	2
	13
	3
	40
	4
	37
	5
	37
	6
	43
	7
	46


	0
	30
	1
	32
	2
	9
	3
	38
	4
	40
	5
	36
	6
	36
	7
	22


	0
	26
	1
	15
	2
	23
	3
	33
	4
	28
	5
	40
	6
	15
	7
	25


	0
	47
	1
	16
	2
	26
	3
	10
	4
	16
	5
	37
	6
	40
	7
	14


	0
	10
	1
	46
	2
	9
	3
	15
	4
	9
	5
	23
	6
	25
	7
	14


	0
	9
	1
	37
	2
	39
	3
	18
	4
	15
	5
	39
	6
	9
	7
	20


	0
	24
	1
	17
	2
	21
	3
	41
	4
	48
	5
	5
	6
	8
	7
	30


	0
	26
	1
	19
	2
	22
	3
	13
	4
	45
	5
	17
	6
	45
	7
	33

