40
16
5

	0
	9
	1
	36
	2
	46
	3
	12
	4
	47
	5
	6
	6
	16
	7
	23
	8
	14
	9
	39
	10
	32
	11
	45
	12
	34
	13
	7
	14
	12
	15
	6


	0
	15
	1
	37
	2
	20
	3
	16
	4
	18
	5
	21
	6
	7
	7
	19
	8
	41
	9
	35
	10
	43
	11
	42
	12
	5
	13
	38
	14
	27
	15
	21


	0
	24
	1
	49
	2
	44
	3
	39
	4
	24
	5
	46
	6
	15
	7
	27
	8
	26
	9
	26
	10
	15
	11
	34
	12
	26
	13
	23
	14
	23
	15
	42


	0
	23
	1
	33
	2
	40
	3
	5
	4
	30
	5
	30
	6
	6
	7
	45
	8
	36
	9
	10
	10
	37
	11
	28
	12
	19
	13
	19
	14
	33
	15
	29


	0
	15
	1
	15
	2
	5
	3
	40
	4
	18
	5
	13
	6
	23
	7
	45
	8
	11
	9
	24
	10
	36
	11
	39
	12
	45
	13
	34
	14
	28
	15
	46


	0
	7
	1
	11
	2
	41
	3
	43
	4
	28
	5
	41
	6
	27
	7
	14
	8
	39
	9
	42
	10
	9
	11
	29
	12
	38
	13
	36
	14
	17
	15
	28


	0
	15
	1
	38
	2
	44
	3
	31
	4
	39
	5
	38
	6
	13
	7
	38
	8
	14
	9
	20
	10
	15
	11
	28
	12
	41
	13
	20
	14
	24
	15
	24


	0
	40
	1
	25
	2
	24
	3
	13
	4
	36
	5
	5
	6
	23
	7
	33
	8
	41
	9
	24
	10
	48
	11
	39
	12
	14
	13
	36
	14
	45
	15
	38


	0
	26
	1
	42
	2
	12
	3
	8
	4
	12
	5
	44
	6
	45
	7
	32
	8
	33
	9
	38
	10
	42
	11
	8
	12
	47
	13
	33
	14
	39
	15
	18


	0
	29
	1
	6
	2
	21
	3
	25
	4
	43
	5
	44
	6
	10
	7
	27
	8
	30
	9
	8
	10
	23
	11
	26
	12
	19
	13
	39
	14
	11
	15
	33


	0
	44
	1
	36
	2
	39
	3
	44
	4
	19
	5
	32
	6
	31
	7
	24
	8
	15
	9
	30
	10
	13
	11
	11
	12
	23
	13
	7
	14
	38
	15
	16


	0
	10
	1
	23
	2
	32
	3
	42
	4
	7
	5
	10
	6
	6
	7
	32
	8
	16
	9
	16
	10
	43
	11
	11
	12
	21
	13
	8
	14
	19
	15
	15


	0
	21
	1
	12
	2
	20
	3
	35
	4
	8
	5
	46
	6
	35
	7
	12
	8
	37
	9
	22
	10
	38
	11
	32
	12
	28
	13
	23
	14
	48
	15
	42


	0
	20
	1
	39
	2
	13
	3
	40
	4
	39
	5
	12
	6
	26
	7
	35
	8
	32
	9
	33
	10
	27
	11
	40
	12
	10
	13
	29
	14
	35
	15
	30


	0
	17
	1
	39
	2
	7
	3
	20
	4
	43
	5
	39
	6
	7
	7
	42
	8
	36
	9
	24
	10
	35
	11
	41
	12
	9
	13
	10
	14
	49
	15
	5


	0
	16
	1
	9
	2
	32
	3
	18
	4
	18
	5
	37
	6
	13
	7
	10
	8
	46
	9
	44
	10
	38
	11
	48
	12
	17
	13
	14
	14
	35
	15
	47


	0
	45
	1
	42
	2
	36
	3
	41
	4
	43
	5
	14
	6
	34
	7
	20
	8
	49
	9
	33
	10
	47
	11
	28
	12
	42
	13
	11
	14
	35
	15
	9


	0
	13
	1
	9
	2
	33
	3
	25
	4
	41
	5
	42
	6
	31
	7
	45
	8
	20
	9
	18
	10
	9
	11
	10
	12
	37
	13
	13
	14
	5
	15
	39


	0
	9
	1
	23
	2
	25
	3
	45
	4
	43
	5
	30
	6
	38
	7
	19
	8
	48
	9
	45
	10
	17
	11
	6
	12
	46
	13
	31
	14
	22
	15
	36


	0
	48
	1
	20
	2
	38
	3
	15
	4
	6
	5
	48
	6
	22
	7
	14
	8
	19
	9
	16
	10
	17
	11
	40
	12
	27
	13
	6
	14
	11
	15
	18


	0
	39
	1
	20
	2
	30
	3
	11
	4
	34
	5
	39
	6
	31
	7
	38
	8
	36
	9
	35
	10
	11
	11
	38
	12
	39
	13
	39
	14
	27
	15
	48


	0
	9
	1
	40
	2
	21
	3
	30
	4
	26
	5
	19
	6
	28
	7
	24
	8
	48
	9
	24
	10
	31
	11
	40
	12
	36
	13
	19
	14
	6
	15
	16


	0
	10
	1
	21
	2
	26
	3
	32
	4
	38
	5
	25
	6
	27
	7
	5
	8
	14
	9
	14
	10
	39
	11
	11
	12
	11
	13
	8
	14
	32
	15
	34


	0
	47
	1
	29
	2
	48
	3
	6
	4
	31
	5
	13
	6
	48
	7
	13
	8
	37
	9
	28
	10
	14
	11
	45
	12
	38
	13
	19
	14
	17
	15
	8


	0
	39
	1
	27
	2
	10
	3
	17
	4
	9
	5
	46
	6
	39
	7
	29
	8
	12
	9
	25
	10
	15
	11
	24
	12
	27
	13
	45
	14
	24
	15
	20


	0
	32
	1
	9
	2
	8
	3
	47
	4
	26
	5
	10
	6
	9
	7
	26
	8
	31
	9
	43
	10
	45
	11
	32
	12
	32
	13
	11
	14
	44
	15
	25


	0
	12
	1
	10
	2
	14
	3
	31
	4
	49
	5
	32
	6
	14
	7
	47
	8
	49
	9
	21
	10
	44
	11
	11
	12
	27
	13
	40
	14
	37
	15
	43


	0
	49
	1
	13
	2
	24
	3
	19
	4
	39
	5
	38
	6
	31
	7
	18
	8
	24
	9
	42
	10
	19
	11
	7
	12
	18
	13
	49
	14
	33
	15
	17


	0
	32
	1
	40
	2
	19
	3
	18
	4
	9
	5
	22
	6
	40
	7
	40
	8
	36
	9
	13
	10
	31
	11
	10
	12
	10
	13
	24
	14
	25
	15
	29


	0
	29
	1
	7
	2
	32
	3
	45
	4
	18
	5
	18
	6
	16
	7
	17
	8
	32
	9
	11
	10
	38
	11
	28
	12
	42
	13
	5
	14
	44
	15
	23


	0
	12
	1
	14
	2
	40
	3
	28
	4
	28
	5
	35
	6
	39
	7
	38
	8
	17
	9
	23
	10
	13
	11
	43
	12
	17
	13
	11
	14
	21
	15
	42


	0
	46
	1
	15
	2
	31
	3
	18
	4
	7
	5
	47
	6
	14
	7
	42
	8
	44
	9
	17
	10
	14
	11
	30
	12
	9
	13
	48
	14
	16
	15
	23


	0
	10
	1
	41
	2
	27
	3
	6
	4
	36
	5
	12
	6
	46
	7
	41
	8
	17
	9
	48
	10
	44
	11
	23
	12
	34
	13
	16
	14
	22
	15
	36


	0
	5
	1
	40
	2
	17
	3
	6
	4
	25
	5
	30
	6
	39
	7
	5
	8
	33
	9
	43
	10
	27
	11
	29
	12
	19
	13
	12
	14
	29
	15
	30


	0
	32
	1
	25
	2
	17
	3
	35
	4
	26
	5
	41
	6
	24
	7
	24
	8
	24
	9
	35
	10
	25
	11
	19
	12
	28
	13
	29
	14
	47
	15
	39


	0
	30
	1
	10
	2
	25
	3
	40
	4
	7
	5
	18
	6
	36
	7
	42
	8
	7
	9
	7
	10
	28
	11
	48
	12
	9
	13
	42
	14
	43
	15
	12


	0
	20
	1
	8
	2
	41
	3
	45
	4
	42
	5
	34
	6
	30
	7
	43
	8
	36
	9
	49
	10
	7
	11
	40
	12
	49
	13
	22
	14
	15
	15
	17


	0
	24
	1
	20
	2
	18
	3
	35
	4
	25
	5
	47
	6
	47
	7
	47
	8
	30
	9
	32
	10
	16
	11
	40
	12
	7
	13
	20
	14
	23
	15
	47


	0
	33
	1
	24
	2
	6
	3
	40
	4
	41
	5
	25
	6
	28
	7
	18
	8
	49
	9
	15
	10
	10
	11
	33
	12
	6
	13
	24
	14
	47
	15
	41


	0
	40
	1
	18
	2
	9
	3
	12
	4
	9
	5
	11
	6
	14
	7
	40
	8
	28
	9
	7
	10
	47
	11
	32
	12
	21
	13
	45
	14
	41
	15
	24

