40
4
2

	0
	11
	1
	26
	2
	13
	3
	23


	0
	35
	1
	12
	2
	16
	3
	26


	0
	46
	1
	18
	2
	38
	3
	38


	0
	41
	1
	14
	2
	43
	3
	33


	0
	8
	1
	13
	2
	42
	3
	43


	0
	11
	1
	32
	2
	19
	3
	30


	0
	35
	1
	24
	2
	21
	3
	46


	0
	47
	1
	24
	2
	43
	3
	25


	0
	40
	1
	30
	2
	41
	3
	10


	0
	49
	1
	33
	2
	11
	3
	7


	0
	13
	1
	44
	2
	23
	3
	41


	0
	28
	1
	15
	2
	8
	3
	30


	0
	11
	1
	5
	2
	15
	3
	22


	0
	10
	1
	12
	2
	29
	3
	31


	0
	34
	1
	41
	2
	17
	3
	30


	0
	24
	1
	21
	2
	15
	3
	47


	0
	48
	1
	15
	2
	43
	3
	7


	0
	33
	1
	33
	2
	27
	3
	20


	0
	8
	1
	17
	2
	46
	3
	12


	0
	27
	1
	41
	2
	30
	3
	27


	0
	32
	1
	13
	2
	43
	3
	19


	0
	38
	1
	31
	2
	21
	3
	26


	0
	31
	1
	23
	2
	25
	3
	24


	0
	33
	1
	20
	2
	12
	3
	34


	0
	35
	1
	43
	2
	6
	3
	42


	0
	16
	1
	24
	2
	37
	3
	46


	0
	34
	1
	6
	2
	47
	3
	36


	0
	19
	1
	39
	2
	36
	3
	41


	0
	12
	1
	16
	2
	21
	3
	47


	0
	29
	1
	19
	2
	13
	3
	22


	0
	40
	1
	25
	2
	27
	3
	42


	0
	7
	1
	32
	2
	40
	3
	25


	0
	40
	1
	8
	2
	42
	3
	11


	0
	44
	1
	39
	2
	7
	3
	9


	0
	14
	1
	45
	2
	49
	3
	10


	0
	11
	1
	40
	2
	32
	3
	30


	0
	24
	1
	30
	2
	17
	3
	41


	0
	12
	1
	45
	2
	20
	3
	27


	0
	8
	1
	45
	2
	31
	3
	32


	0
	34
	1
	15
	2
	13
	3
	29

