40
8
5

	0
	45
	1
	31
	2
	14
	3
	46
	4
	39
	5
	34
	6
	14
	7
	21


	0
	32
	1
	6
	2
	27
	3
	49
	4
	37
	5
	13
	6
	14
	7
	24


	0
	19
	1
	39
	2
	11
	3
	36
	4
	12
	5
	17
	6
	35
	7
	37


	0
	30
	1
	26
	2
	14
	3
	44
	4
	11
	5
	43
	6
	7
	7
	49


	0
	16
	1
	12
	2
	40
	3
	8
	4
	42
	5
	36
	6
	11
	7
	23


	0
	12
	1
	47
	2
	16
	3
	46
	4
	35
	5
	6
	6
	12
	7
	34


	0
	40
	1
	38
	2
	22
	3
	44
	4
	17
	5
	29
	6
	41
	7
	19


	0
	29
	1
	34
	2
	21
	3
	20
	4
	21
	5
	11
	6
	25
	7
	26


	0
	42
	1
	7
	2
	42
	3
	12
	4
	48
	5
	35
	6
	46
	7
	35


	0
	49
	1
	34
	2
	14
	3
	7
	4
	7
	5
	47
	6
	6
	7
	29


	0
	44
	1
	22
	2
	21
	3
	33
	4
	11
	5
	18
	6
	30
	7
	42


	0
	48
	1
	26
	2
	23
	3
	24
	4
	44
	5
	33
	6
	16
	7
	19


	0
	48
	1
	23
	2
	9
	3
	38
	4
	9
	5
	32
	6
	36
	7
	28


	0
	38
	1
	29
	2
	46
	3
	16
	4
	30
	5
	35
	6
	44
	7
	33


	0
	33
	1
	42
	2
	47
	3
	15
	4
	37
	5
	26
	6
	14
	7
	47


	0
	9
	1
	46
	2
	20
	3
	18
	4
	21
	5
	20
	6
	45
	7
	23


	0
	9
	1
	43
	2
	5
	3
	28
	4
	47
	5
	33
	6
	47
	7
	17


	0
	24
	1
	27
	2
	10
	3
	24
	4
	7
	5
	49
	6
	16
	7
	24


	0
	14
	1
	30
	2
	30
	3
	21
	4
	36
	5
	6
	6
	35
	7
	15


	0
	48
	1
	11
	2
	10
	3
	17
	4
	30
	5
	29
	6
	11
	7
	45


	0
	35
	1
	15
	2
	10
	3
	27
	4
	12
	5
	15
	6
	32
	7
	45


	0
	16
	1
	23
	2
	43
	3
	35
	4
	22
	5
	16
	6
	36
	7
	8


	0
	26
	1
	24
	2
	8
	3
	31
	4
	11
	5
	45
	6
	43
	7
	15


	0
	21
	1
	39
	2
	5
	3
	37
	4
	20
	5
	36
	6
	15
	7
	7


	0
	14
	1
	45
	2
	18
	3
	31
	4
	35
	5
	39
	6
	27
	7
	11


	0
	32
	1
	35
	2
	10
	3
	12
	4
	29
	5
	17
	6
	6
	7
	35


	0
	9
	1
	16
	2
	36
	3
	21
	4
	16
	5
	16
	6
	34
	7
	17


	0
	44
	1
	10
	2
	39
	3
	14
	4
	19
	5
	24
	6
	21
	7
	18


	0
	17
	1
	35
	2
	15
	3
	31
	4
	26
	5
	39
	6
	41
	7
	31


	0
	46
	1
	36
	2
	31
	3
	37
	4
	22
	5
	18
	6
	41
	7
	40


	0
	18
	1
	14
	2
	48
	3
	25
	4
	42
	5
	21
	6
	10
	7
	49


	0
	42
	1
	12
	2
	12
	3
	9
	4
	23
	5
	9
	6
	47
	7
	43


	0
	49
	1
	30
	2
	25
	3
	42
	4
	26
	5
	36
	6
	14
	7
	37


	0
	26
	1
	23
	2
	39
	3
	18
	4
	32
	5
	31
	6
	49
	7
	47


	0
	20
	1
	42
	2
	13
	3
	47
	4
	17
	5
	38
	6
	23
	7
	8


	0
	14
	1
	9
	2
	14
	3
	22
	4
	49
	5
	16
	6
	48
	7
	31


	0
	27
	1
	46
	2
	25
	3
	29
	4
	42
	5
	25
	6
	20
	7
	14


	0
	7
	1
	35
	2
	47
	3
	43
	4
	35
	5
	38
	6
	30
	7
	26


	0
	41
	1
	47
	2
	28
	3
	13
	4
	16
	5
	12
	6
	32
	7
	48


	0
	38
	1
	23
	2
	13
	3
	41
	4
	27
	5
	10
	6
	25
	7
	46

