40
8
3

	0
	13
	1
	24
	2
	27
	3
	5
	4
	20
	5
	24
	6
	42
	7
	29


	0
	44
	1
	38
	2
	11
	3
	40
	4
	21
	5
	28
	6
	7
	7
	16


	0
	24
	1
	6
	2
	16
	3
	36
	4
	16
	5
	46
	6
	44
	7
	24


	0
	26
	1
	48
	2
	32
	3
	40
	4
	36
	5
	27
	6
	12
	7
	28


	0
	18
	1
	45
	2
	34
	3
	26
	4
	22
	5
	27
	6
	23
	7
	23


	0
	22
	1
	42
	2
	5
	3
	47
	4
	43
	5
	44
	6
	19
	7
	20


	0
	43
	1
	41
	2
	18
	3
	24
	4
	6
	5
	27
	6
	24
	7
	29


	0
	31
	1
	12
	2
	7
	3
	31
	4
	46
	5
	34
	6
	31
	7
	33


	0
	49
	1
	25
	2
	49
	3
	17
	4
	43
	5
	14
	6
	13
	7
	40


	0
	28
	1
	21
	2
	21
	3
	35
	4
	7
	5
	5
	6
	47
	7
	21


	0
	49
	1
	5
	2
	5
	3
	13
	4
	32
	5
	29
	6
	6
	7
	37


	0
	15
	1
	44
	2
	11
	3
	27
	4
	5
	5
	41
	6
	42
	7
	17


	0
	44
	1
	19
	2
	8
	3
	49
	4
	17
	5
	39
	6
	40
	7
	6


	0
	27
	1
	49
	2
	28
	3
	42
	4
	19
	5
	39
	6
	13
	7
	5


	0
	27
	1
	7
	2
	32
	3
	47
	4
	49
	5
	33
	6
	10
	7
	38


	0
	32
	1
	8
	2
	20
	3
	24
	4
	39
	5
	9
	6
	32
	7
	34


	0
	10
	1
	17
	2
	28
	3
	8
	4
	30
	5
	10
	6
	14
	7
	26


	0
	30
	1
	27
	2
	19
	3
	12
	4
	35
	5
	48
	6
	23
	7
	32


	0
	19
	1
	49
	2
	44
	3
	29
	4
	43
	5
	8
	6
	33
	7
	26


	0
	47
	1
	38
	2
	11
	3
	29
	4
	22
	5
	25
	6
	31
	7
	23


	0
	41
	1
	41
	2
	28
	3
	40
	4
	13
	5
	47
	6
	38
	7
	8


	0
	29
	1
	45
	2
	26
	3
	45
	4
	49
	5
	41
	6
	21
	7
	18


	0
	37
	1
	9
	2
	34
	3
	37
	4
	15
	5
	32
	6
	25
	7
	18


	0
	35
	1
	35
	2
	33
	3
	39
	4
	33
	5
	44
	6
	46
	7
	20


	0
	25
	1
	17
	2
	10
	3
	42
	4
	9
	5
	31
	6
	5
	7
	39


	0
	22
	1
	16
	2
	34
	3
	14
	4
	7
	5
	23
	6
	35
	7
	21


	0
	30
	1
	39
	2
	5
	3
	31
	4
	20
	5
	26
	6
	19
	7
	13


	0
	37
	1
	6
	2
	38
	3
	19
	4
	9
	5
	25
	6
	37
	7
	44


	0
	41
	1
	6
	2
	6
	3
	13
	4
	34
	5
	23
	6
	22
	7
	47


	0
	17
	1
	27
	2
	28
	3
	49
	4
	9
	5
	35
	6
	46
	7
	13


	0
	45
	1
	25
	2
	31
	3
	8
	4
	48
	5
	44
	6
	33
	7
	18


	0
	10
	1
	10
	2
	36
	3
	28
	4
	44
	5
	36
	6
	42
	7
	44


	0
	41
	1
	21
	2
	8
	3
	13
	4
	5
	5
	7
	6
	13
	7
	46


	0
	14
	1
	43
	2
	39
	3
	39
	4
	25
	5
	15
	6
	21
	7
	26


	0
	20
	1
	28
	2
	39
	3
	25
	4
	37
	5
	12
	6
	13
	7
	49


	0
	11
	1
	32
	2
	9
	3
	22
	4
	49
	5
	30
	6
	41
	7
	13


	0
	40
	1
	20
	2
	10
	3
	44
	4
	7
	5
	23
	6
	23
	7
	37


	0
	27
	1
	45
	2
	19
	3
	15
	4
	31
	5
	19
	6
	35
	7
	23


	0
	10
	1
	42
	2
	28
	3
	37
	4
	46
	5
	26
	6
	16
	7
	43


	0
	21
	1
	27
	2
	48
	3
	34
	4
	15
	5
	30
	6
	39
	7
	25

