40
4
4

	0
	36
	1
	25
	2
	12
	3
	49


	0
	19
	1
	24
	2
	29
	3
	33


	0
	34
	1
	23
	2
	45
	3
	38


	0
	30
	1
	48
	2
	26
	3
	21


	0
	49
	1
	47
	2
	22
	3
	37


	0
	19
	1
	11
	2
	32
	3
	14


	0
	11
	1
	22
	2
	49
	3
	13


	0
	26
	1
	46
	2
	6
	3
	38


	0
	13
	1
	49
	2
	5
	3
	9


	0
	7
	1
	23
	2
	14
	3
	24


	0
	32
	1
	34
	2
	49
	3
	19


	0
	39
	1
	33
	2
	18
	3
	18


	0
	12
	1
	6
	2
	49
	3
	34


	0
	12
	1
	32
	2
	27
	3
	44


	0
	34
	1
	27
	2
	20
	3
	47


	0
	42
	1
	22
	2
	40
	3
	48


	0
	18
	1
	21
	2
	43
	3
	23


	0
	41
	1
	25
	2
	49
	3
	22


	0
	31
	1
	28
	2
	20
	3
	46


	0
	5
	1
	12
	2
	33
	3
	18


	0
	11
	1
	49
	2
	46
	3
	33


	0
	48
	1
	45
	2
	13
	3
	13


	0
	26
	1
	17
	2
	38
	3
	20


	0
	13
	1
	26
	2
	37
	3
	6


	0
	48
	1
	33
	2
	26
	3
	30


	0
	21
	1
	40
	2
	13
	3
	6


	0
	16
	1
	46
	2
	31
	3
	31


	0
	34
	1
	24
	2
	49
	3
	11


	0
	35
	1
	29
	2
	48
	3
	41


	0
	17
	1
	40
	2
	43
	3
	24


	0
	29
	1
	45
	2
	38
	3
	22


	0
	39
	1
	38
	2
	25
	3
	11


	0
	49
	1
	33
	2
	27
	3
	17


	0
	44
	1
	24
	2
	7
	3
	32


	0
	27
	1
	47
	2
	18
	3
	48


	0
	41
	1
	38
	2
	22
	3
	15


	0
	28
	1
	37
	2
	22
	3
	39


	0
	40
	1
	10
	2
	45
	3
	8


	0
	45
	1
	13
	2
	42
	3
	8


	0
	34
	1
	5
	2
	31
	3
	5

