40
16
4

	0
	12
	1
	44
	2
	26
	3
	33
	4
	23
	5
	33
	6
	49
	7
	26
	8
	47
	9
	49
	10
	32
	11
	25
	12
	18
	13
	20
	14
	19
	15
	42


	0
	32
	1
	41
	2
	38
	3
	6
	4
	35
	5
	10
	6
	49
	7
	25
	8
	22
	9
	35
	10
	20
	11
	41
	12
	49
	13
	28
	14
	32
	15
	47


	0
	26
	1
	35
	2
	27
	3
	44
	4
	45
	5
	47
	6
	24
	7
	18
	8
	32
	9
	36
	10
	29
	11
	7
	12
	16
	13
	44
	14
	33
	15
	24


	0
	21
	1
	19
	2
	14
	3
	44
	4
	40
	5
	15
	6
	44
	7
	11
	8
	30
	9
	13
	10
	38
	11
	28
	12
	17
	13
	31
	14
	32
	15
	16


	0
	18
	1
	17
	2
	17
	3
	12
	4
	7
	5
	29
	6
	32
	7
	6
	8
	25
	9
	23
	10
	35
	11
	44
	12
	49
	13
	42
	14
	23
	15
	31


	0
	19
	1
	39
	2
	7
	3
	35
	4
	23
	5
	22
	6
	30
	7
	29
	8
	22
	9
	5
	10
	25
	11
	12
	12
	37
	13
	25
	14
	17
	15
	42


	0
	15
	1
	47
	2
	6
	3
	32
	4
	19
	5
	36
	6
	32
	7
	20
	8
	28
	9
	24
	10
	9
	11
	44
	12
	12
	13
	37
	14
	22
	15
	6


	0
	32
	1
	10
	2
	29
	3
	7
	4
	10
	5
	49
	6
	49
	7
	48
	8
	28
	9
	29
	10
	27
	11
	38
	12
	44
	13
	45
	14
	49
	15
	16


	0
	34
	1
	46
	2
	43
	3
	24
	4
	44
	5
	20
	6
	9
	7
	27
	8
	32
	9
	32
	10
	35
	11
	46
	12
	41
	13
	15
	14
	31
	15
	10


	0
	35
	1
	17
	2
	20
	3
	32
	4
	41
	5
	25
	6
	29
	7
	33
	8
	30
	9
	31
	10
	39
	11
	41
	12
	14
	13
	16
	14
	28
	15
	13


	0
	12
	1
	36
	2
	23
	3
	11
	4
	46
	5
	19
	6
	27
	7
	31
	8
	47
	9
	47
	10
	23
	11
	35
	12
	5
	13
	38
	14
	8
	15
	29


	0
	5
	1
	29
	2
	22
	3
	7
	4
	26
	5
	26
	6
	43
	7
	34
	8
	36
	9
	44
	10
	37
	11
	30
	12
	6
	13
	5
	14
	8
	15
	25


	0
	38
	1
	44
	2
	25
	3
	6
	4
	33
	5
	35
	6
	17
	7
	10
	8
	43
	9
	32
	10
	27
	11
	12
	12
	8
	13
	34
	14
	19
	15
	32


	0
	25
	1
	6
	2
	5
	3
	12
	4
	37
	5
	13
	6
	7
	7
	20
	8
	18
	9
	35
	10
	39
	11
	41
	12
	28
	13
	42
	14
	44
	15
	43


	0
	44
	1
	44
	2
	49
	3
	24
	4
	47
	5
	8
	6
	10
	7
	12
	8
	12
	9
	18
	10
	16
	11
	31
	12
	36
	13
	17
	14
	6
	15
	29


	0
	24
	1
	6
	2
	7
	3
	43
	4
	29
	5
	48
	6
	38
	7
	12
	8
	37
	9
	16
	10
	40
	11
	30
	12
	49
	13
	37
	14
	24
	15
	9


	0
	45
	1
	20
	2
	20
	3
	22
	4
	39
	5
	48
	6
	5
	7
	24
	8
	22
	9
	28
	10
	27
	11
	46
	12
	31
	13
	36
	14
	47
	15
	25


	0
	40
	1
	42
	2
	43
	3
	11
	4
	19
	5
	25
	6
	29
	7
	33
	8
	36
	9
	22
	10
	7
	11
	7
	12
	22
	13
	6
	14
	34
	15
	24


	0
	21
	1
	8
	2
	49
	3
	19
	4
	14
	5
	19
	6
	16
	7
	15
	8
	15
	9
	27
	10
	13
	11
	19
	12
	19
	13
	49
	14
	32
	15
	41


	0
	27
	1
	16
	2
	44
	3
	19
	4
	39
	5
	13
	6
	14
	7
	9
	8
	29
	9
	43
	10
	37
	11
	43
	12
	46
	13
	46
	14
	32
	15
	13


	0
	18
	1
	7
	2
	30
	3
	5
	4
	39
	5
	18
	6
	25
	7
	9
	8
	33
	9
	30
	10
	31
	11
	11
	12
	40
	13
	19
	14
	8
	15
	27


	0
	10
	1
	15
	2
	23
	3
	43
	4
	24
	5
	19
	6
	26
	7
	33
	8
	12
	9
	39
	10
	27
	11
	33
	12
	21
	13
	32
	14
	21
	15
	48


	0
	14
	1
	37
	2
	22
	3
	19
	4
	10
	5
	28
	6
	7
	7
	10
	8
	25
	9
	10
	10
	49
	11
	49
	12
	41
	13
	26
	14
	20
	15
	16


	0
	7
	1
	46
	2
	31
	3
	33
	4
	33
	5
	8
	6
	21
	7
	30
	8
	31
	9
	39
	10
	7
	11
	22
	12
	28
	13
	32
	14
	42
	15
	23


	0
	18
	1
	31
	2
	21
	3
	17
	4
	18
	5
	18
	6
	19
	7
	6
	8
	39
	9
	42
	10
	16
	11
	41
	12
	20
	13
	27
	14
	9
	15
	19


	0
	22
	1
	41
	2
	27
	3
	45
	4
	25
	5
	10
	6
	25
	7
	43
	8
	11
	9
	47
	10
	29
	11
	30
	12
	6
	13
	24
	14
	20
	15
	37


	0
	24
	1
	41
	2
	16
	3
	36
	4
	12
	5
	42
	6
	19
	7
	13
	8
	24
	9
	40
	10
	20
	11
	25
	12
	22
	13
	11
	14
	32
	15
	25


	0
	7
	1
	22
	2
	38
	3
	32
	4
	38
	5
	14
	6
	8
	7
	32
	8
	14
	9
	42
	10
	24
	11
	16
	12
	10
	13
	25
	14
	25
	15
	17


	0
	23
	1
	42
	2
	41
	3
	44
	4
	36
	5
	8
	6
	32
	7
	47
	8
	7
	9
	20
	10
	25
	11
	35
	12
	19
	13
	49
	14
	16
	15
	48


	0
	22
	1
	48
	2
	36
	3
	25
	4
	5
	5
	26
	6
	24
	7
	22
	8
	34
	9
	12
	10
	6
	11
	32
	12
	32
	13
	23
	14
	10
	15
	45


	0
	32
	1
	27
	2
	9
	3
	5
	4
	10
	5
	45
	6
	45
	7
	22
	8
	17
	9
	38
	10
	47
	11
	44
	12
	6
	13
	23
	14
	46
	15
	12


	0
	5
	1
	30
	2
	23
	3
	18
	4
	32
	5
	43
	6
	19
	7
	38
	8
	32
	9
	33
	10
	24
	11
	22
	12
	32
	13
	19
	14
	14
	15
	6


	0
	24
	1
	49
	2
	20
	3
	12
	4
	39
	5
	15
	6
	13
	7
	18
	8
	44
	9
	14
	10
	34
	11
	7
	12
	8
	13
	31
	14
	16
	15
	49


	0
	6
	1
	35
	2
	46
	3
	24
	4
	34
	5
	28
	6
	14
	7
	32
	8
	12
	9
	21
	10
	30
	11
	49
	12
	21
	13
	22
	14
	12
	15
	46


	0
	32
	1
	26
	2
	5
	3
	42
	4
	25
	5
	35
	6
	43
	7
	7
	8
	14
	9
	11
	10
	16
	11
	9
	12
	46
	13
	12
	14
	33
	15
	12


	0
	8
	1
	39
	2
	39
	3
	35
	4
	43
	5
	30
	6
	47
	7
	48
	8
	49
	9
	43
	10
	5
	11
	37
	12
	12
	13
	14
	14
	18
	15
	48


	0
	8
	1
	40
	2
	42
	3
	35
	4
	43
	5
	6
	6
	14
	7
	14
	8
	25
	9
	26
	10
	24
	11
	37
	12
	28
	13
	5
	14
	13
	15
	8


	0
	40
	1
	16
	2
	24
	3
	6
	4
	43
	5
	27
	6
	8
	7
	31
	8
	8
	9
	39
	10
	5
	11
	24
	12
	48
	13
	19
	14
	36
	15
	34


	0
	20
	1
	33
	2
	47
	3
	30
	4
	30
	5
	5
	6
	8
	7
	28
	8
	29
	9
	16
	10
	10
	11
	16
	12
	36
	13
	28
	14
	9
	15
	13


	0
	38
	1
	47
	2
	45
	3
	47
	4
	11
	5
	25
	6
	45
	7
	33
	8
	47
	9
	47
	10
	31
	11
	14
	12
	33
	13
	40
	14
	11
	15
	41

