40
16
5

	0
	31
	1
	22
	2
	16
	3
	16
	4
	10
	5
	41
	6
	46
	7
	46
	8
	8
	9
	27
	10
	27
	11
	40
	12
	32
	13
	23
	14
	5
	15
	25


	0
	13
	1
	46
	2
	44
	3
	21
	4
	29
	5
	24
	6
	23
	7
	26
	8
	8
	9
	49
	10
	18
	11
	28
	12
	12
	13
	48
	14
	34
	15
	36


	0
	12
	1
	24
	2
	22
	3
	16
	4
	41
	5
	30
	6
	41
	7
	37
	8
	27
	9
	13
	10
	23
	11
	21
	12
	48
	13
	9
	14
	42
	15
	46


	0
	27
	1
	42
	2
	35
	3
	31
	4
	21
	5
	11
	6
	21
	7
	22
	8
	9
	9
	22
	10
	39
	11
	26
	12
	23
	13
	8
	14
	30
	15
	43


	0
	23
	1
	18
	2
	8
	3
	42
	4
	46
	5
	19
	6
	6
	7
	29
	8
	37
	9
	16
	10
	7
	11
	29
	12
	15
	13
	20
	14
	15
	15
	20


	0
	6
	1
	40
	2
	37
	3
	6
	4
	42
	5
	39
	6
	31
	7
	24
	8
	14
	9
	39
	10
	46
	11
	27
	12
	41
	13
	21
	14
	10
	15
	41


	0
	42
	1
	16
	2
	41
	3
	10
	4
	11
	5
	31
	6
	39
	7
	19
	8
	33
	9
	16
	10
	12
	11
	22
	12
	23
	13
	42
	14
	6
	15
	7


	0
	47
	1
	39
	2
	16
	3
	39
	4
	42
	5
	20
	6
	16
	7
	31
	8
	11
	9
	23
	10
	32
	11
	23
	12
	12
	13
	19
	14
	45
	15
	35


	0
	25
	1
	33
	2
	19
	3
	7
	4
	11
	5
	14
	6
	28
	7
	48
	8
	7
	9
	6
	10
	6
	11
	14
	12
	9
	13
	28
	14
	9
	15
	47


	0
	30
	1
	32
	2
	9
	3
	35
	4
	36
	5
	45
	6
	40
	7
	12
	8
	27
	9
	48
	10
	49
	11
	34
	12
	5
	13
	36
	14
	31
	15
	21


	0
	19
	1
	47
	2
	29
	3
	14
	4
	20
	5
	40
	6
	38
	7
	42
	8
	9
	9
	27
	10
	13
	11
	6
	12
	34
	13
	17
	14
	28
	15
	37


	0
	25
	1
	25
	2
	47
	3
	8
	4
	16
	5
	34
	6
	26
	7
	9
	8
	21
	9
	29
	10
	20
	11
	19
	12
	34
	13
	33
	14
	30
	15
	7


	0
	15
	1
	25
	2
	8
	3
	7
	4
	10
	5
	28
	6
	48
	7
	16
	8
	13
	9
	42
	10
	6
	11
	16
	12
	17
	13
	44
	14
	43
	15
	45


	0
	26
	1
	40
	2
	7
	3
	41
	4
	5
	5
	17
	6
	29
	7
	47
	8
	10
	9
	48
	10
	11
	11
	30
	12
	5
	13
	44
	14
	32
	15
	38


	0
	30
	1
	5
	2
	47
	3
	42
	4
	10
	5
	16
	6
	47
	7
	22
	8
	8
	9
	33
	10
	8
	11
	17
	12
	42
	13
	20
	14
	40
	15
	32


	0
	45
	1
	25
	2
	41
	3
	16
	4
	12
	5
	20
	6
	47
	7
	23
	8
	14
	9
	43
	10
	28
	11
	11
	12
	39
	13
	32
	14
	39
	15
	36


	0
	37
	1
	48
	2
	21
	3
	32
	4
	18
	5
	9
	6
	34
	7
	39
	8
	32
	9
	40
	10
	6
	11
	17
	12
	39
	13
	5
	14
	6
	15
	48


	0
	42
	1
	17
	2
	45
	3
	44
	4
	47
	5
	6
	6
	14
	7
	11
	8
	30
	9
	37
	10
	14
	11
	33
	12
	29
	13
	46
	14
	26
	15
	36


	0
	32
	1
	19
	2
	6
	3
	42
	4
	42
	5
	18
	6
	18
	7
	48
	8
	11
	9
	13
	10
	30
	11
	11
	12
	42
	13
	31
	14
	8
	15
	28


	0
	45
	1
	24
	2
	6
	3
	32
	4
	10
	5
	32
	6
	30
	7
	31
	8
	49
	9
	28
	10
	41
	11
	49
	12
	32
	13
	20
	14
	15
	15
	32


	0
	41
	1
	8
	2
	26
	3
	5
	4
	23
	5
	5
	6
	13
	7
	29
	8
	33
	9
	8
	10
	18
	11
	23
	12
	34
	13
	44
	14
	8
	15
	49


	0
	9
	1
	25
	2
	36
	3
	21
	4
	19
	5
	31
	6
	20
	7
	5
	8
	41
	9
	17
	10
	36
	11
	31
	12
	49
	13
	32
	14
	39
	15
	17


	0
	5
	1
	23
	2
	13
	3
	29
	4
	22
	5
	31
	6
	27
	7
	16
	8
	14
	9
	43
	10
	23
	11
	31
	12
	31
	13
	10
	14
	6
	15
	12


	0
	26
	1
	49
	2
	44
	3
	35
	4
	43
	5
	46
	6
	17
	7
	46
	8
	47
	9
	33
	10
	46
	11
	41
	12
	18
	13
	31
	14
	13
	15
	13


	0
	11
	1
	5
	2
	41
	3
	5
	4
	43
	5
	37
	6
	42
	7
	46
	8
	31
	9
	32
	10
	35
	11
	33
	12
	11
	13
	25
	14
	28
	15
	29


	0
	13
	1
	46
	2
	38
	3
	44
	4
	37
	5
	26
	6
	11
	7
	29
	8
	29
	9
	47
	10
	20
	11
	25
	12
	17
	13
	38
	14
	46
	15
	46


	0
	24
	1
	46
	2
	18
	3
	15
	4
	46
	5
	17
	6
	33
	7
	16
	8
	8
	9
	48
	10
	13
	11
	34
	12
	27
	13
	33
	14
	44
	15
	21


	0
	15
	1
	31
	2
	29
	3
	46
	4
	39
	5
	35
	6
	10
	7
	33
	8
	16
	9
	22
	10
	27
	11
	35
	12
	48
	13
	17
	14
	12
	15
	22


	0
	31
	1
	42
	2
	9
	3
	46
	4
	22
	5
	25
	6
	20
	7
	11
	8
	30
	9
	34
	10
	7
	11
	7
	12
	47
	13
	27
	14
	26
	15
	19


	0
	10
	1
	22
	2
	45
	3
	38
	4
	30
	5
	45
	6
	19
	7
	13
	8
	39
	9
	40
	10
	44
	11
	21
	12
	17
	13
	10
	14
	11
	15
	26


	0
	5
	1
	24
	2
	34
	3
	41
	4
	22
	5
	33
	6
	37
	7
	9
	8
	27
	9
	31
	10
	27
	11
	10
	12
	13
	13
	17
	14
	17
	15
	33


	0
	14
	1
	49
	2
	9
	3
	38
	4
	22
	5
	11
	6
	37
	7
	15
	8
	18
	9
	35
	10
	18
	11
	15
	12
	19
	13
	13
	14
	22
	15
	41


	0
	47
	1
	46
	2
	45
	3
	49
	4
	16
	5
	28
	6
	26
	7
	29
	8
	10
	9
	8
	10
	32
	11
	17
	12
	15
	13
	48
	14
	33
	15
	23


	0
	24
	1
	18
	2
	42
	3
	23
	4
	17
	5
	15
	6
	7
	7
	48
	8
	10
	9
	38
	10
	44
	11
	10
	12
	24
	13
	39
	14
	45
	15
	37


	0
	22
	1
	21
	2
	29
	3
	19
	4
	45
	5
	14
	6
	21
	7
	10
	8
	7
	9
	45
	10
	16
	11
	15
	12
	14
	13
	29
	14
	18
	15
	47


	0
	43
	1
	43
	2
	37
	3
	39
	4
	9
	5
	36
	6
	17
	7
	21
	8
	25
	9
	43
	10
	46
	11
	44
	12
	37
	13
	15
	14
	28
	15
	17


	0
	46
	1
	42
	2
	11
	3
	14
	4
	13
	5
	36
	6
	29
	7
	14
	8
	26
	9
	26
	10
	24
	11
	40
	12
	9
	13
	25
	14
	24
	15
	10


	0
	10
	1
	29
	2
	16
	3
	29
	4
	35
	5
	45
	6
	45
	7
	17
	8
	26
	9
	6
	10
	7
	11
	36
	12
	23
	13
	22
	14
	38
	15
	20


	0
	19
	1
	27
	2
	46
	3
	36
	4
	22
	5
	24
	6
	38
	7
	34
	8
	7
	9
	46
	10
	44
	11
	46
	12
	12
	13
	22
	14
	39
	15
	5


	0
	20
	1
	32
	2
	35
	3
	21
	4
	41
	5
	41
	6
	30
	7
	46
	8
	48
	9
	42
	10
	11
	11
	23
	12
	6
	13
	12
	14
	44
	15
	26

