40
8
3

	0
	29
	1
	41
	2
	43
	3
	34
	4
	28
	5
	24
	6
	42
	7
	7


	0
	26
	1
	27
	2
	9
	3
	27
	4
	32
	5
	29
	6
	30
	7
	46


	0
	6
	1
	42
	2
	6
	3
	38
	4
	25
	5
	49
	6
	29
	7
	28


	0
	18
	1
	46
	2
	16
	3
	31
	4
	22
	5
	6
	6
	31
	7
	12


	0
	44
	1
	33
	2
	11
	3
	21
	4
	36
	5
	44
	6
	43
	7
	15


	0
	29
	1
	17
	2
	19
	3
	39
	4
	40
	5
	26
	6
	39
	7
	17


	0
	9
	1
	43
	2
	9
	3
	49
	4
	42
	5
	22
	6
	7
	7
	44


	0
	7
	1
	10
	2
	21
	3
	36
	4
	44
	5
	34
	6
	23
	7
	21


	0
	16
	1
	13
	2
	49
	3
	38
	4
	41
	5
	35
	6
	34
	7
	37


	0
	9
	1
	10
	2
	21
	3
	6
	4
	9
	5
	9
	6
	17
	7
	31


	0
	25
	1
	6
	2
	26
	3
	36
	4
	15
	5
	42
	6
	12
	7
	27


	0
	43
	1
	25
	2
	27
	3
	24
	4
	24
	5
	14
	6
	35
	7
	27


	0
	46
	1
	9
	2
	36
	3
	9
	4
	25
	5
	28
	6
	43
	7
	33


	0
	21
	1
	20
	2
	35
	3
	37
	4
	25
	5
	26
	6
	43
	7
	9


	0
	39
	1
	9
	2
	15
	3
	39
	4
	44
	5
	37
	6
	44
	7
	33


	0
	13
	1
	43
	2
	42
	3
	41
	4
	14
	5
	18
	6
	39
	7
	19


	0
	16
	1
	24
	2
	17
	3
	9
	4
	42
	5
	22
	6
	26
	7
	40


	0
	40
	1
	39
	2
	10
	3
	15
	4
	17
	5
	46
	6
	20
	7
	36


	0
	9
	1
	5
	2
	17
	3
	13
	4
	6
	5
	34
	6
	28
	7
	39


	0
	42
	1
	37
	2
	11
	3
	48
	4
	24
	5
	24
	6
	33
	7
	40


	0
	22
	1
	27
	2
	26
	3
	26
	4
	38
	5
	6
	6
	44
	7
	29


	0
	47
	1
	17
	2
	12
	3
	7
	4
	6
	5
	14
	6
	49
	7
	5


	0
	5
	1
	8
	2
	18
	3
	14
	4
	25
	5
	19
	6
	37
	7
	22


	0
	48
	1
	48
	2
	5
	3
	20
	4
	32
	5
	46
	6
	17
	7
	16


	0
	30
	1
	8
	2
	41
	3
	43
	4
	46
	5
	47
	6
	23
	7
	11


	0
	41
	1
	28
	2
	29
	3
	6
	4
	43
	5
	38
	6
	16
	7
	28


	0
	17
	1
	36
	2
	34
	3
	35
	4
	25
	5
	42
	6
	26
	7
	31


	0
	32
	1
	29
	2
	43
	3
	8
	4
	30
	5
	40
	6
	49
	7
	28


	0
	44
	1
	31
	2
	33
	3
	15
	4
	38
	5
	43
	6
	47
	7
	45


	0
	22
	1
	27
	2
	22
	3
	29
	4
	40
	5
	23
	6
	34
	7
	36


	0
	20
	1
	29
	2
	20
	3
	8
	4
	38
	5
	9
	6
	37
	7
	26


	0
	34
	1
	15
	2
	30
	3
	34
	4
	48
	5
	27
	6
	22
	7
	10


	0
	7
	1
	27
	2
	40
	3
	32
	4
	28
	5
	27
	6
	14
	7
	19


	0
	21
	1
	24
	2
	36
	3
	30
	4
	13
	5
	39
	6
	20
	7
	14


	0
	15
	1
	20
	2
	30
	3
	33
	4
	46
	5
	22
	6
	46
	7
	28


	0
	26
	1
	17
	2
	7
	3
	34
	4
	30
	5
	39
	6
	6
	7
	26


	0
	13
	1
	41
	2
	16
	3
	39
	4
	12
	5
	28
	6
	39
	7
	9


	0
	9
	1
	5
	2
	8
	3
	8
	4
	41
	5
	49
	6
	25
	7
	48


	0
	38
	1
	41
	2
	31
	3
	32
	4
	18
	5
	40
	6
	31
	7
	8


	0
	22
	1
	49
	2
	5
	3
	18
	4
	25
	5
	38
	6
	15
	7
	37

