40
8
4

	0
	37
	1
	26
	2
	43
	3
	13
	4
	40
	5
	6
	6
	16
	7
	21


	0
	33
	1
	36
	2
	34
	3
	11
	4
	37
	5
	20
	6
	10
	7
	14


	0
	7
	1
	41
	2
	13
	3
	27
	4
	27
	5
	36
	6
	24
	7
	45


	0
	25
	1
	20
	2
	35
	3
	18
	4
	15
	5
	20
	6
	7
	7
	7


	0
	32
	1
	11
	2
	20
	3
	29
	4
	26
	5
	13
	6
	48
	7
	42


	0
	17
	1
	7
	2
	37
	3
	30
	4
	14
	5
	34
	6
	11
	7
	15


	0
	37
	1
	20
	2
	29
	3
	22
	4
	10
	5
	7
	6
	26
	7
	35


	0
	46
	1
	16
	2
	31
	3
	14
	4
	28
	5
	8
	6
	31
	7
	28


	0
	19
	1
	36
	2
	42
	3
	31
	4
	12
	5
	17
	6
	34
	7
	47


	0
	23
	1
	27
	2
	10
	3
	48
	4
	26
	5
	40
	6
	39
	7
	12


	0
	24
	1
	31
	2
	5
	3
	18
	4
	48
	5
	41
	6
	14
	7
	34


	0
	27
	1
	29
	2
	22
	3
	6
	4
	6
	5
	19
	6
	8
	7
	31


	0
	31
	1
	38
	2
	7
	3
	26
	4
	10
	5
	32
	6
	37
	7
	47


	0
	31
	1
	5
	2
	12
	3
	30
	4
	22
	5
	46
	6
	35
	7
	26


	0
	17
	1
	34
	2
	11
	3
	8
	4
	22
	5
	33
	6
	20
	7
	21


	0
	49
	1
	21
	2
	11
	3
	41
	4
	40
	5
	45
	6
	27
	7
	48


	0
	19
	1
	14
	2
	32
	3
	9
	4
	23
	5
	38
	6
	21
	7
	28


	0
	39
	1
	33
	2
	27
	3
	33
	4
	18
	5
	27
	6
	43
	7
	5


	0
	25
	1
	42
	2
	38
	3
	49
	4
	39
	5
	36
	6
	28
	7
	37


	0
	36
	1
	48
	2
	47
	3
	36
	4
	6
	5
	21
	6
	7
	7
	37


	0
	40
	1
	32
	2
	29
	3
	20
	4
	19
	5
	46
	6
	27
	7
	15


	0
	23
	1
	15
	2
	16
	3
	6
	4
	40
	5
	49
	6
	24
	7
	35


	0
	47
	1
	47
	2
	25
	3
	47
	4
	25
	5
	21
	6
	18
	7
	33


	0
	19
	1
	18
	2
	10
	3
	12
	4
	19
	5
	42
	6
	23
	7
	12


	0
	21
	1
	30
	2
	19
	3
	29
	4
	12
	5
	6
	6
	12
	7
	13


	0
	25
	1
	19
	2
	28
	3
	17
	4
	47
	5
	13
	6
	34
	7
	31


	0
	10
	1
	9
	2
	30
	3
	39
	4
	22
	5
	40
	6
	33
	7
	49


	0
	30
	1
	26
	2
	6
	3
	6
	4
	24
	5
	21
	6
	29
	7
	11


	0
	42
	1
	36
	2
	14
	3
	42
	4
	33
	5
	40
	6
	21
	7
	35


	0
	42
	1
	10
	2
	30
	3
	40
	4
	36
	5
	24
	6
	35
	7
	21


	0
	29
	1
	17
	2
	22
	3
	12
	4
	33
	5
	14
	6
	20
	7
	10


	0
	28
	1
	48
	2
	44
	3
	19
	4
	12
	5
	33
	6
	9
	7
	7


	0
	18
	1
	12
	2
	47
	3
	11
	4
	38
	5
	24
	6
	48
	7
	16


	0
	28
	1
	42
	2
	27
	3
	44
	4
	37
	5
	43
	6
	7
	7
	32


	0
	21
	1
	48
	2
	34
	3
	22
	4
	28
	5
	24
	6
	22
	7
	49


	0
	16
	1
	14
	2
	25
	3
	15
	4
	12
	5
	14
	6
	35
	7
	26


	0
	38
	1
	18
	2
	44
	3
	14
	4
	37
	5
	13
	6
	15
	7
	41


	0
	26
	1
	42
	2
	6
	3
	7
	4
	20
	5
	18
	6
	7
	7
	21


	0
	9
	1
	5
	2
	48
	3
	23
	4
	36
	5
	43
	6
	36
	7
	36


	0
	30
	1
	30
	2
	15
	3
	9
	4
	34
	5
	15
	6
	37
	7
	16

