40
4
2

	0
	34
	1
	23
	2
	21
	3
	49


	0
	32
	1
	32
	2
	43
	3
	39


	0
	6
	1
	35
	2
	6
	3
	15


	0
	9
	1
	20
	2
	15
	3
	32


	0
	19
	1
	6
	2
	37
	3
	41


	0
	47
	1
	24
	2
	25
	3
	24


	0
	36
	1
	44
	2
	46
	3
	33


	0
	37
	1
	37
	2
	33
	3
	19


	0
	20
	1
	26
	2
	7
	3
	31


	0
	22
	1
	32
	2
	41
	3
	5


	0
	6
	1
	6
	2
	15
	3
	6


	0
	14
	1
	41
	2
	16
	3
	30


	0
	42
	1
	47
	2
	39
	3
	32


	0
	39
	1
	34
	2
	24
	3
	31


	0
	20
	1
	6
	2
	17
	3
	12


	0
	11
	1
	10
	2
	45
	3
	13


	0
	18
	1
	14
	2
	8
	3
	43


	0
	35
	1
	6
	2
	33
	3
	46


	0
	14
	1
	44
	2
	44
	3
	5


	0
	42
	1
	28
	2
	28
	3
	7


	0
	18
	1
	36
	2
	25
	3
	27


	0
	42
	1
	13
	2
	9
	3
	24


	0
	7
	1
	43
	2
	13
	3
	18


	0
	12
	1
	29
	2
	13
	3
	33


	0
	8
	1
	38
	2
	12
	3
	12


	0
	28
	1
	13
	2
	38
	3
	22


	0
	47
	1
	9
	2
	40
	3
	5


	0
	15
	1
	11
	2
	25
	3
	17


	0
	22
	1
	8
	2
	26
	3
	40


	0
	8
	1
	29
	2
	37
	3
	41


	0
	22
	1
	16
	2
	44
	3
	17


	0
	46
	1
	25
	2
	43
	3
	42


	0
	43
	1
	42
	2
	42
	3
	48


	0
	25
	1
	5
	2
	16
	3
	18


	0
	25
	1
	49
	2
	20
	3
	7


	0
	39
	1
	23
	2
	20
	3
	21


	0
	37
	1
	43
	2
	21
	3
	8


	0
	5
	1
	42
	2
	8
	3
	9


	0
	47
	1
	14
	2
	10
	3
	15


	0
	23
	1
	7
	2
	42
	3
	20

