40
4
2

	0
	27
	1
	30
	2
	5
	3
	12


	0
	30
	1
	12
	2
	35
	3
	13


	0
	6
	1
	28
	2
	24
	3
	40


	0
	28
	1
	11
	2
	16
	3
	32


	0
	21
	1
	12
	2
	12
	3
	18


	0
	9
	1
	9
	2
	33
	3
	23


	0
	34
	1
	35
	2
	46
	3
	42


	0
	11
	1
	12
	2
	22
	3
	30


	0
	34
	1
	26
	2
	29
	3
	10


	0
	22
	1
	43
	2
	20
	3
	26


	0
	16
	1
	17
	2
	42
	3
	34


	0
	46
	1
	6
	2
	20
	3
	27


	0
	37
	1
	41
	2
	28
	3
	33


	0
	47
	1
	17
	2
	28
	3
	27


	0
	35
	1
	25
	2
	35
	3
	7


	0
	9
	1
	26
	2
	31
	3
	49


	0
	41
	1
	38
	2
	35
	3
	20


	0
	8
	1
	27
	2
	19
	3
	38


	0
	23
	1
	6
	2
	21
	3
	29


	0
	16
	1
	14
	2
	31
	3
	48


	0
	8
	1
	33
	2
	36
	3
	39


	0
	5
	1
	10
	2
	20
	3
	43


	0
	23
	1
	8
	2
	24
	3
	45


	0
	45
	1
	12
	2
	29
	3
	36


	0
	37
	1
	35
	2
	5
	3
	34


	0
	9
	1
	42
	2
	43
	3
	47


	0
	27
	1
	48
	2
	30
	3
	22


	0
	41
	1
	23
	2
	6
	3
	21


	0
	45
	1
	26
	2
	46
	3
	43


	0
	43
	1
	18
	2
	45
	3
	48


	0
	34
	1
	49
	2
	17
	3
	26


	0
	9
	1
	44
	2
	10
	3
	11


	0
	13
	1
	39
	2
	23
	3
	11


	0
	15
	1
	11
	2
	31
	3
	42


	0
	10
	1
	48
	2
	17
	3
	28


	0
	39
	1
	24
	2
	30
	3
	40


	0
	15
	1
	20
	2
	15
	3
	29


	0
	12
	1
	45
	2
	5
	3
	5


	0
	12
	1
	36
	2
	48
	3
	13


	0
	26
	1
	7
	2
	39
	3
	38

