40
8
3

	0
	15
	1
	6
	2
	14
	3
	26
	4
	5
	5
	36
	6
	25
	7
	24


	0
	18
	1
	47
	2
	12
	3
	25
	4
	38
	5
	30
	6
	29
	7
	10


	0
	19
	1
	27
	2
	42
	3
	41
	4
	40
	5
	6
	6
	49
	7
	18


	0
	24
	1
	7
	2
	14
	3
	16
	4
	38
	5
	30
	6
	21
	7
	12


	0
	16
	1
	7
	2
	32
	3
	7
	4
	32
	5
	40
	6
	49
	7
	41


	0
	49
	1
	48
	2
	39
	3
	5
	4
	40
	5
	49
	6
	28
	7
	19


	0
	48
	1
	42
	2
	34
	3
	20
	4
	34
	5
	30
	6
	46
	7
	11


	0
	36
	1
	44
	2
	22
	3
	22
	4
	38
	5
	49
	6
	13
	7
	38


	0
	44
	1
	17
	2
	18
	3
	35
	4
	7
	5
	33
	6
	35
	7
	29


	0
	29
	1
	20
	2
	27
	3
	16
	4
	10
	5
	32
	6
	29
	7
	36


	0
	46
	1
	46
	2
	29
	3
	6
	4
	36
	5
	11
	6
	11
	7
	33


	0
	21
	1
	5
	2
	11
	3
	7
	4
	36
	5
	10
	6
	27
	7
	34


	0
	41
	1
	40
	2
	33
	3
	6
	4
	16
	5
	19
	6
	40
	7
	7


	0
	15
	1
	22
	2
	44
	3
	45
	4
	31
	5
	23
	6
	21
	7
	37


	0
	40
	1
	18
	2
	44
	3
	15
	4
	29
	5
	22
	6
	48
	7
	22


	0
	23
	1
	24
	2
	45
	3
	25
	4
	48
	5
	20
	6
	19
	7
	43


	0
	41
	1
	15
	2
	28
	3
	25
	4
	45
	5
	8
	6
	25
	7
	38


	0
	16
	1
	14
	2
	32
	3
	30
	4
	49
	5
	34
	6
	40
	7
	39


	0
	22
	1
	14
	2
	30
	3
	35
	4
	43
	5
	21
	6
	22
	7
	14


	0
	8
	1
	13
	2
	9
	3
	24
	4
	22
	5
	25
	6
	11
	7
	13


	0
	31
	1
	15
	2
	13
	3
	16
	4
	24
	5
	19
	6
	39
	7
	33


	0
	30
	1
	17
	2
	36
	3
	47
	4
	15
	5
	14
	6
	8
	7
	21


	0
	48
	1
	37
	2
	18
	3
	33
	4
	40
	5
	22
	6
	20
	7
	20


	0
	18
	1
	34
	2
	35
	3
	49
	4
	6
	5
	22
	6
	33
	7
	22


	0
	11
	1
	18
	2
	17
	3
	21
	4
	47
	5
	22
	6
	35
	7
	13


	0
	40
	1
	36
	2
	20
	3
	45
	4
	5
	5
	36
	6
	42
	7
	14


	0
	39
	1
	13
	2
	8
	3
	40
	4
	39
	5
	6
	6
	27
	7
	13


	0
	16
	1
	21
	2
	36
	3
	30
	4
	47
	5
	33
	6
	11
	7
	38


	0
	24
	1
	22
	2
	49
	3
	28
	4
	33
	5
	39
	6
	21
	7
	22


	0
	23
	1
	47
	2
	49
	3
	13
	4
	39
	5
	16
	6
	23
	7
	16


	0
	24
	1
	14
	2
	39
	3
	6
	4
	20
	5
	48
	6
	17
	7
	23


	0
	26
	1
	30
	2
	21
	3
	15
	4
	37
	5
	7
	6
	14
	7
	13


	0
	17
	1
	21
	2
	34
	3
	46
	4
	47
	5
	10
	6
	9
	7
	18


	0
	23
	1
	33
	2
	18
	3
	42
	4
	32
	5
	16
	6
	45
	7
	38


	0
	38
	1
	13
	2
	34
	3
	8
	4
	10
	5
	23
	6
	32
	7
	42


	0
	45
	1
	48
	2
	24
	3
	15
	4
	20
	5
	14
	6
	43
	7
	41


	0
	15
	1
	33
	2
	38
	3
	5
	4
	33
	5
	9
	6
	8
	7
	40


	0
	44
	1
	9
	2
	12
	3
	48
	4
	20
	5
	20
	6
	27
	7
	45


	0
	44
	1
	36
	2
	36
	3
	31
	4
	29
	5
	30
	6
	30
	7
	46


	0
	15
	1
	17
	2
	37
	3
	13
	4
	17
	5
	18
	6
	36
	7
	48

