40
16
5

	0
	28
	1
	49
	2
	36
	3
	40
	4
	32
	5
	47
	6
	22
	7
	49
	8
	13
	9
	23
	10
	33
	11
	34
	12
	27
	13
	35
	14
	39
	15
	10


	0
	38
	1
	21
	2
	20
	3
	34
	4
	20
	5
	9
	6
	34
	7
	27
	8
	26
	9
	28
	10
	33
	11
	11
	12
	36
	13
	6
	14
	12
	15
	45


	0
	26
	1
	16
	2
	19
	3
	41
	4
	47
	5
	44
	6
	26
	7
	48
	8
	36
	9
	43
	10
	15
	11
	14
	12
	47
	13
	13
	14
	44
	15
	41


	0
	48
	1
	22
	2
	5
	3
	30
	4
	29
	5
	9
	6
	7
	7
	10
	8
	31
	9
	35
	10
	41
	11
	46
	12
	22
	13
	8
	14
	14
	15
	31


	0
	9
	1
	18
	2
	42
	3
	5
	4
	29
	5
	5
	6
	29
	7
	44
	8
	20
	9
	14
	10
	43
	11
	48
	12
	16
	13
	45
	14
	17
	15
	34


	0
	30
	1
	44
	2
	36
	3
	13
	4
	24
	5
	31
	6
	5
	7
	40
	8
	30
	9
	26
	10
	25
	11
	16
	12
	32
	13
	9
	14
	10
	15
	11


	0
	40
	1
	17
	2
	19
	3
	39
	4
	29
	5
	45
	6
	37
	7
	36
	8
	48
	9
	22
	10
	14
	11
	46
	12
	14
	13
	45
	14
	10
	15
	48


	0
	24
	1
	43
	2
	19
	3
	9
	4
	9
	5
	30
	6
	21
	7
	15
	8
	14
	9
	21
	10
	29
	11
	43
	12
	11
	13
	46
	14
	40
	15
	42


	0
	40
	1
	46
	2
	35
	3
	7
	4
	17
	5
	45
	6
	45
	7
	7
	8
	15
	9
	34
	10
	37
	11
	32
	12
	40
	13
	37
	14
	15
	15
	31


	0
	19
	1
	7
	2
	49
	3
	34
	4
	42
	5
	9
	6
	6
	7
	34
	8
	49
	9
	47
	10
	8
	11
	14
	12
	32
	13
	37
	14
	43
	15
	20


	0
	17
	1
	10
	2
	41
	3
	22
	4
	25
	5
	17
	6
	9
	7
	36
	8
	30
	9
	32
	10
	39
	11
	25
	12
	47
	13
	46
	14
	37
	15
	16


	0
	47
	1
	42
	2
	8
	3
	6
	4
	16
	5
	25
	6
	45
	7
	36
	8
	10
	9
	12
	10
	26
	11
	44
	12
	13
	13
	6
	14
	29
	15
	21


	0
	26
	1
	31
	2
	17
	3
	9
	4
	13
	5
	43
	6
	8
	7
	45
	8
	12
	9
	8
	10
	6
	11
	29
	12
	13
	13
	6
	14
	45
	15
	23


	0
	18
	1
	32
	2
	9
	3
	40
	4
	5
	5
	15
	6
	30
	7
	11
	8
	40
	9
	48
	10
	5
	11
	28
	12
	45
	13
	34
	14
	47
	15
	5


	0
	20
	1
	14
	2
	10
	3
	35
	4
	35
	5
	23
	6
	26
	7
	26
	8
	42
	9
	49
	10
	29
	11
	38
	12
	8
	13
	34
	14
	35
	15
	31


	0
	27
	1
	17
	2
	18
	3
	37
	4
	19
	5
	15
	6
	23
	7
	25
	8
	38
	9
	5
	10
	48
	11
	11
	12
	25
	13
	28
	14
	45
	15
	47


	0
	49
	1
	15
	2
	36
	3
	44
	4
	6
	5
	12
	6
	11
	7
	24
	8
	18
	9
	25
	10
	25
	11
	38
	12
	18
	13
	34
	14
	34
	15
	16


	0
	39
	1
	21
	2
	19
	3
	12
	4
	29
	5
	12
	6
	26
	7
	35
	8
	22
	9
	35
	10
	7
	11
	5
	12
	16
	13
	39
	14
	41
	15
	18


	0
	13
	1
	29
	2
	35
	3
	24
	4
	17
	5
	28
	6
	31
	7
	14
	8
	47
	9
	26
	10
	15
	11
	42
	12
	26
	13
	11
	14
	29
	15
	21


	0
	38
	1
	18
	2
	13
	3
	5
	4
	16
	5
	44
	6
	47
	7
	40
	8
	8
	9
	14
	10
	5
	11
	21
	12
	45
	13
	48
	14
	5
	15
	12


	0
	5
	1
	14
	2
	22
	3
	37
	4
	14
	5
	23
	6
	9
	7
	7
	8
	8
	9
	11
	10
	28
	11
	19
	12
	29
	13
	27
	14
	17
	15
	30


	0
	14
	1
	34
	2
	44
	3
	48
	4
	44
	5
	25
	6
	5
	7
	25
	8
	6
	9
	19
	10
	44
	11
	25
	12
	5
	13
	48
	14
	36
	15
	27


	0
	30
	1
	25
	2
	17
	3
	5
	4
	14
	5
	23
	6
	33
	7
	6
	8
	24
	9
	48
	10
	25
	11
	28
	12
	17
	13
	13
	14
	41
	15
	36


	0
	29
	1
	5
	2
	43
	3
	44
	4
	6
	5
	8
	6
	18
	7
	47
	8
	35
	9
	37
	10
	12
	11
	45
	12
	39
	13
	27
	14
	27
	15
	41


	0
	12
	1
	8
	2
	13
	3
	12
	4
	19
	5
	37
	6
	40
	7
	47
	8
	36
	9
	9
	10
	47
	11
	44
	12
	30
	13
	23
	14
	39
	15
	48


	0
	36
	1
	9
	2
	46
	3
	46
	4
	38
	5
	18
	6
	33
	7
	27
	8
	5
	9
	42
	10
	16
	11
	14
	12
	11
	13
	46
	14
	8
	15
	32


	0
	49
	1
	33
	2
	13
	3
	44
	4
	33
	5
	43
	6
	14
	7
	17
	8
	19
	9
	49
	10
	46
	11
	13
	12
	37
	13
	41
	14
	37
	15
	14


	0
	25
	1
	29
	2
	33
	3
	13
	4
	41
	5
	5
	6
	27
	7
	13
	8
	46
	9
	36
	10
	46
	11
	23
	12
	44
	13
	35
	14
	35
	15
	36


	0
	36
	1
	22
	2
	30
	3
	30
	4
	46
	5
	28
	6
	7
	7
	19
	8
	31
	9
	18
	10
	33
	11
	45
	12
	33
	13
	9
	14
	38
	15
	34


	0
	36
	1
	23
	2
	33
	3
	31
	4
	32
	5
	18
	6
	32
	7
	25
	8
	26
	9
	16
	10
	36
	11
	42
	12
	42
	13
	39
	14
	25
	15
	11


	0
	29
	1
	40
	2
	37
	3
	29
	4
	25
	5
	36
	6
	19
	7
	9
	8
	10
	9
	22
	10
	17
	11
	24
	12
	30
	13
	32
	14
	46
	15
	30


	0
	30
	1
	42
	2
	41
	3
	26
	4
	37
	5
	12
	6
	19
	7
	33
	8
	43
	9
	16
	10
	20
	11
	10
	12
	33
	13
	32
	14
	11
	15
	28


	0
	45
	1
	8
	2
	30
	3
	34
	4
	32
	5
	17
	6
	48
	7
	28
	8
	46
	9
	8
	10
	45
	11
	5
	12
	47
	13
	30
	14
	38
	15
	41


	0
	19
	1
	23
	2
	5
	3
	14
	4
	7
	5
	22
	6
	48
	7
	10
	8
	10
	9
	46
	10
	42
	11
	39
	12
	35
	13
	11
	14
	20
	15
	5


	0
	45
	1
	22
	2
	47
	3
	25
	4
	5
	5
	46
	6
	7
	7
	43
	8
	5
	9
	14
	10
	14
	11
	26
	12
	6
	13
	41
	14
	41
	15
	24


	0
	33
	1
	22
	2
	12
	3
	43
	4
	21
	5
	36
	6
	41
	7
	43
	8
	42
	9
	28
	10
	37
	11
	43
	12
	34
	13
	7
	14
	7
	15
	48


	0
	49
	1
	27
	2
	25
	3
	38
	4
	38
	5
	14
	6
	17
	7
	32
	8
	48
	9
	24
	10
	36
	11
	19
	12
	14
	13
	37
	14
	7
	15
	27


	0
	12
	1
	16
	2
	24
	3
	16
	4
	27
	5
	22
	6
	15
	7
	11
	8
	39
	9
	42
	10
	26
	11
	36
	12
	13
	13
	40
	14
	46
	15
	47


	0
	42
	1
	5
	2
	6
	3
	20
	4
	5
	5
	11
	6
	19
	7
	35
	8
	28
	9
	41
	10
	20
	11
	9
	12
	9
	13
	5
	14
	28
	15
	34


	0
	20
	1
	39
	2
	5
	3
	8
	4
	24
	5
	18
	6
	39
	7
	33
	8
	8
	9
	25
	10
	49
	11
	40
	12
	13
	13
	48
	14
	14
	15
	38

