40
16
3

	0
	9
	1
	48
	2
	27
	3
	38
	4
	40
	5
	9
	6
	42
	7
	15
	8
	6
	9
	18
	10
	36
	11
	40
	12
	20
	13
	21
	14
	25
	15
	11


	0
	6
	1
	21
	2
	32
	3
	8
	4
	5
	5
	41
	6
	20
	7
	29
	8
	38
	9
	15
	10
	38
	11
	34
	12
	25
	13
	16
	14
	17
	15
	19


	0
	48
	1
	29
	2
	13
	3
	49
	4
	46
	5
	18
	6
	15
	7
	43
	8
	15
	9
	17
	10
	25
	11
	23
	12
	19
	13
	28
	14
	36
	15
	49


	0
	41
	1
	47
	2
	39
	3
	31
	4
	44
	5
	18
	6
	20
	7
	18
	8
	29
	9
	29
	10
	32
	11
	21
	12
	46
	13
	10
	14
	29
	15
	28


	0
	43
	1
	28
	2
	12
	3
	18
	4
	47
	5
	18
	6
	23
	7
	27
	8
	32
	9
	22
	10
	21
	11
	26
	12
	45
	13
	41
	14
	24
	15
	25


	0
	17
	1
	31
	2
	49
	3
	26
	4
	5
	5
	21
	6
	5
	7
	28
	8
	23
	9
	7
	10
	22
	11
	33
	12
	38
	13
	41
	14
	41
	15
	32


	0
	37
	1
	5
	2
	24
	3
	42
	4
	45
	5
	18
	6
	39
	7
	18
	8
	12
	9
	7
	10
	39
	11
	5
	12
	44
	13
	31
	14
	28
	15
	23


	0
	36
	1
	23
	2
	39
	3
	26
	4
	31
	5
	9
	6
	43
	7
	36
	8
	7
	9
	21
	10
	49
	11
	47
	12
	23
	13
	19
	14
	29
	15
	21


	0
	16
	1
	34
	2
	5
	3
	26
	4
	22
	5
	20
	6
	35
	7
	18
	8
	23
	9
	24
	10
	17
	11
	20
	12
	41
	13
	10
	14
	31
	15
	11


	0
	33
	1
	44
	2
	40
	3
	48
	4
	41
	5
	10
	6
	39
	7
	9
	8
	6
	9
	29
	10
	24
	11
	44
	12
	35
	13
	6
	14
	34
	15
	5


	0
	12
	1
	14
	2
	44
	3
	10
	4
	7
	5
	48
	6
	44
	7
	26
	8
	7
	9
	6
	10
	8
	11
	25
	12
	9
	13
	7
	14
	46
	15
	18


	0
	28
	1
	24
	2
	35
	3
	7
	4
	22
	5
	11
	6
	7
	7
	19
	8
	26
	9
	8
	10
	10
	11
	34
	12
	41
	13
	7
	14
	16
	15
	28


	0
	13
	1
	6
	2
	19
	3
	45
	4
	35
	5
	31
	6
	31
	7
	34
	8
	6
	9
	24
	10
	15
	11
	44
	12
	12
	13
	5
	14
	5
	15
	15


	0
	9
	1
	31
	2
	9
	3
	22
	4
	7
	5
	27
	6
	44
	7
	23
	8
	34
	9
	38
	10
	23
	11
	26
	12
	28
	13
	25
	14
	30
	15
	6


	0
	46
	1
	14
	2
	34
	3
	21
	4
	40
	5
	24
	6
	33
	7
	25
	8
	14
	9
	47
	10
	22
	11
	43
	12
	26
	13
	19
	14
	31
	15
	6


	0
	47
	1
	48
	2
	40
	3
	27
	4
	47
	5
	16
	6
	7
	7
	28
	8
	7
	9
	19
	10
	32
	11
	41
	12
	48
	13
	8
	14
	12
	15
	5


	0
	34
	1
	16
	2
	11
	3
	13
	4
	30
	5
	22
	6
	7
	7
	47
	8
	26
	9
	34
	10
	8
	11
	36
	12
	49
	13
	18
	14
	23
	15
	11


	0
	32
	1
	21
	2
	6
	3
	41
	4
	19
	5
	6
	6
	5
	7
	48
	8
	28
	9
	38
	10
	15
	11
	17
	12
	19
	13
	19
	14
	35
	15
	34


	0
	5
	1
	18
	2
	21
	3
	5
	4
	47
	5
	6
	6
	47
	7
	26
	8
	7
	9
	9
	10
	6
	11
	8
	12
	44
	13
	32
	14
	37
	15
	37


	0
	30
	1
	26
	2
	15
	3
	25
	4
	35
	5
	23
	6
	22
	7
	27
	8
	19
	9
	36
	10
	8
	11
	11
	12
	8
	13
	19
	14
	21
	15
	12


	0
	12
	1
	5
	2
	38
	3
	34
	4
	25
	5
	10
	6
	42
	7
	23
	8
	5
	9
	13
	10
	49
	11
	46
	12
	20
	13
	45
	14
	45
	15
	27


	0
	47
	1
	8
	2
	49
	3
	10
	4
	6
	5
	46
	6
	15
	7
	43
	8
	16
	9
	41
	10
	25
	11
	22
	12
	48
	13
	13
	14
	28
	15
	21


	0
	11
	1
	7
	2
	34
	3
	40
	4
	39
	5
	22
	6
	26
	7
	42
	8
	28
	9
	39
	10
	49
	11
	17
	12
	16
	13
	29
	14
	42
	15
	39


	0
	16
	1
	21
	2
	11
	3
	27
	4
	17
	5
	18
	6
	19
	7
	23
	8
	10
	9
	36
	10
	17
	11
	31
	12
	6
	13
	38
	14
	35
	15
	44


	0
	28
	1
	46
	2
	11
	3
	34
	4
	40
	5
	10
	6
	43
	7
	20
	8
	12
	9
	8
	10
	6
	11
	27
	12
	15
	13
	34
	14
	20
	15
	25


	0
	28
	1
	12
	2
	46
	3
	36
	4
	40
	5
	29
	6
	21
	7
	17
	8
	37
	9
	36
	10
	34
	11
	35
	12
	37
	13
	16
	14
	31
	15
	10


	0
	14
	1
	16
	2
	8
	3
	46
	4
	44
	5
	36
	6
	20
	7
	27
	8
	21
	9
	36
	10
	40
	11
	18
	12
	43
	13
	11
	14
	25
	15
	18


	0
	41
	1
	34
	2
	43
	3
	45
	4
	13
	5
	9
	6
	39
	7
	24
	8
	21
	9
	18
	10
	5
	11
	24
	12
	10
	13
	7
	14
	23
	15
	11


	0
	40
	1
	26
	2
	41
	3
	8
	4
	15
	5
	38
	6
	16
	7
	43
	8
	15
	9
	22
	10
	39
	11
	22
	12
	46
	13
	33
	14
	34
	15
	27


	0
	36
	1
	13
	2
	16
	3
	46
	4
	7
	5
	11
	6
	27
	7
	34
	8
	35
	9
	49
	10
	36
	11
	15
	12
	16
	13
	9
	14
	14
	15
	32


	0
	39
	1
	27
	2
	34
	3
	12
	4
	38
	5
	13
	6
	31
	7
	12
	8
	29
	9
	13
	10
	8
	11
	9
	12
	24
	13
	13
	14
	39
	15
	36


	0
	15
	1
	31
	2
	17
	3
	14
	4
	45
	5
	10
	6
	26
	7
	46
	8
	38
	9
	23
	10
	34
	11
	25
	12
	9
	13
	8
	14
	41
	15
	12


	0
	32
	1
	17
	2
	32
	3
	10
	4
	25
	5
	28
	6
	46
	7
	16
	8
	13
	9
	22
	10
	43
	11
	30
	12
	8
	13
	18
	14
	30
	15
	28


	0
	41
	1
	37
	2
	46
	3
	13
	4
	36
	5
	21
	6
	18
	7
	41
	8
	8
	9
	17
	10
	6
	11
	45
	12
	6
	13
	31
	14
	45
	15
	25


	0
	42
	1
	24
	2
	25
	3
	32
	4
	19
	5
	24
	6
	47
	7
	34
	8
	34
	9
	29
	10
	37
	11
	37
	12
	22
	13
	29
	14
	19
	15
	37


	0
	12
	1
	48
	2
	32
	3
	45
	4
	13
	5
	36
	6
	19
	7
	9
	8
	48
	9
	31
	10
	14
	11
	37
	12
	17
	13
	43
	14
	30
	15
	11


	0
	35
	1
	5
	2
	41
	3
	18
	4
	40
	5
	26
	6
	35
	7
	32
	8
	34
	9
	9
	10
	8
	11
	11
	12
	10
	13
	39
	14
	18
	15
	44


	0
	45
	1
	28
	2
	11
	3
	14
	4
	44
	5
	19
	6
	42
	7
	29
	8
	25
	9
	12
	10
	27
	11
	41
	12
	46
	13
	41
	14
	42
	15
	19


	0
	13
	1
	30
	2
	47
	3
	9
	4
	35
	5
	44
	6
	16
	7
	17
	8
	33
	9
	26
	10
	12
	11
	18
	12
	28
	13
	13
	14
	33
	15
	18


	0
	18
	1
	23
	2
	17
	3
	37
	4
	22
	5
	20
	6
	25
	7
	15
	8
	16
	9
	29
	10
	7
	11
	7
	12
	29
	13
	13
	14
	39
	15
	32

