40
16
3

	0
	46
	1
	40
	2
	41
	3
	42
	4
	34
	5
	40
	6
	44
	7
	47
	8
	46
	9
	23
	10
	23
	11
	13
	12
	5
	13
	44
	14
	9
	15
	27


	0
	49
	1
	38
	2
	15
	3
	37
	4
	36
	5
	15
	6
	7
	7
	16
	8
	11
	9
	13
	10
	20
	11
	13
	12
	26
	13
	6
	14
	28
	15
	11


	0
	13
	1
	38
	2
	13
	3
	30
	4
	11
	5
	27
	6
	49
	7
	13
	8
	44
	9
	21
	10
	32
	11
	30
	12
	15
	13
	18
	14
	19
	15
	46


	0
	12
	1
	47
	2
	7
	3
	7
	4
	19
	5
	26
	6
	35
	7
	48
	8
	37
	9
	36
	10
	34
	11
	6
	12
	41
	13
	48
	14
	8
	15
	40


	0
	17
	1
	10
	2
	28
	3
	36
	4
	10
	5
	8
	6
	43
	7
	40
	8
	25
	9
	14
	10
	19
	11
	23
	12
	22
	13
	20
	14
	13
	15
	21


	0
	7
	1
	18
	2
	48
	3
	24
	4
	5
	5
	12
	6
	15
	7
	22
	8
	40
	9
	43
	10
	16
	11
	12
	12
	28
	13
	9
	14
	32
	15
	7


	0
	22
	1
	15
	2
	13
	3
	34
	4
	41
	5
	16
	6
	12
	7
	37
	8
	34
	9
	5
	10
	45
	11
	31
	12
	12
	13
	6
	14
	23
	15
	19


	0
	12
	1
	42
	2
	12
	3
	23
	4
	47
	5
	14
	6
	43
	7
	45
	8
	11
	9
	20
	10
	7
	11
	20
	12
	21
	13
	28
	14
	5
	15
	38


	0
	17
	1
	22
	2
	44
	3
	11
	4
	37
	5
	27
	6
	48
	7
	36
	8
	16
	9
	12
	10
	13
	11
	33
	12
	13
	13
	34
	14
	41
	15
	21


	0
	28
	1
	13
	2
	29
	3
	9
	4
	15
	5
	27
	6
	8
	7
	40
	8
	12
	9
	26
	10
	49
	11
	11
	12
	7
	13
	16
	14
	34
	15
	46


	0
	19
	1
	31
	2
	42
	3
	48
	4
	27
	5
	42
	6
	25
	7
	26
	8
	24
	9
	9
	10
	43
	11
	16
	12
	43
	13
	46
	14
	31
	15
	31


	0
	5
	1
	37
	2
	38
	3
	40
	4
	31
	5
	30
	6
	10
	7
	6
	8
	24
	9
	22
	10
	25
	11
	36
	12
	39
	13
	34
	14
	10
	15
	33


	0
	33
	1
	45
	2
	12
	3
	25
	4
	12
	5
	7
	6
	7
	7
	8
	8
	30
	9
	19
	10
	23
	11
	49
	12
	19
	13
	36
	14
	15
	15
	20


	0
	14
	1
	39
	2
	11
	3
	14
	4
	42
	5
	34
	6
	28
	7
	44
	8
	35
	9
	46
	10
	7
	11
	14
	12
	33
	13
	35
	14
	7
	15
	9


	0
	37
	1
	47
	2
	25
	3
	5
	4
	40
	5
	18
	6
	35
	7
	40
	8
	29
	9
	18
	10
	48
	11
	20
	12
	23
	13
	20
	14
	22
	15
	32


	0
	12
	1
	14
	2
	45
	3
	8
	4
	46
	5
	5
	6
	31
	7
	13
	8
	42
	9
	38
	10
	41
	11
	7
	12
	10
	13
	21
	14
	34
	15
	30


	0
	28
	1
	32
	2
	24
	3
	14
	4
	46
	5
	33
	6
	13
	7
	8
	8
	38
	9
	47
	10
	42
	11
	25
	12
	49
	13
	26
	14
	5
	15
	36


	0
	25
	1
	35
	2
	47
	3
	21
	4
	14
	5
	11
	6
	20
	7
	42
	8
	23
	9
	20
	10
	24
	11
	6
	12
	40
	13
	40
	14
	16
	15
	27


	0
	8
	1
	23
	2
	10
	3
	15
	4
	20
	5
	21
	6
	46
	7
	34
	8
	49
	9
	49
	10
	17
	11
	16
	12
	7
	13
	30
	14
	13
	15
	14


	0
	41
	1
	38
	2
	47
	3
	23
	4
	21
	5
	36
	6
	11
	7
	38
	8
	35
	9
	37
	10
	31
	11
	18
	12
	6
	13
	28
	14
	10
	15
	40


	0
	25
	1
	6
	2
	47
	3
	45
	4
	43
	5
	16
	6
	10
	7
	47
	8
	15
	9
	44
	10
	44
	11
	11
	12
	7
	13
	45
	14
	21
	15
	34


	0
	34
	1
	24
	2
	11
	3
	37
	4
	11
	5
	15
	6
	43
	7
	38
	8
	38
	9
	39
	10
	32
	11
	46
	12
	47
	13
	19
	14
	25
	15
	35


	0
	36
	1
	6
	2
	49
	3
	5
	4
	31
	5
	10
	6
	46
	7
	38
	8
	18
	9
	7
	10
	7
	11
	31
	12
	31
	13
	38
	14
	19
	15
	8


	0
	17
	1
	47
	2
	34
	3
	18
	4
	32
	5
	19
	6
	28
	7
	6
	8
	23
	9
	17
	10
	26
	11
	32
	12
	9
	13
	46
	14
	11
	15
	24


	0
	15
	1
	40
	2
	29
	3
	10
	4
	7
	5
	16
	6
	40
	7
	42
	8
	7
	9
	32
	10
	28
	11
	34
	12
	31
	13
	25
	14
	44
	15
	31


	0
	12
	1
	42
	2
	37
	3
	16
	4
	7
	5
	7
	6
	35
	7
	41
	8
	11
	9
	35
	10
	13
	11
	35
	12
	5
	13
	39
	14
	26
	15
	30


	0
	44
	1
	19
	2
	19
	3
	46
	4
	12
	5
	46
	6
	29
	7
	43
	8
	35
	9
	48
	10
	5
	11
	23
	12
	21
	13
	39
	14
	19
	15
	42


	0
	42
	1
	34
	2
	37
	3
	24
	4
	9
	5
	7
	6
	41
	7
	7
	8
	12
	9
	38
	10
	20
	11
	35
	12
	48
	13
	25
	14
	43
	15
	11


	0
	30
	1
	21
	2
	44
	3
	12
	4
	24
	5
	12
	6
	19
	7
	5
	8
	32
	9
	39
	10
	14
	11
	18
	12
	40
	13
	22
	14
	49
	15
	13


	0
	41
	1
	24
	2
	7
	3
	46
	4
	31
	5
	22
	6
	46
	7
	24
	8
	26
	9
	39
	10
	6
	11
	25
	12
	42
	13
	24
	14
	21
	15
	43


	0
	37
	1
	33
	2
	24
	3
	29
	4
	26
	5
	23
	6
	43
	7
	27
	8
	25
	9
	26
	10
	11
	11
	42
	12
	6
	13
	22
	14
	29
	15
	13


	0
	43
	1
	15
	2
	44
	3
	12
	4
	27
	5
	14
	6
	39
	7
	20
	8
	13
	9
	7
	10
	37
	11
	34
	12
	35
	13
	47
	14
	43
	15
	24


	0
	25
	1
	21
	2
	41
	3
	24
	4
	22
	5
	12
	6
	17
	7
	40
	8
	18
	9
	43
	10
	40
	11
	7
	12
	28
	13
	12
	14
	5
	15
	28


	0
	35
	1
	41
	2
	8
	3
	27
	4
	8
	5
	15
	6
	13
	7
	42
	8
	29
	9
	12
	10
	39
	11
	46
	12
	44
	13
	10
	14
	38
	15
	12


	0
	45
	1
	40
	2
	14
	3
	18
	4
	5
	5
	38
	6
	47
	7
	35
	8
	5
	9
	45
	10
	40
	11
	37
	12
	49
	13
	27
	14
	29
	15
	48


	0
	25
	1
	30
	2
	27
	3
	48
	4
	15
	5
	10
	6
	32
	7
	47
	8
	42
	9
	20
	10
	8
	11
	32
	12
	30
	13
	16
	14
	26
	15
	12


	0
	39
	1
	26
	2
	32
	3
	31
	4
	19
	5
	41
	6
	47
	7
	23
	8
	14
	9
	44
	10
	40
	11
	35
	12
	5
	13
	7
	14
	24
	15
	10


	0
	24
	1
	29
	2
	24
	3
	27
	4
	14
	5
	11
	6
	40
	7
	17
	8
	21
	9
	18
	10
	7
	11
	27
	12
	5
	13
	25
	14
	49
	15
	20


	0
	20
	1
	21
	2
	42
	3
	30
	4
	37
	5
	13
	6
	18
	7
	44
	8
	33
	9
	18
	10
	46
	11
	15
	12
	48
	13
	5
	14
	26
	15
	6


	0
	12
	1
	43
	2
	42
	3
	23
	4
	41
	5
	18
	6
	48
	7
	10
	8
	27
	9
	38
	10
	27
	11
	21
	12
	36
	13
	21
	14
	12
	15
	15

