40
8
3

	0
	33
	1
	46
	2
	14
	3
	20
	4
	26
	5
	24
	6
	45
	7
	49


	0
	41
	1
	19
	2
	11
	3
	42
	4
	32
	5
	47
	6
	42
	7
	37


	0
	32
	1
	22
	2
	23
	3
	43
	4
	34
	5
	11
	6
	36
	7
	11


	0
	48
	1
	22
	2
	49
	3
	40
	4
	42
	5
	42
	6
	9
	7
	28


	0
	25
	1
	46
	2
	19
	3
	8
	4
	13
	5
	35
	6
	22
	7
	35


	0
	23
	1
	46
	2
	19
	3
	20
	4
	14
	5
	19
	6
	9
	7
	17


	0
	30
	1
	49
	2
	5
	3
	6
	4
	22
	5
	41
	6
	23
	7
	21


	0
	23
	1
	16
	2
	15
	3
	41
	4
	41
	5
	48
	6
	22
	7
	40


	0
	10
	1
	35
	2
	14
	3
	31
	4
	26
	5
	34
	6
	9
	7
	33


	0
	34
	1
	25
	2
	44
	3
	8
	4
	15
	5
	39
	6
	16
	7
	15


	0
	47
	1
	27
	2
	7
	3
	48
	4
	31
	5
	13
	6
	24
	7
	21


	0
	35
	1
	16
	2
	42
	3
	31
	4
	34
	5
	31
	6
	42
	7
	30


	0
	20
	1
	20
	2
	21
	3
	46
	4
	36
	5
	37
	6
	6
	7
	24


	0
	19
	1
	14
	2
	30
	3
	25
	4
	43
	5
	20
	6
	26
	7
	10


	0
	11
	1
	11
	2
	44
	3
	13
	4
	30
	5
	15
	6
	35
	7
	42


	0
	35
	1
	15
	2
	41
	3
	6
	4
	5
	5
	6
	6
	6
	7
	27


	0
	14
	1
	33
	2
	24
	3
	21
	4
	11
	5
	38
	6
	18
	7
	45


	0
	26
	1
	6
	2
	44
	3
	36
	4
	31
	5
	21
	6
	20
	7
	43


	0
	20
	1
	16
	2
	10
	3
	6
	4
	35
	5
	41
	6
	46
	7
	41


	0
	46
	1
	21
	2
	7
	3
	31
	4
	24
	5
	8
	6
	28
	7
	7


	0
	34
	1
	28
	2
	28
	3
	22
	4
	36
	5
	23
	6
	7
	7
	46


	0
	16
	1
	9
	2
	8
	3
	27
	4
	40
	5
	31
	6
	13
	7
	43


	0
	18
	1
	36
	2
	38
	3
	42
	4
	23
	5
	20
	6
	20
	7
	7


	0
	36
	1
	5
	2
	15
	3
	31
	4
	11
	5
	39
	6
	38
	7
	8


	0
	26
	1
	31
	2
	11
	3
	20
	4
	5
	5
	9
	6
	35
	7
	30


	0
	37
	1
	23
	2
	46
	3
	32
	4
	29
	5
	42
	6
	22
	7
	44


	0
	39
	1
	20
	2
	42
	3
	46
	4
	21
	5
	14
	6
	6
	7
	30


	0
	44
	1
	41
	2
	27
	3
	45
	4
	15
	5
	14
	6
	37
	7
	25


	0
	11
	1
	43
	2
	19
	3
	35
	4
	29
	5
	13
	6
	10
	7
	41


	0
	48
	1
	34
	2
	18
	3
	22
	4
	49
	5
	13
	6
	30
	7
	7


	0
	46
	1
	14
	2
	35
	3
	18
	4
	9
	5
	31
	6
	5
	7
	13


	0
	35
	1
	34
	2
	5
	3
	18
	4
	25
	5
	48
	6
	20
	7
	7


	0
	7
	1
	13
	2
	21
	3
	10
	4
	36
	5
	14
	6
	9
	7
	24


	0
	31
	1
	37
	2
	33
	3
	42
	4
	20
	5
	42
	6
	37
	7
	15


	0
	41
	1
	14
	2
	11
	3
	45
	4
	22
	5
	47
	6
	5
	7
	33


	0
	14
	1
	36
	2
	31
	3
	22
	4
	19
	5
	42
	6
	45
	7
	47


	0
	43
	1
	48
	2
	41
	3
	21
	4
	47
	5
	24
	6
	5
	7
	45


	0
	14
	1
	14
	2
	10
	3
	43
	4
	25
	5
	35
	6
	11
	7
	19


	0
	22
	1
	21
	2
	6
	3
	9
	4
	22
	5
	49
	6
	46
	7
	31


	0
	41
	1
	20
	2
	42
	3
	14
	4
	47
	5
	36
	6
	40
	7
	24

