40
16
3

	0
	21
	1
	29
	2
	41
	3
	22
	4
	8
	5
	24
	6
	20
	7
	30
	8
	37
	9
	14
	10
	8
	11
	13
	12
	41
	13
	31
	14
	25
	15
	35


	0
	5
	1
	11
	2
	14
	3
	30
	4
	37
	5
	39
	6
	5
	7
	8
	8
	46
	9
	13
	10
	13
	11
	49
	12
	22
	13
	19
	14
	18
	15
	30


	0
	17
	1
	16
	2
	35
	3
	40
	4
	34
	5
	18
	6
	42
	7
	32
	8
	13
	9
	37
	10
	30
	11
	12
	12
	7
	13
	37
	14
	19
	15
	10


	0
	42
	1
	45
	2
	22
	3
	36
	4
	46
	5
	21
	6
	32
	7
	49
	8
	7
	9
	18
	10
	27
	11
	43
	12
	6
	13
	32
	14
	12
	15
	19


	0
	44
	1
	25
	2
	49
	3
	45
	4
	20
	5
	28
	6
	27
	7
	29
	8
	10
	9
	7
	10
	47
	11
	9
	12
	33
	13
	37
	14
	6
	15
	49


	0
	44
	1
	25
	2
	44
	3
	27
	4
	35
	5
	26
	6
	27
	7
	26
	8
	6
	9
	25
	10
	6
	11
	15
	12
	10
	13
	5
	14
	48
	15
	9


	0
	27
	1
	31
	2
	24
	3
	31
	4
	46
	5
	41
	6
	20
	7
	14
	8
	26
	9
	11
	10
	19
	11
	26
	12
	29
	13
	34
	14
	23
	15
	24


	0
	37
	1
	35
	2
	34
	3
	22
	4
	47
	5
	7
	6
	28
	7
	11
	8
	21
	9
	10
	10
	33
	11
	6
	12
	33
	13
	14
	14
	9
	15
	6


	0
	40
	1
	37
	2
	25
	3
	48
	4
	23
	5
	27
	6
	47
	7
	20
	8
	40
	9
	21
	10
	5
	11
	17
	12
	10
	13
	34
	14
	14
	15
	15


	0
	7
	1
	16
	2
	45
	3
	33
	4
	44
	5
	40
	6
	49
	7
	47
	8
	38
	9
	5
	10
	13
	11
	29
	12
	47
	13
	33
	14
	27
	15
	7


	0
	16
	1
	21
	2
	23
	3
	35
	4
	39
	5
	49
	6
	49
	7
	38
	8
	29
	9
	13
	10
	25
	11
	29
	12
	8
	13
	34
	14
	39
	15
	20


	0
	49
	1
	36
	2
	6
	3
	22
	4
	14
	5
	25
	6
	32
	7
	8
	8
	27
	9
	39
	10
	20
	11
	23
	12
	17
	13
	27
	14
	16
	15
	31


	0
	48
	1
	6
	2
	21
	3
	8
	4
	32
	5
	47
	6
	27
	7
	14
	8
	42
	9
	20
	10
	14
	11
	38
	12
	28
	13
	18
	14
	17
	15
	9


	0
	7
	1
	15
	2
	27
	3
	23
	4
	33
	5
	46
	6
	8
	7
	39
	8
	26
	9
	38
	10
	27
	11
	12
	12
	37
	13
	38
	14
	28
	15
	12


	0
	19
	1
	25
	2
	48
	3
	31
	4
	32
	5
	9
	6
	32
	7
	19
	8
	35
	9
	46
	10
	23
	11
	20
	12
	49
	13
	6
	14
	36
	15
	37


	0
	32
	1
	36
	2
	30
	3
	25
	4
	31
	5
	34
	6
	40
	7
	38
	8
	22
	9
	26
	10
	30
	11
	46
	12
	7
	13
	17
	14
	6
	15
	31


	0
	22
	1
	42
	2
	45
	3
	5
	4
	30
	5
	49
	6
	13
	7
	27
	8
	30
	9
	15
	10
	7
	11
	29
	12
	26
	13
	35
	14
	38
	15
	19


	0
	39
	1
	5
	2
	49
	3
	26
	4
	42
	5
	13
	6
	46
	7
	8
	8
	12
	9
	10
	10
	22
	11
	49
	12
	37
	13
	21
	14
	24
	15
	13


	0
	20
	1
	13
	2
	11
	3
	48
	4
	37
	5
	36
	6
	19
	7
	28
	8
	9
	9
	35
	10
	45
	11
	7
	12
	18
	13
	19
	14
	41
	15
	21


	0
	22
	1
	29
	2
	26
	3
	35
	4
	20
	5
	22
	6
	11
	7
	38
	8
	36
	9
	8
	10
	38
	11
	35
	12
	8
	13
	24
	14
	46
	15
	43


	0
	39
	1
	32
	2
	13
	3
	6
	4
	41
	5
	15
	6
	36
	7
	24
	8
	18
	9
	46
	10
	17
	11
	29
	12
	16
	13
	27
	14
	44
	15
	30


	0
	5
	1
	19
	2
	24
	3
	48
	4
	39
	5
	8
	6
	17
	7
	13
	8
	19
	9
	5
	10
	45
	11
	46
	12
	48
	13
	17
	14
	33
	15
	41


	0
	16
	1
	33
	2
	17
	3
	19
	4
	8
	5
	6
	6
	49
	7
	16
	8
	18
	9
	21
	10
	30
	11
	27
	12
	40
	13
	25
	14
	14
	15
	49


	0
	6
	1
	23
	2
	43
	3
	48
	4
	19
	5
	39
	6
	24
	7
	5
	8
	35
	9
	42
	10
	40
	11
	25
	12
	17
	13
	40
	14
	15
	15
	16


	0
	46
	1
	19
	2
	23
	3
	32
	4
	41
	5
	40
	6
	14
	7
	49
	8
	21
	9
	42
	10
	38
	11
	49
	12
	7
	13
	31
	14
	23
	15
	32


	0
	28
	1
	30
	2
	39
	3
	34
	4
	5
	5
	43
	6
	10
	7
	16
	8
	17
	9
	30
	10
	26
	11
	49
	12
	22
	13
	25
	14
	24
	15
	34


	0
	37
	1
	45
	2
	24
	3
	46
	4
	12
	5
	25
	6
	28
	7
	8
	8
	20
	9
	10
	10
	17
	11
	37
	12
	35
	13
	27
	14
	34
	15
	7


	0
	26
	1
	5
	2
	5
	3
	24
	4
	39
	5
	13
	6
	36
	7
	47
	8
	26
	9
	39
	10
	12
	11
	27
	12
	40
	13
	22
	14
	23
	15
	18


	0
	21
	1
	18
	2
	34
	3
	20
	4
	24
	5
	15
	6
	21
	7
	39
	8
	6
	9
	44
	10
	33
	11
	29
	12
	39
	13
	44
	14
	23
	15
	9


	0
	11
	1
	19
	2
	30
	3
	7
	4
	13
	5
	41
	6
	20
	7
	29
	8
	22
	9
	48
	10
	39
	11
	10
	12
	14
	13
	28
	14
	21
	15
	38


	0
	27
	1
	9
	2
	39
	3
	19
	4
	12
	5
	23
	6
	39
	7
	46
	8
	36
	9
	6
	10
	18
	11
	41
	12
	9
	13
	5
	14
	25
	15
	40


	0
	16
	1
	16
	2
	45
	3
	41
	4
	29
	5
	9
	6
	46
	7
	35
	8
	29
	9
	9
	10
	40
	11
	33
	12
	35
	13
	43
	14
	9
	15
	36


	0
	24
	1
	20
	2
	21
	3
	35
	4
	39
	5
	36
	6
	16
	7
	30
	8
	35
	9
	9
	10
	13
	11
	24
	12
	22
	13
	11
	14
	31
	15
	48


	0
	39
	1
	29
	2
	41
	3
	24
	4
	43
	5
	24
	6
	5
	7
	16
	8
	32
	9
	22
	10
	24
	11
	29
	12
	20
	13
	27
	14
	46
	15
	27


	0
	33
	1
	18
	2
	21
	3
	9
	4
	48
	5
	17
	6
	35
	7
	13
	8
	23
	9
	22
	10
	36
	11
	27
	12
	47
	13
	8
	14
	6
	15
	25


	0
	25
	1
	25
	2
	43
	3
	31
	4
	46
	5
	36
	6
	47
	7
	25
	8
	5
	9
	45
	10
	11
	11
	45
	12
	47
	13
	8
	14
	16
	15
	25


	0
	26
	1
	46
	2
	23
	3
	7
	4
	29
	5
	40
	6
	5
	7
	5
	8
	20
	9
	38
	10
	32
	11
	28
	12
	5
	13
	28
	14
	14
	15
	36


	0
	43
	1
	24
	2
	35
	3
	25
	4
	18
	5
	11
	6
	40
	7
	33
	8
	33
	9
	35
	10
	17
	11
	49
	12
	49
	13
	17
	14
	24
	15
	48


	0
	43
	1
	25
	2
	29
	3
	42
	4
	47
	5
	9
	6
	15
	7
	11
	8
	12
	9
	10
	10
	10
	11
	45
	12
	19
	13
	33
	14
	43
	15
	10


	0
	33
	1
	22
	2
	12
	3
	10
	4
	30
	5
	33
	6
	29
	7
	22
	8
	18
	9
	21
	10
	47
	11
	17
	12
	25
	13
	44
	14
	42
	15
	47

