40
8
4

	0
	31
	1
	28
	2
	40
	3
	17
	4
	36
	5
	39
	6
	48
	7
	10


	0
	34
	1
	19
	2
	9
	3
	19
	4
	29
	5
	29
	6
	37
	7
	15


	0
	13
	1
	44
	2
	33
	3
	43
	4
	9
	5
	11
	6
	21
	7
	27


	0
	14
	1
	29
	2
	46
	3
	12
	4
	43
	5
	38
	6
	34
	7
	33


	0
	31
	1
	44
	2
	46
	3
	49
	4
	30
	5
	20
	6
	13
	7
	34


	0
	47
	1
	27
	2
	11
	3
	44
	4
	15
	5
	23
	6
	14
	7
	34


	0
	38
	1
	28
	2
	25
	3
	29
	4
	10
	5
	34
	6
	13
	7
	12


	0
	18
	1
	45
	2
	41
	3
	43
	4
	37
	5
	8
	6
	21
	7
	24


	0
	22
	1
	38
	2
	30
	3
	43
	4
	35
	5
	32
	6
	46
	7
	44


	0
	9
	1
	5
	2
	5
	3
	16
	4
	12
	5
	34
	6
	49
	7
	22


	0
	12
	1
	46
	2
	46
	3
	48
	4
	39
	5
	30
	6
	14
	7
	41


	0
	45
	1
	28
	2
	14
	3
	29
	4
	31
	5
	37
	6
	43
	7
	17


	0
	36
	1
	7
	2
	37
	3
	11
	4
	15
	5
	35
	6
	13
	7
	32


	0
	6
	1
	13
	2
	11
	3
	10
	4
	29
	5
	46
	6
	8
	7
	42


	0
	41
	1
	5
	2
	40
	3
	39
	4
	13
	5
	49
	6
	48
	7
	7


	0
	8
	1
	47
	2
	13
	3
	13
	4
	26
	5
	24
	6
	9
	7
	28


	0
	31
	1
	45
	2
	27
	3
	45
	4
	25
	5
	38
	6
	28
	7
	45


	0
	23
	1
	5
	2
	26
	3
	22
	4
	42
	5
	7
	6
	21
	7
	42


	0
	44
	1
	20
	2
	21
	3
	19
	4
	43
	5
	38
	6
	21
	7
	33


	0
	47
	1
	31
	2
	38
	3
	18
	4
	37
	5
	35
	6
	22
	7
	35


	0
	8
	1
	29
	2
	36
	3
	41
	4
	24
	5
	48
	6
	38
	7
	6


	0
	30
	1
	9
	2
	23
	3
	14
	4
	29
	5
	44
	6
	41
	7
	6


	0
	16
	1
	21
	2
	17
	3
	26
	4
	10
	5
	9
	6
	32
	7
	45


	0
	12
	1
	27
	2
	22
	3
	46
	4
	36
	5
	32
	6
	29
	7
	36


	0
	42
	1
	37
	2
	45
	3
	10
	4
	47
	5
	15
	6
	37
	7
	18


	0
	44
	1
	18
	2
	45
	3
	43
	4
	30
	5
	17
	6
	9
	7
	15


	0
	19
	1
	28
	2
	38
	3
	6
	4
	5
	5
	38
	6
	47
	7
	13


	0
	38
	1
	32
	2
	31
	3
	49
	4
	17
	5
	22
	6
	5
	7
	36


	0
	25
	1
	44
	2
	20
	3
	19
	4
	8
	5
	20
	6
	45
	7
	45


	0
	6
	1
	33
	2
	32
	3
	46
	4
	41
	5
	15
	6
	36
	7
	19


	0
	38
	1
	29
	2
	42
	3
	43
	4
	23
	5
	26
	6
	47
	7
	49


	0
	20
	1
	35
	2
	10
	3
	27
	4
	23
	5
	32
	6
	5
	7
	44


	0
	11
	1
	32
	2
	9
	3
	45
	4
	13
	5
	29
	6
	31
	7
	30


	0
	42
	1
	6
	2
	47
	3
	25
	4
	15
	5
	11
	6
	38
	7
	20


	0
	23
	1
	14
	2
	33
	3
	47
	4
	30
	5
	8
	6
	29
	7
	28


	0
	22
	1
	46
	2
	10
	3
	41
	4
	21
	5
	35
	6
	49
	7
	48


	0
	35
	1
	44
	2
	37
	3
	47
	4
	26
	5
	19
	6
	30
	7
	38


	0
	35
	1
	31
	2
	24
	3
	26
	4
	46
	5
	43
	6
	19
	7
	49


	0
	7
	1
	41
	2
	42
	3
	21
	4
	18
	5
	17
	6
	42
	7
	37


	0
	24
	1
	24
	2
	43
	3
	12
	4
	25
	5
	49
	6
	18
	7
	37

