40
4
3

	0
	28
	1
	18
	2
	42
	3
	46


	0
	27
	1
	26
	2
	9
	3
	14


	0
	44
	1
	38
	2
	38
	3
	36


	0
	28
	1
	26
	2
	12
	3
	29


	0
	47
	1
	27
	2
	49
	3
	30


	0
	6
	1
	14
	2
	22
	3
	14


	0
	15
	1
	26
	2
	39
	3
	13


	0
	8
	1
	20
	2
	37
	3
	27


	0
	47
	1
	39
	2
	27
	3
	33


	0
	34
	1
	13
	2
	11
	3
	49


	0
	26
	1
	47
	2
	31
	3
	35


	0
	39
	1
	28
	2
	24
	3
	42


	0
	26
	1
	15
	2
	46
	3
	24


	0
	26
	1
	16
	2
	16
	3
	32


	0
	32
	1
	49
	2
	28
	3
	14


	0
	40
	1
	36
	2
	16
	3
	23


	0
	16
	1
	6
	2
	43
	3
	42


	0
	45
	1
	41
	2
	12
	3
	5


	0
	32
	1
	36
	2
	39
	3
	45


	0
	14
	1
	13
	2
	33
	3
	41


	0
	15
	1
	18
	2
	41
	3
	48


	0
	34
	1
	13
	2
	45
	3
	48


	0
	19
	1
	28
	2
	16
	3
	12


	0
	15
	1
	17
	2
	33
	3
	16


	0
	12
	1
	35
	2
	14
	3
	8


	0
	47
	1
	5
	2
	25
	3
	18


	0
	13
	1
	33
	2
	22
	3
	48


	0
	40
	1
	48
	2
	7
	3
	45


	0
	33
	1
	42
	2
	49
	3
	10


	0
	12
	1
	15
	2
	27
	3
	17


	0
	27
	1
	41
	2
	20
	3
	42


	0
	31
	1
	38
	2
	28
	3
	39


	0
	20
	1
	25
	2
	8
	3
	26


	0
	17
	1
	24
	2
	48
	3
	9


	0
	27
	1
	45
	2
	10
	3
	8


	0
	18
	1
	19
	2
	26
	3
	19


	0
	6
	1
	35
	2
	22
	3
	21


	0
	26
	1
	31
	2
	30
	3
	33


	0
	35
	1
	38
	2
	42
	3
	49


	0
	33
	1
	5
	2
	45
	3
	26

