40
8
5

	0
	16
	1
	5
	2
	18
	3
	47
	4
	30
	5
	39
	6
	15
	7
	6


	0
	10
	1
	23
	2
	24
	3
	5
	4
	32
	5
	41
	6
	27
	7
	30


	0
	39
	1
	18
	2
	11
	3
	29
	4
	43
	5
	17
	6
	45
	7
	33


	0
	24
	1
	13
	2
	40
	3
	23
	4
	18
	5
	29
	6
	45
	7
	43


	0
	24
	1
	46
	2
	39
	3
	25
	4
	17
	5
	48
	6
	22
	7
	25


	0
	18
	1
	6
	2
	31
	3
	37
	4
	38
	5
	17
	6
	47
	7
	22


	0
	22
	1
	41
	2
	47
	3
	38
	4
	38
	5
	40
	6
	11
	7
	49


	0
	21
	1
	19
	2
	30
	3
	39
	4
	35
	5
	26
	6
	5
	7
	42


	0
	27
	1
	23
	2
	17
	3
	44
	4
	19
	5
	30
	6
	43
	7
	40


	0
	24
	1
	30
	2
	39
	3
	17
	4
	28
	5
	17
	6
	9
	7
	49


	0
	21
	1
	41
	2
	32
	3
	42
	4
	33
	5
	37
	6
	37
	7
	19


	0
	29
	1
	24
	2
	25
	3
	29
	4
	9
	5
	5
	6
	35
	7
	36


	0
	48
	1
	21
	2
	15
	3
	19
	4
	40
	5
	36
	6
	45
	7
	44


	0
	34
	1
	47
	2
	49
	3
	13
	4
	14
	5
	44
	6
	27
	7
	45


	0
	47
	1
	42
	2
	19
	3
	24
	4
	14
	5
	22
	6
	33
	7
	44


	0
	8
	1
	5
	2
	30
	3
	29
	4
	17
	5
	6
	6
	38
	7
	48


	0
	43
	1
	6
	2
	41
	3
	37
	4
	18
	5
	20
	6
	46
	7
	37


	0
	31
	1
	17
	2
	23
	3
	27
	4
	48
	5
	26
	6
	11
	7
	38


	0
	29
	1
	39
	2
	38
	3
	36
	4
	13
	5
	21
	6
	26
	7
	28


	0
	48
	1
	40
	2
	40
	3
	15
	4
	32
	5
	7
	6
	33
	7
	17


	0
	31
	1
	26
	2
	19
	3
	49
	4
	28
	5
	49
	6
	36
	7
	39


	0
	29
	1
	14
	2
	35
	3
	49
	4
	23
	5
	35
	6
	30
	7
	29


	0
	41
	1
	14
	2
	37
	3
	43
	4
	42
	5
	27
	6
	36
	7
	33


	0
	46
	1
	26
	2
	27
	3
	48
	4
	28
	5
	10
	6
	41
	7
	24


	0
	20
	1
	23
	2
	40
	3
	19
	4
	16
	5
	26
	6
	16
	7
	16


	0
	35
	1
	29
	2
	24
	3
	24
	4
	42
	5
	20
	6
	25
	7
	36


	0
	28
	1
	6
	2
	31
	3
	42
	4
	14
	5
	5
	6
	15
	7
	28


	0
	44
	1
	19
	2
	16
	3
	36
	4
	49
	5
	32
	6
	19
	7
	19


	0
	5
	1
	31
	2
	13
	3
	5
	4
	37
	5
	17
	6
	33
	7
	15


	0
	8
	1
	24
	2
	33
	3
	6
	4
	35
	5
	31
	6
	14
	7
	16


	0
	35
	1
	20
	2
	25
	3
	38
	4
	48
	5
	38
	6
	47
	7
	39


	0
	37
	1
	43
	2
	9
	3
	6
	4
	34
	5
	45
	6
	39
	7
	34


	0
	34
	1
	17
	2
	34
	3
	6
	4
	25
	5
	10
	6
	37
	7
	22


	0
	15
	1
	35
	2
	13
	3
	6
	4
	47
	5
	42
	6
	21
	7
	15


	0
	34
	1
	44
	2
	18
	3
	19
	4
	15
	5
	32
	6
	33
	7
	25


	0
	38
	1
	27
	2
	44
	3
	34
	4
	6
	5
	28
	6
	43
	7
	39


	0
	18
	1
	30
	2
	38
	3
	48
	4
	21
	5
	10
	6
	41
	7
	27


	0
	34
	1
	16
	2
	6
	3
	15
	4
	5
	5
	28
	6
	22
	7
	25


	0
	20
	1
	8
	2
	43
	3
	31
	4
	28
	5
	11
	6
	32
	7
	26


	0
	16
	1
	10
	2
	6
	3
	32
	4
	35
	5
	37
	6
	49
	7
	40

