40
8
5

	0
	32
	1
	21
	2
	25
	3
	14
	4
	38
	5
	41
	6
	26
	7
	35


	0
	29
	1
	34
	2
	31
	3
	24
	4
	38
	5
	29
	6
	19
	7
	21


	0
	10
	1
	13
	2
	15
	3
	5
	4
	29
	5
	39
	6
	47
	7
	25


	0
	32
	1
	5
	2
	46
	3
	13
	4
	10
	5
	37
	6
	49
	7
	19


	0
	5
	1
	47
	2
	26
	3
	16
	4
	30
	5
	22
	6
	17
	7
	5


	0
	31
	1
	8
	2
	7
	3
	36
	4
	15
	5
	15
	6
	8
	7
	7


	0
	26
	1
	5
	2
	43
	3
	30
	4
	36
	5
	20
	6
	25
	7
	7


	0
	18
	1
	30
	2
	42
	3
	43
	4
	25
	5
	47
	6
	36
	7
	15


	0
	44
	1
	45
	2
	16
	3
	31
	4
	32
	5
	45
	6
	7
	7
	11


	0
	39
	1
	33
	2
	18
	3
	24
	4
	8
	5
	34
	6
	28
	7
	36


	0
	34
	1
	24
	2
	22
	3
	19
	4
	8
	5
	34
	6
	42
	7
	6


	0
	46
	1
	13
	2
	22
	3
	19
	4
	11
	5
	8
	6
	48
	7
	37


	0
	12
	1
	21
	2
	25
	3
	11
	4
	9
	5
	42
	6
	31
	7
	40


	0
	18
	1
	7
	2
	6
	3
	26
	4
	38
	5
	39
	6
	5
	7
	41


	0
	14
	1
	39
	2
	39
	3
	19
	4
	16
	5
	22
	6
	28
	7
	32


	0
	43
	1
	11
	2
	19
	3
	42
	4
	19
	5
	8
	6
	40
	7
	48


	0
	18
	1
	47
	2
	26
	3
	27
	4
	30
	5
	39
	6
	41
	7
	6


	0
	21
	1
	40
	2
	46
	3
	19
	4
	5
	5
	43
	6
	38
	7
	44


	0
	46
	1
	18
	2
	11
	3
	31
	4
	8
	5
	42
	6
	21
	7
	17


	0
	44
	1
	14
	2
	38
	3
	12
	4
	12
	5
	19
	6
	15
	7
	28


	0
	13
	1
	23
	2
	35
	3
	26
	4
	22
	5
	37
	6
	47
	7
	10


	0
	45
	1
	8
	2
	47
	3
	21
	4
	9
	5
	38
	6
	20
	7
	18


	0
	7
	1
	40
	2
	37
	3
	24
	4
	37
	5
	7
	6
	32
	7
	22


	0
	10
	1
	49
	2
	8
	3
	13
	4
	20
	5
	9
	6
	10
	7
	21


	0
	46
	1
	44
	2
	14
	3
	18
	4
	7
	5
	38
	6
	24
	7
	33


	0
	26
	1
	45
	2
	9
	3
	37
	4
	29
	5
	13
	6
	49
	7
	42


	0
	33
	1
	15
	2
	26
	3
	24
	4
	12
	5
	27
	6
	21
	7
	14


	0
	10
	1
	8
	2
	41
	3
	23
	4
	17
	5
	18
	6
	13
	7
	34


	0
	23
	1
	27
	2
	29
	3
	30
	4
	18
	5
	13
	6
	10
	7
	23


	0
	32
	1
	18
	2
	11
	3
	21
	4
	38
	5
	5
	6
	40
	7
	26


	0
	41
	1
	46
	2
	44
	3
	20
	4
	26
	5
	16
	6
	30
	7
	34


	0
	42
	1
	24
	2
	36
	3
	11
	4
	12
	5
	45
	6
	29
	7
	32


	0
	14
	1
	16
	2
	27
	3
	36
	4
	40
	5
	5
	6
	8
	7
	15


	0
	23
	1
	26
	2
	23
	3
	44
	4
	47
	5
	13
	6
	7
	7
	15


	0
	40
	1
	11
	2
	31
	3
	12
	4
	9
	5
	15
	6
	47
	7
	24


	0
	28
	1
	41
	2
	9
	3
	11
	4
	19
	5
	11
	6
	23
	7
	41


	0
	9
	1
	31
	2
	14
	3
	46
	4
	43
	5
	45
	6
	9
	7
	30


	0
	46
	1
	49
	2
	25
	3
	26
	4
	40
	5
	36
	6
	28
	7
	45


	0
	18
	1
	36
	2
	27
	3
	24
	4
	16
	5
	30
	6
	28
	7
	36


	0
	43
	1
	14
	2
	48
	3
	27
	4
	13
	5
	18
	6
	21
	7
	8

