40
8
4

	0
	40
	1
	45
	2
	49
	3
	22
	4
	5
	5
	12
	6
	36
	7
	11


	0
	15
	1
	5
	2
	30
	3
	13
	4
	23
	5
	15
	6
	12
	7
	40


	0
	32
	1
	13
	2
	7
	3
	14
	4
	35
	5
	5
	6
	27
	7
	41


	0
	10
	1
	31
	2
	36
	3
	8
	4
	25
	5
	33
	6
	12
	7
	22


	0
	15
	1
	17
	2
	45
	3
	6
	4
	5
	5
	46
	6
	47
	7
	31


	0
	25
	1
	24
	2
	9
	3
	38
	4
	20
	5
	22
	6
	49
	7
	21


	0
	15
	1
	36
	2
	40
	3
	13
	4
	41
	5
	33
	6
	46
	7
	35


	0
	8
	1
	48
	2
	39
	3
	43
	4
	19
	5
	15
	6
	45
	7
	27


	0
	44
	1
	11
	2
	17
	3
	7
	4
	15
	5
	38
	6
	10
	7
	43


	0
	45
	1
	48
	2
	5
	3
	28
	4
	20
	5
	28
	6
	19
	7
	43


	0
	12
	1
	14
	2
	6
	3
	32
	4
	22
	5
	37
	6
	11
	7
	34


	0
	26
	1
	21
	2
	21
	3
	37
	4
	6
	5
	26
	6
	19
	7
	42


	0
	5
	1
	11
	2
	21
	3
	45
	4
	19
	5
	5
	6
	33
	7
	20


	0
	12
	1
	38
	2
	32
	3
	31
	4
	7
	5
	29
	6
	38
	7
	49


	0
	46
	1
	13
	2
	27
	3
	42
	4
	47
	5
	37
	6
	46
	7
	26


	0
	5
	1
	30
	2
	16
	3
	11
	4
	36
	5
	36
	6
	47
	7
	32


	0
	6
	1
	25
	2
	18
	3
	15
	4
	47
	5
	20
	6
	29
	7
	32


	0
	5
	1
	9
	2
	31
	3
	34
	4
	17
	5
	8
	6
	11
	7
	26


	0
	18
	1
	36
	2
	35
	3
	19
	4
	18
	5
	49
	6
	15
	7
	39


	0
	34
	1
	39
	2
	27
	3
	11
	4
	17
	5
	43
	6
	26
	7
	27


	0
	41
	1
	32
	2
	31
	3
	12
	4
	44
	5
	43
	6
	46
	7
	23


	0
	38
	1
	19
	2
	15
	3
	44
	4
	18
	5
	37
	6
	39
	7
	19


	0
	36
	1
	45
	2
	37
	3
	44
	4
	23
	5
	31
	6
	49
	7
	14


	0
	48
	1
	25
	2
	18
	3
	17
	4
	25
	5
	33
	6
	9
	7
	19


	0
	25
	1
	39
	2
	7
	3
	30
	4
	48
	5
	27
	6
	28
	7
	38


	0
	37
	1
	19
	2
	11
	3
	30
	4
	28
	5
	16
	6
	5
	7
	24


	0
	10
	1
	19
	2
	25
	3
	39
	4
	41
	5
	17
	6
	32
	7
	27


	0
	41
	1
	10
	2
	21
	3
	12
	4
	48
	5
	25
	6
	19
	7
	13


	0
	34
	1
	11
	2
	25
	3
	17
	4
	20
	5
	43
	6
	40
	7
	48


	0
	32
	1
	42
	2
	18
	3
	34
	4
	18
	5
	32
	6
	28
	7
	39


	0
	27
	1
	26
	2
	26
	3
	48
	4
	41
	5
	33
	6
	33
	7
	46


	0
	18
	1
	31
	2
	28
	3
	12
	4
	49
	5
	29
	6
	15
	7
	10


	0
	25
	1
	24
	2
	33
	3
	34
	4
	33
	5
	31
	6
	12
	7
	27


	0
	18
	1
	34
	2
	16
	3
	21
	4
	43
	5
	25
	6
	20
	7
	29


	0
	24
	1
	31
	2
	15
	3
	15
	4
	28
	5
	7
	6
	12
	7
	10


	0
	18
	1
	9
	2
	49
	3
	46
	4
	16
	5
	5
	6
	43
	7
	21


	0
	19
	1
	19
	2
	27
	3
	47
	4
	19
	5
	25
	6
	23
	7
	19


	0
	44
	1
	44
	2
	48
	3
	29
	4
	11
	5
	13
	6
	24
	7
	16


	0
	14
	1
	35
	2
	41
	3
	19
	4
	42
	5
	18
	6
	13
	7
	18


	0
	44
	1
	17
	2
	35
	3
	30
	4
	47
	5
	31
	6
	16
	7
	8

