40
4
4

	0
	16
	1
	17
	2
	36
	3
	6


	0
	19
	1
	45
	2
	39
	3
	26


	0
	47
	1
	37
	2
	36
	3
	9


	0
	30
	1
	15
	2
	5
	3
	46


	0
	29
	1
	23
	2
	20
	3
	39


	0
	25
	1
	32
	2
	46
	3
	48


	0
	29
	1
	34
	2
	35
	3
	23


	0
	21
	1
	29
	2
	26
	3
	24


	0
	27
	1
	22
	2
	41
	3
	27


	0
	32
	1
	31
	2
	36
	3
	49


	0
	6
	1
	16
	2
	45
	3
	43


	0
	20
	1
	40
	2
	34
	3
	40


	0
	48
	1
	32
	2
	7
	3
	14


	0
	29
	1
	42
	2
	22
	3
	26


	0
	31
	1
	25
	2
	46
	3
	17


	0
	29
	1
	42
	2
	24
	3
	19


	0
	37
	1
	19
	2
	12
	3
	11


	0
	26
	1
	40
	2
	25
	3
	23


	0
	37
	1
	35
	2
	10
	3
	30


	0
	19
	1
	48
	2
	38
	3
	24


	0
	24
	1
	49
	2
	23
	3
	29


	0
	26
	1
	25
	2
	43
	3
	38


	0
	25
	1
	24
	2
	23
	3
	26


	0
	34
	1
	10
	2
	21
	3
	41


	0
	45
	1
	22
	2
	12
	3
	44


	0
	16
	1
	48
	2
	37
	3
	17


	0
	16
	1
	15
	2
	21
	3
	23


	0
	23
	1
	7
	2
	16
	3
	40


	0
	33
	1
	5
	2
	46
	3
	23


	0
	21
	1
	10
	2
	14
	3
	36


	0
	45
	1
	9
	2
	16
	3
	42


	0
	18
	1
	40
	2
	38
	3
	27


	0
	22
	1
	24
	2
	19
	3
	27


	0
	31
	1
	13
	2
	7
	3
	20


	0
	13
	1
	35
	2
	10
	3
	14


	0
	37
	1
	47
	2
	23
	3
	31


	0
	32
	1
	22
	2
	26
	3
	22


	0
	9
	1
	33
	2
	35
	3
	19


	0
	16
	1
	23
	2
	7
	3
	25


	0
	22
	1
	5
	2
	44
	3
	8

