40
16
4

	0
	46
	1
	18
	2
	8
	3
	24
	4
	31
	5
	11
	6
	29
	7
	43
	8
	13
	9
	26
	10
	13
	11
	24
	12
	40
	13
	20
	14
	32
	15
	11


	0
	45
	1
	38
	2
	7
	3
	29
	4
	25
	5
	18
	6
	6
	7
	34
	8
	34
	9
	12
	10
	37
	11
	36
	12
	46
	13
	47
	14
	37
	15
	39


	0
	9
	1
	41
	2
	11
	3
	34
	4
	13
	5
	42
	6
	46
	7
	34
	8
	17
	9
	15
	10
	20
	11
	26
	12
	32
	13
	32
	14
	36
	15
	46


	0
	22
	1
	25
	2
	26
	3
	46
	4
	42
	5
	32
	6
	21
	7
	45
	8
	28
	9
	32
	10
	32
	11
	40
	12
	7
	13
	45
	14
	17
	15
	46


	0
	47
	1
	46
	2
	19
	3
	30
	4
	36
	5
	45
	6
	22
	7
	6
	8
	19
	9
	16
	10
	22
	11
	18
	12
	5
	13
	6
	14
	10
	15
	25


	0
	8
	1
	13
	2
	25
	3
	39
	4
	19
	5
	19
	6
	43
	7
	32
	8
	16
	9
	38
	10
	19
	11
	6
	12
	39
	13
	16
	14
	12
	15
	48


	0
	44
	1
	8
	2
	31
	3
	14
	4
	29
	5
	47
	6
	5
	7
	5
	8
	47
	9
	5
	10
	28
	11
	7
	12
	42
	13
	7
	14
	45
	15
	41


	0
	13
	1
	5
	2
	20
	3
	7
	4
	44
	5
	30
	6
	15
	7
	14
	8
	11
	9
	15
	10
	8
	11
	24
	12
	47
	13
	8
	14
	15
	15
	17


	0
	21
	1
	40
	2
	5
	3
	40
	4
	5
	5
	34
	6
	24
	7
	23
	8
	15
	9
	32
	10
	20
	11
	11
	12
	34
	13
	34
	14
	28
	15
	48


	0
	48
	1
	17
	2
	33
	3
	39
	4
	46
	5
	46
	6
	29
	7
	9
	8
	15
	9
	25
	10
	26
	11
	16
	12
	14
	13
	28
	14
	8
	15
	11


	0
	5
	1
	42
	2
	24
	3
	40
	4
	7
	5
	41
	6
	28
	7
	35
	8
	14
	9
	28
	10
	38
	11
	48
	12
	45
	13
	35
	14
	19
	15
	45


	0
	15
	1
	39
	2
	12
	3
	10
	4
	13
	5
	44
	6
	41
	7
	39
	8
	6
	9
	26
	10
	24
	11
	38
	12
	33
	13
	41
	14
	40
	15
	35


	0
	36
	1
	24
	2
	18
	3
	31
	4
	22
	5
	32
	6
	6
	7
	15
	8
	13
	9
	29
	10
	26
	11
	28
	12
	35
	13
	40
	14
	47
	15
	35


	0
	31
	1
	28
	2
	25
	3
	37
	4
	9
	5
	5
	6
	12
	7
	14
	8
	34
	9
	21
	10
	46
	11
	48
	12
	27
	13
	11
	14
	26
	15
	40


	0
	45
	1
	41
	2
	48
	3
	28
	4
	19
	5
	28
	6
	18
	7
	47
	8
	8
	9
	42
	10
	20
	11
	13
	12
	40
	13
	25
	14
	42
	15
	36


	0
	15
	1
	26
	2
	24
	3
	20
	4
	10
	5
	20
	6
	26
	7
	28
	8
	41
	9
	42
	10
	21
	11
	28
	12
	18
	13
	8
	14
	6
	15
	5


	0
	46
	1
	31
	2
	21
	3
	22
	4
	9
	5
	17
	6
	36
	7
	42
	8
	30
	9
	21
	10
	24
	11
	41
	12
	7
	13
	30
	14
	45
	15
	49


	0
	26
	1
	21
	2
	15
	3
	21
	4
	6
	5
	24
	6
	29
	7
	11
	8
	49
	9
	47
	10
	23
	11
	11
	12
	29
	13
	11
	14
	42
	15
	35


	0
	31
	1
	35
	2
	18
	3
	8
	4
	33
	5
	33
	6
	7
	7
	14
	8
	46
	9
	39
	10
	27
	11
	21
	12
	44
	13
	9
	14
	24
	15
	13


	0
	9
	1
	41
	2
	18
	3
	28
	4
	7
	5
	49
	6
	35
	7
	45
	8
	24
	9
	46
	10
	30
	11
	6
	12
	39
	13
	31
	14
	25
	15
	9


	0
	38
	1
	41
	2
	20
	3
	5
	4
	35
	5
	42
	6
	31
	7
	26
	8
	32
	9
	44
	10
	48
	11
	37
	12
	8
	13
	31
	14
	42
	15
	46


	0
	33
	1
	37
	2
	14
	3
	45
	4
	38
	5
	16
	6
	39
	7
	27
	8
	22
	9
	44
	10
	26
	11
	10
	12
	37
	13
	17
	14
	44
	15
	43


	0
	41
	1
	40
	2
	38
	3
	11
	4
	38
	5
	29
	6
	14
	7
	30
	8
	16
	9
	37
	10
	6
	11
	6
	12
	47
	13
	29
	14
	42
	15
	8


	0
	22
	1
	13
	2
	43
	3
	6
	4
	45
	5
	17
	6
	49
	7
	13
	8
	27
	9
	14
	10
	46
	11
	15
	12
	10
	13
	12
	14
	34
	15
	27


	0
	49
	1
	35
	2
	30
	3
	27
	4
	47
	5
	41
	6
	31
	7
	18
	8
	35
	9
	23
	10
	38
	11
	24
	12
	36
	13
	6
	14
	10
	15
	45


	0
	41
	1
	49
	2
	19
	3
	8
	4
	14
	5
	42
	6
	35
	7
	9
	8
	21
	9
	27
	10
	35
	11
	30
	12
	32
	13
	31
	14
	30
	15
	39


	0
	15
	1
	40
	2
	29
	3
	41
	4
	11
	5
	19
	6
	19
	7
	22
	8
	8
	9
	43
	10
	41
	11
	44
	12
	6
	13
	43
	14
	15
	15
	5


	0
	14
	1
	23
	2
	18
	3
	20
	4
	8
	5
	32
	6
	25
	7
	16
	8
	5
	9
	34
	10
	37
	11
	43
	12
	27
	13
	43
	14
	49
	15
	15


	0
	20
	1
	45
	2
	5
	3
	28
	4
	7
	5
	31
	6
	28
	7
	37
	8
	6
	9
	11
	10
	29
	11
	35
	12
	44
	13
	31
	14
	20
	15
	8


	0
	32
	1
	38
	2
	11
	3
	24
	4
	18
	5
	37
	6
	12
	7
	22
	8
	46
	9
	41
	10
	46
	11
	37
	12
	32
	13
	49
	14
	32
	15
	8


	0
	41
	1
	32
	2
	28
	3
	41
	4
	24
	5
	28
	6
	15
	7
	32
	8
	46
	9
	44
	10
	9
	11
	41
	12
	17
	13
	31
	14
	11
	15
	43


	0
	16
	1
	46
	2
	44
	3
	43
	4
	7
	5
	16
	6
	44
	7
	40
	8
	29
	9
	22
	10
	37
	11
	5
	12
	40
	13
	25
	14
	34
	15
	42


	0
	40
	1
	6
	2
	6
	3
	27
	4
	49
	5
	27
	6
	15
	7
	38
	8
	43
	9
	6
	10
	41
	11
	42
	12
	31
	13
	10
	14
	37
	15
	37


	0
	12
	1
	39
	2
	26
	3
	12
	4
	29
	5
	10
	6
	15
	7
	29
	8
	29
	9
	49
	10
	40
	11
	18
	12
	33
	13
	11
	14
	27
	15
	38


	0
	21
	1
	27
	2
	7
	3
	29
	4
	8
	5
	28
	6
	15
	7
	33
	8
	49
	9
	18
	10
	48
	11
	46
	12
	30
	13
	42
	14
	9
	15
	15


	0
	11
	1
	30
	2
	31
	3
	12
	4
	26
	5
	39
	6
	17
	7
	40
	8
	16
	9
	30
	10
	44
	11
	41
	12
	20
	13
	43
	14
	22
	15
	47


	0
	6
	1
	33
	2
	31
	3
	8
	4
	47
	5
	37
	6
	47
	7
	39
	8
	32
	9
	16
	10
	20
	11
	24
	12
	10
	13
	28
	14
	44
	15
	6


	0
	46
	1
	32
	2
	27
	3
	42
	4
	31
	5
	25
	6
	32
	7
	43
	8
	22
	9
	16
	10
	12
	11
	22
	12
	36
	13
	42
	14
	22
	15
	17


	0
	26
	1
	15
	2
	28
	3
	31
	4
	26
	5
	40
	6
	42
	7
	44
	8
	32
	9
	6
	10
	44
	11
	11
	12
	13
	13
	20
	14
	25
	15
	6


	0
	45
	1
	36
	2
	36
	3
	36
	4
	41
	5
	16
	6
	40
	7
	24
	8
	14
	9
	17
	10
	32
	11
	6
	12
	43
	13
	44
	14
	23
	15
	27

