40
16
4

	0
	35
	1
	47
	2
	9
	3
	8
	4
	15
	5
	21
	6
	7
	7
	46
	8
	49
	9
	23
	10
	14
	11
	5
	12
	17
	13
	10
	14
	14
	15
	32


	0
	10
	1
	45
	2
	17
	3
	29
	4
	38
	5
	28
	6
	43
	7
	34
	8
	16
	9
	15
	10
	49
	11
	16
	12
	41
	13
	44
	14
	30
	15
	30


	0
	9
	1
	18
	2
	13
	3
	37
	4
	30
	5
	27
	6
	16
	7
	40
	8
	17
	9
	13
	10
	35
	11
	41
	12
	5
	13
	16
	14
	12
	15
	13


	0
	42
	1
	39
	2
	39
	3
	9
	4
	25
	5
	42
	6
	11
	7
	34
	8
	20
	9
	37
	10
	6
	11
	23
	12
	17
	13
	46
	14
	15
	15
	6


	0
	21
	1
	8
	2
	27
	3
	45
	4
	40
	5
	29
	6
	18
	7
	7
	8
	33
	9
	26
	10
	27
	11
	21
	12
	37
	13
	17
	14
	7
	15
	26


	0
	13
	1
	5
	2
	29
	3
	35
	4
	30
	5
	32
	6
	31
	7
	16
	8
	10
	9
	20
	10
	11
	11
	29
	12
	25
	13
	42
	14
	17
	15
	28


	0
	36
	1
	40
	2
	18
	3
	44
	4
	37
	5
	7
	6
	40
	7
	20
	8
	10
	9
	28
	10
	38
	11
	19
	12
	13
	13
	31
	14
	42
	15
	20


	0
	29
	1
	34
	2
	45
	3
	7
	4
	36
	5
	43
	6
	14
	7
	5
	8
	33
	9
	11
	10
	26
	11
	15
	12
	49
	13
	12
	14
	42
	15
	26


	0
	20
	1
	49
	2
	36
	3
	24
	4
	23
	5
	30
	6
	40
	7
	32
	8
	23
	9
	25
	10
	32
	11
	20
	12
	14
	13
	21
	14
	22
	15
	45


	0
	5
	1
	16
	2
	37
	3
	12
	4
	48
	5
	17
	6
	22
	7
	39
	8
	19
	9
	17
	10
	33
	11
	19
	12
	26
	13
	21
	14
	13
	15
	31


	0
	26
	1
	23
	2
	23
	3
	32
	4
	43
	5
	20
	6
	27
	7
	27
	8
	36
	9
	7
	10
	35
	11
	36
	12
	46
	13
	14
	14
	47
	15
	40


	0
	33
	1
	20
	2
	38
	3
	24
	4
	49
	5
	27
	6
	29
	7
	35
	8
	31
	9
	48
	10
	15
	11
	39
	12
	9
	13
	6
	14
	35
	15
	30


	0
	27
	1
	15
	2
	49
	3
	30
	4
	33
	5
	6
	6
	19
	7
	6
	8
	13
	9
	38
	10
	25
	11
	5
	12
	35
	13
	49
	14
	34
	15
	29


	0
	39
	1
	12
	2
	12
	3
	38
	4
	23
	5
	39
	6
	46
	7
	15
	8
	16
	9
	7
	10
	29
	11
	27
	12
	44
	13
	32
	14
	25
	15
	25


	0
	21
	1
	37
	2
	34
	3
	24
	4
	12
	5
	31
	6
	24
	7
	23
	8
	8
	9
	42
	10
	48
	11
	16
	12
	19
	13
	10
	14
	40
	15
	23


	0
	41
	1
	32
	2
	22
	3
	13
	4
	25
	5
	15
	6
	16
	7
	5
	8
	16
	9
	9
	10
	43
	11
	24
	12
	36
	13
	12
	14
	20
	15
	41


	0
	42
	1
	22
	2
	23
	3
	27
	4
	38
	5
	15
	6
	11
	7
	25
	8
	37
	9
	24
	10
	28
	11
	5
	12
	24
	13
	18
	14
	30
	15
	21


	0
	5
	1
	22
	2
	44
	3
	25
	4
	18
	5
	24
	6
	15
	7
	7
	8
	13
	9
	34
	10
	6
	11
	9
	12
	48
	13
	14
	14
	47
	15
	46


	0
	6
	1
	21
	2
	9
	3
	48
	4
	20
	5
	13
	6
	19
	7
	40
	8
	36
	9
	5
	10
	26
	11
	43
	12
	16
	13
	42
	14
	39
	15
	6


	0
	5
	1
	46
	2
	43
	3
	24
	4
	44
	5
	6
	6
	6
	7
	15
	8
	12
	9
	38
	10
	20
	11
	35
	12
	38
	13
	40
	14
	13
	15
	8


	0
	35
	1
	20
	2
	15
	3
	38
	4
	32
	5
	22
	6
	8
	7
	18
	8
	9
	9
	21
	10
	31
	11
	32
	12
	16
	13
	7
	14
	15
	15
	5


	0
	31
	1
	16
	2
	15
	3
	13
	4
	23
	5
	26
	6
	14
	7
	11
	8
	27
	9
	25
	10
	17
	11
	7
	12
	21
	13
	9
	14
	26
	15
	42


	0
	23
	1
	45
	2
	9
	3
	38
	4
	9
	5
	31
	6
	21
	7
	23
	8
	43
	9
	34
	10
	42
	11
	25
	12
	7
	13
	32
	14
	21
	15
	20


	0
	47
	1
	43
	2
	22
	3
	43
	4
	31
	5
	39
	6
	6
	7
	24
	8
	29
	9
	11
	10
	8
	11
	8
	12
	27
	13
	36
	14
	31
	15
	45


	0
	21
	1
	18
	2
	34
	3
	42
	4
	35
	5
	49
	6
	48
	7
	30
	8
	25
	9
	42
	10
	18
	11
	34
	12
	18
	13
	14
	14
	20
	15
	7


	0
	14
	1
	46
	2
	14
	3
	12
	4
	20
	5
	25
	6
	35
	7
	49
	8
	18
	9
	15
	10
	22
	11
	23
	12
	31
	13
	10
	14
	7
	15
	40


	0
	21
	1
	41
	2
	35
	3
	44
	4
	32
	5
	46
	6
	20
	7
	32
	8
	31
	9
	38
	10
	30
	11
	47
	12
	21
	13
	42
	14
	42
	15
	48


	0
	28
	1
	8
	2
	20
	3
	40
	4
	22
	5
	24
	6
	9
	7
	7
	8
	37
	9
	10
	10
	45
	11
	46
	12
	45
	13
	32
	14
	9
	15
	17


	0
	16
	1
	12
	2
	32
	3
	18
	4
	27
	5
	25
	6
	35
	7
	34
	8
	25
	9
	44
	10
	15
	11
	6
	12
	34
	13
	21
	14
	12
	15
	20


	0
	7
	1
	31
	2
	13
	3
	44
	4
	22
	5
	32
	6
	37
	7
	45
	8
	49
	9
	22
	10
	45
	11
	8
	12
	26
	13
	6
	14
	37
	15
	26


	0
	25
	1
	49
	2
	6
	3
	7
	4
	32
	5
	43
	6
	8
	7
	37
	8
	30
	9
	29
	10
	27
	11
	24
	12
	37
	13
	40
	14
	49
	15
	32


	0
	18
	1
	13
	2
	41
	3
	39
	4
	31
	5
	28
	6
	13
	7
	14
	8
	39
	9
	47
	10
	20
	11
	12
	12
	44
	13
	20
	14
	40
	15
	47


	0
	20
	1
	28
	2
	35
	3
	28
	4
	26
	5
	45
	6
	14
	7
	37
	8
	8
	9
	39
	10
	23
	11
	9
	12
	12
	13
	27
	14
	8
	15
	42


	0
	20
	1
	42
	2
	10
	3
	49
	4
	15
	5
	23
	6
	13
	7
	43
	8
	42
	9
	7
	10
	21
	11
	8
	12
	46
	13
	44
	14
	9
	15
	36


	0
	36
	1
	45
	2
	15
	3
	45
	4
	39
	5
	29
	6
	35
	7
	46
	8
	6
	9
	13
	10
	19
	11
	48
	12
	41
	13
	20
	14
	44
	15
	17


	0
	14
	1
	42
	2
	41
	3
	24
	4
	48
	5
	21
	6
	49
	7
	10
	8
	21
	9
	41
	10
	15
	11
	36
	12
	30
	13
	47
	14
	26
	15
	22


	0
	19
	1
	45
	2
	31
	3
	5
	4
	21
	5
	45
	6
	30
	7
	42
	8
	39
	9
	28
	10
	8
	11
	31
	12
	16
	13
	37
	14
	27
	15
	40


	0
	22
	1
	31
	2
	15
	3
	47
	4
	22
	5
	11
	6
	48
	7
	18
	8
	14
	9
	10
	10
	28
	11
	21
	12
	12
	13
	22
	14
	22
	15
	18


	0
	44
	1
	10
	2
	38
	3
	40
	4
	27
	5
	24
	6
	49
	7
	28
	8
	9
	9
	39
	10
	34
	11
	20
	12
	37
	13
	47
	14
	12
	15
	26


	0
	10
	1
	39
	2
	30
	3
	5
	4
	43
	5
	18
	6
	34
	7
	46
	8
	24
	9
	32
	10
	11
	11
	28
	12
	6
	13
	14
	14
	25
	15
	19

