40
16
3

	0
	40
	1
	18
	2
	40
	3
	11
	4
	43
	5
	10
	6
	22
	7
	25
	8
	5
	9
	33
	10
	45
	11
	8
	12
	7
	13
	41
	14
	32
	15
	42


	0
	35
	1
	13
	2
	8
	3
	21
	4
	26
	5
	27
	6
	9
	7
	28
	8
	47
	9
	23
	10
	36
	11
	47
	12
	5
	13
	24
	14
	42
	15
	12


	0
	25
	1
	23
	2
	7
	3
	47
	4
	27
	5
	26
	6
	34
	7
	29
	8
	7
	9
	20
	10
	11
	11
	29
	12
	6
	13
	31
	14
	44
	15
	7


	0
	37
	1
	23
	2
	17
	3
	38
	4
	10
	5
	23
	6
	36
	7
	23
	8
	39
	9
	33
	10
	6
	11
	35
	12
	8
	13
	40
	14
	16
	15
	22


	0
	5
	1
	41
	2
	18
	3
	5
	4
	13
	5
	49
	6
	14
	7
	41
	8
	11
	9
	6
	10
	8
	11
	19
	12
	32
	13
	22
	14
	31
	15
	36


	0
	48
	1
	9
	2
	8
	3
	14
	4
	40
	5
	11
	6
	42
	7
	20
	8
	36
	9
	15
	10
	19
	11
	17
	12
	11
	13
	15
	14
	47
	15
	35


	0
	40
	1
	43
	2
	46
	3
	34
	4
	28
	5
	8
	6
	47
	7
	16
	8
	7
	9
	12
	10
	15
	11
	30
	12
	36
	13
	10
	14
	39
	15
	42


	0
	49
	1
	27
	2
	36
	3
	30
	4
	44
	5
	5
	6
	7
	7
	46
	8
	38
	9
	39
	10
	43
	11
	22
	12
	46
	13
	34
	14
	9
	15
	7


	0
	49
	1
	48
	2
	46
	3
	33
	4
	24
	5
	8
	6
	35
	7
	44
	8
	31
	9
	30
	10
	25
	11
	35
	12
	12
	13
	10
	14
	45
	15
	24


	0
	27
	1
	13
	2
	11
	3
	11
	4
	22
	5
	39
	6
	7
	7
	13
	8
	23
	9
	40
	10
	12
	11
	33
	12
	32
	13
	22
	14
	48
	15
	26


	0
	27
	1
	21
	2
	48
	3
	43
	4
	8
	5
	34
	6
	9
	7
	10
	8
	7
	9
	11
	10
	21
	11
	23
	12
	46
	13
	23
	14
	27
	15
	10


	0
	43
	1
	30
	2
	46
	3
	42
	4
	16
	5
	45
	6
	14
	7
	12
	8
	44
	9
	11
	10
	49
	11
	16
	12
	44
	13
	34
	14
	42
	15
	23


	0
	15
	1
	33
	2
	30
	3
	20
	4
	9
	5
	10
	6
	11
	7
	8
	8
	40
	9
	16
	10
	25
	11
	24
	12
	24
	13
	18
	14
	35
	15
	26


	0
	18
	1
	43
	2
	27
	3
	36
	4
	45
	5
	33
	6
	34
	7
	19
	8
	8
	9
	8
	10
	37
	11
	11
	12
	25
	13
	26
	14
	46
	15
	22


	0
	34
	1
	20
	2
	5
	3
	37
	4
	44
	5
	34
	6
	48
	7
	46
	8
	20
	9
	12
	10
	48
	11
	7
	12
	26
	13
	16
	14
	31
	15
	47


	0
	14
	1
	49
	2
	5
	3
	7
	4
	39
	5
	12
	6
	16
	7
	9
	8
	8
	9
	5
	10
	21
	11
	17
	12
	13
	13
	31
	14
	42
	15
	20


	0
	8
	1
	8
	2
	24
	3
	35
	4
	33
	5
	17
	6
	18
	7
	28
	8
	39
	9
	14
	10
	44
	11
	21
	12
	47
	13
	20
	14
	32
	15
	49


	0
	45
	1
	45
	2
	23
	3
	17
	4
	44
	5
	15
	6
	33
	7
	38
	8
	13
	9
	17
	10
	31
	11
	41
	12
	31
	13
	28
	14
	25
	15
	16


	0
	11
	1
	38
	2
	33
	3
	45
	4
	17
	5
	25
	6
	32
	7
	20
	8
	11
	9
	36
	10
	39
	11
	20
	12
	32
	13
	29
	14
	22
	15
	41


	0
	48
	1
	32
	2
	11
	3
	22
	4
	6
	5
	13
	6
	9
	7
	11
	8
	34
	9
	13
	10
	23
	11
	19
	12
	6
	13
	20
	14
	34
	15
	22


	0
	44
	1
	11
	2
	49
	3
	49
	4
	31
	5
	8
	6
	10
	7
	27
	8
	46
	9
	26
	10
	20
	11
	24
	12
	16
	13
	14
	14
	11
	15
	25


	0
	10
	1
	33
	2
	40
	3
	21
	4
	48
	5
	33
	6
	45
	7
	46
	8
	37
	9
	32
	10
	33
	11
	30
	12
	14
	13
	9
	14
	48
	15
	28


	0
	36
	1
	49
	2
	33
	3
	8
	4
	42
	5
	33
	6
	38
	7
	13
	8
	40
	9
	35
	10
	28
	11
	15
	12
	24
	13
	6
	14
	24
	15
	29


	0
	43
	1
	43
	2
	23
	3
	37
	4
	37
	5
	24
	6
	35
	7
	23
	8
	14
	9
	10
	10
	45
	11
	29
	12
	8
	13
	38
	14
	36
	15
	22


	0
	33
	1
	24
	2
	46
	3
	42
	4
	29
	5
	28
	6
	19
	7
	11
	8
	26
	9
	11
	10
	28
	11
	40
	12
	38
	13
	8
	14
	18
	15
	39


	0
	45
	1
	45
	2
	46
	3
	33
	4
	21
	5
	21
	6
	18
	7
	5
	8
	21
	9
	49
	10
	34
	11
	24
	12
	17
	13
	24
	14
	36
	15
	12


	0
	49
	1
	37
	2
	24
	3
	20
	4
	23
	5
	15
	6
	25
	7
	49
	8
	25
	9
	7
	10
	49
	11
	47
	12
	33
	13
	47
	14
	9
	15
	41


	0
	25
	1
	13
	2
	5
	3
	12
	4
	8
	5
	10
	6
	6
	7
	18
	8
	38
	9
	34
	10
	26
	11
	34
	12
	37
	13
	34
	14
	19
	15
	6


	0
	14
	1
	33
	2
	43
	3
	45
	4
	8
	5
	20
	6
	16
	7
	44
	8
	44
	9
	31
	10
	10
	11
	21
	12
	18
	13
	25
	14
	5
	15
	17


	0
	5
	1
	14
	2
	14
	3
	20
	4
	46
	5
	49
	6
	45
	7
	18
	8
	10
	9
	35
	10
	48
	11
	20
	12
	31
	13
	16
	14
	24
	15
	37


	0
	40
	1
	33
	2
	13
	3
	32
	4
	13
	5
	36
	6
	31
	7
	36
	8
	35
	9
	8
	10
	31
	11
	24
	12
	29
	13
	37
	14
	45
	15
	26


	0
	41
	1
	29
	2
	20
	3
	34
	4
	32
	5
	36
	6
	40
	7
	47
	8
	33
	9
	43
	10
	42
	11
	49
	12
	40
	13
	7
	14
	45
	15
	6


	0
	15
	1
	5
	2
	33
	3
	21
	4
	41
	5
	36
	6
	24
	7
	35
	8
	24
	9
	30
	10
	43
	11
	10
	12
	46
	13
	14
	14
	19
	15
	16


	0
	15
	1
	13
	2
	24
	3
	11
	4
	12
	5
	28
	6
	20
	7
	38
	8
	34
	9
	32
	10
	20
	11
	12
	12
	34
	13
	23
	14
	25
	15
	10


	0
	9
	1
	15
	2
	41
	3
	46
	4
	44
	5
	28
	6
	8
	7
	5
	8
	34
	9
	46
	10
	7
	11
	31
	12
	49
	13
	30
	14
	5
	15
	20


	0
	37
	1
	23
	2
	17
	3
	9
	4
	18
	5
	29
	6
	48
	7
	31
	8
	16
	9
	8
	10
	42
	11
	17
	12
	25
	13
	34
	14
	49
	15
	14


	0
	23
	1
	31
	2
	29
	3
	39
	4
	15
	5
	10
	6
	5
	7
	49
	8
	17
	9
	26
	10
	25
	11
	5
	12
	44
	13
	23
	14
	43
	15
	5


	0
	13
	1
	29
	2
	13
	3
	28
	4
	30
	5
	21
	6
	37
	7
	5
	8
	39
	9
	13
	10
	34
	11
	12
	12
	18
	13
	35
	14
	46
	15
	45


	0
	35
	1
	7
	2
	40
	3
	6
	4
	6
	5
	5
	6
	48
	7
	37
	8
	29
	9
	33
	10
	12
	11
	12
	12
	19
	13
	8
	14
	48
	15
	39


	0
	43
	1
	22
	2
	8
	3
	31
	4
	17
	5
	10
	6
	36
	7
	28
	8
	43
	9
	23
	10
	42
	11
	34
	12
	41
	13
	17
	14
	5
	15
	10

