40
4
4

	0
	32
	1
	8
	2
	38
	3
	5


	0
	28
	1
	33
	2
	23
	3
	29


	0
	37
	1
	32
	2
	14
	3
	44


	0
	30
	1
	23
	2
	16
	3
	22


	0
	15
	1
	8
	2
	17
	3
	13


	0
	6
	1
	20
	2
	41
	3
	31


	0
	43
	1
	10
	2
	36
	3
	17


	0
	45
	1
	46
	2
	32
	3
	46


	0
	34
	1
	24
	2
	35
	3
	38


	0
	11
	1
	17
	2
	48
	3
	44


	0
	28
	1
	17
	2
	32
	3
	49


	0
	39
	1
	21
	2
	21
	3
	38


	0
	44
	1
	40
	2
	20
	3
	13


	0
	34
	1
	6
	2
	36
	3
	22


	0
	24
	1
	49
	2
	25
	3
	9


	0
	23
	1
	15
	2
	25
	3
	47


	0
	28
	1
	19
	2
	44
	3
	25


	0
	40
	1
	30
	2
	7
	3
	33


	0
	16
	1
	7
	2
	11
	3
	48


	0
	33
	1
	22
	2
	44
	3
	8


	0
	22
	1
	37
	2
	45
	3
	37


	0
	7
	1
	29
	2
	41
	3
	39


	0
	40
	1
	26
	2
	46
	3
	33


	0
	12
	1
	29
	2
	21
	3
	35


	0
	7
	1
	48
	2
	49
	3
	15


	0
	21
	1
	8
	2
	44
	3
	28


	0
	43
	1
	6
	2
	47
	3
	41


	0
	39
	1
	47
	2
	49
	3
	40


	0
	18
	1
	41
	2
	26
	3
	16


	0
	35
	1
	12
	2
	43
	3
	18


	0
	41
	1
	29
	2
	17
	3
	34


	0
	49
	1
	23
	2
	48
	3
	26


	0
	19
	1
	39
	2
	40
	3
	7


	0
	30
	1
	13
	2
	11
	3
	20


	0
	12
	1
	13
	2
	46
	3
	40


	0
	7
	1
	7
	2
	15
	3
	29


	0
	41
	1
	49
	2
	27
	3
	49


	0
	13
	1
	37
	2
	30
	3
	8


	0
	32
	1
	20
	2
	13
	3
	35


	0
	22
	1
	21
	2
	8
	3
	43

