40
16
5

	0
	45
	1
	22
	2
	16
	3
	19
	4
	39
	5
	26
	6
	5
	7
	16
	8
	41
	9
	13
	10
	31
	11
	18
	12
	18
	13
	28
	14
	48
	15
	14


	0
	39
	1
	49
	2
	33
	3
	25
	4
	42
	5
	49
	6
	15
	7
	17
	8
	41
	9
	12
	10
	15
	11
	10
	12
	13
	13
	14
	14
	39
	15
	11


	0
	43
	1
	31
	2
	17
	3
	16
	4
	32
	5
	41
	6
	27
	7
	30
	8
	48
	9
	45
	10
	6
	11
	28
	12
	12
	13
	33
	14
	32
	15
	10


	0
	11
	1
	40
	2
	36
	3
	38
	4
	41
	5
	42
	6
	22
	7
	39
	8
	26
	9
	33
	10
	49
	11
	21
	12
	8
	13
	37
	14
	27
	15
	6


	0
	19
	1
	23
	2
	19
	3
	49
	4
	12
	5
	29
	6
	14
	7
	9
	8
	14
	9
	40
	10
	15
	11
	12
	12
	35
	13
	29
	14
	14
	15
	12


	0
	41
	1
	32
	2
	36
	3
	35
	4
	23
	5
	46
	6
	38
	7
	23
	8
	31
	9
	38
	10
	27
	11
	25
	12
	37
	13
	8
	14
	13
	15
	43


	0
	8
	1
	34
	2
	49
	3
	26
	4
	43
	5
	26
	6
	7
	7
	18
	8
	44
	9
	7
	10
	6
	11
	17
	12
	38
	13
	19
	14
	31
	15
	15


	0
	37
	1
	39
	2
	36
	3
	7
	4
	43
	5
	26
	6
	15
	7
	44
	8
	11
	9
	36
	10
	37
	11
	14
	12
	17
	13
	7
	14
	28
	15
	20


	0
	48
	1
	22
	2
	49
	3
	46
	4
	36
	5
	34
	6
	44
	7
	36
	8
	16
	9
	44
	10
	26
	11
	17
	12
	11
	13
	17
	14
	20
	15
	38


	0
	19
	1
	35
	2
	32
	3
	10
	4
	23
	5
	17
	6
	32
	7
	23
	8
	22
	9
	18
	10
	24
	11
	49
	12
	40
	13
	22
	14
	47
	15
	44


	0
	48
	1
	9
	2
	15
	3
	8
	4
	43
	5
	33
	6
	9
	7
	47
	8
	37
	9
	45
	10
	25
	11
	39
	12
	48
	13
	13
	14
	9
	15
	11


	0
	9
	1
	47
	2
	47
	3
	47
	4
	34
	5
	42
	6
	48
	7
	36
	8
	44
	9
	33
	10
	24
	11
	14
	12
	39
	13
	13
	14
	49
	15
	22


	0
	12
	1
	21
	2
	23
	3
	12
	4
	44
	5
	9
	6
	13
	7
	18
	8
	43
	9
	26
	10
	16
	11
	26
	12
	31
	13
	41
	14
	48
	15
	38


	0
	8
	1
	36
	2
	15
	3
	10
	4
	24
	5
	25
	6
	24
	7
	34
	8
	30
	9
	16
	10
	47
	11
	34
	12
	14
	13
	18
	14
	23
	15
	44


	0
	31
	1
	42
	2
	29
	3
	21
	4
	11
	5
	37
	6
	34
	7
	37
	8
	14
	9
	19
	10
	9
	11
	40
	12
	41
	13
	11
	14
	33
	15
	13


	0
	20
	1
	7
	2
	43
	3
	22
	4
	45
	5
	49
	6
	48
	7
	22
	8
	8
	9
	11
	10
	43
	11
	13
	12
	48
	13
	29
	14
	21
	15
	44


	0
	45
	1
	32
	2
	39
	3
	37
	4
	48
	5
	47
	6
	34
	7
	8
	8
	29
	9
	45
	10
	8
	11
	41
	12
	21
	13
	33
	14
	8
	15
	11


	0
	43
	1
	26
	2
	15
	3
	47
	4
	8
	5
	24
	6
	21
	7
	12
	8
	8
	9
	37
	10
	24
	11
	11
	12
	16
	13
	26
	14
	15
	15
	41


	0
	34
	1
	12
	2
	47
	3
	5
	4
	16
	5
	9
	6
	35
	7
	44
	8
	21
	9
	24
	10
	43
	11
	28
	12
	26
	13
	46
	14
	40
	15
	20


	0
	42
	1
	39
	2
	24
	3
	8
	4
	43
	5
	19
	6
	35
	7
	47
	8
	45
	9
	39
	10
	5
	11
	13
	12
	28
	13
	13
	14
	19
	15
	25


	0
	44
	1
	48
	2
	21
	3
	26
	4
	43
	5
	41
	6
	32
	7
	15
	8
	40
	9
	10
	10
	35
	11
	27
	12
	14
	13
	41
	14
	26
	15
	24


	0
	34
	1
	37
	2
	27
	3
	24
	4
	49
	5
	49
	6
	12
	7
	15
	8
	32
	9
	22
	10
	39
	11
	45
	12
	42
	13
	41
	14
	33
	15
	5


	0
	45
	1
	41
	2
	25
	3
	20
	4
	46
	5
	7
	6
	40
	7
	26
	8
	28
	9
	20
	10
	5
	11
	48
	12
	38
	13
	33
	14
	34
	15
	19


	0
	42
	1
	27
	2
	39
	3
	29
	4
	29
	5
	18
	6
	35
	7
	37
	8
	39
	9
	15
	10
	8
	11
	13
	12
	41
	13
	47
	14
	9
	15
	44


	0
	9
	1
	43
	2
	13
	3
	33
	4
	42
	5
	11
	6
	39
	7
	11
	8
	30
	9
	10
	10
	38
	11
	8
	12
	19
	13
	20
	14
	28
	15
	19


	0
	12
	1
	37
	2
	11
	3
	42
	4
	27
	5
	17
	6
	40
	7
	21
	8
	11
	9
	39
	10
	30
	11
	31
	12
	49
	13
	5
	14
	14
	15
	25


	0
	12
	1
	23
	2
	27
	3
	41
	4
	26
	5
	9
	6
	11
	7
	48
	8
	7
	9
	21
	10
	32
	11
	49
	12
	34
	13
	40
	14
	44
	15
	39


	0
	38
	1
	45
	2
	23
	3
	16
	4
	6
	5
	19
	6
	5
	7
	46
	8
	42
	9
	46
	10
	7
	11
	16
	12
	43
	13
	35
	14
	14
	15
	46


	0
	8
	1
	48
	2
	30
	3
	36
	4
	31
	5
	44
	6
	10
	7
	44
	8
	20
	9
	16
	10
	41
	11
	9
	12
	39
	13
	40
	14
	27
	15
	28


	0
	8
	1
	12
	2
	30
	3
	42
	4
	26
	5
	38
	6
	13
	7
	27
	8
	6
	9
	35
	10
	35
	11
	12
	12
	48
	13
	20
	14
	6
	15
	48


	0
	15
	1
	29
	2
	5
	3
	10
	4
	33
	5
	20
	6
	39
	7
	22
	8
	8
	9
	22
	10
	46
	11
	35
	12
	28
	13
	29
	14
	36
	15
	29


	0
	32
	1
	29
	2
	7
	3
	40
	4
	6
	5
	34
	6
	26
	7
	7
	8
	29
	9
	45
	10
	28
	11
	14
	12
	21
	13
	13
	14
	46
	15
	21


	0
	40
	1
	9
	2
	35
	3
	14
	4
	38
	5
	40
	6
	37
	7
	45
	8
	16
	9
	34
	10
	39
	11
	8
	12
	29
	13
	12
	14
	46
	15
	47


	0
	17
	1
	43
	2
	38
	3
	36
	4
	9
	5
	36
	6
	20
	7
	39
	8
	39
	9
	34
	10
	20
	11
	40
	12
	35
	13
	18
	14
	9
	15
	13


	0
	45
	1
	42
	2
	17
	3
	38
	4
	46
	5
	25
	6
	21
	7
	49
	8
	15
	9
	31
	10
	5
	11
	47
	12
	15
	13
	30
	14
	38
	15
	25


	0
	7
	1
	17
	2
	17
	3
	22
	4
	17
	5
	27
	6
	16
	7
	47
	8
	6
	9
	12
	10
	9
	11
	16
	12
	41
	13
	21
	14
	37
	15
	35


	0
	10
	1
	30
	2
	26
	3
	36
	4
	35
	5
	11
	6
	13
	7
	11
	8
	48
	9
	10
	10
	12
	11
	7
	12
	38
	13
	21
	14
	15
	15
	16


	0
	31
	1
	12
	2
	6
	3
	46
	4
	13
	5
	22
	6
	13
	7
	42
	8
	27
	9
	22
	10
	32
	11
	24
	12
	48
	13
	49
	14
	14
	15
	41


	0
	48
	1
	42
	2
	24
	3
	42
	4
	37
	5
	30
	6
	5
	7
	13
	8
	23
	9
	13
	10
	20
	11
	37
	12
	45
	13
	49
	14
	25
	15
	43


	0
	9
	1
	28
	2
	12
	3
	43
	4
	48
	5
	27
	6
	13
	7
	47
	8
	37
	9
	41
	10
	28
	11
	15
	12
	47
	13
	14
	14
	14
	15
	45

