40
8
2

	0
	23
	1
	20
	2
	39
	3
	28
	4
	29
	5
	24
	6
	12
	7
	37


	0
	20
	1
	43
	2
	20
	3
	10
	4
	37
	5
	44
	6
	38
	7
	5


	0
	32
	1
	29
	2
	24
	3
	47
	4
	48
	5
	5
	6
	11
	7
	26


	0
	8
	1
	8
	2
	45
	3
	39
	4
	32
	5
	36
	6
	45
	7
	46


	0
	23
	1
	12
	2
	39
	3
	11
	4
	38
	5
	24
	6
	10
	7
	41


	0
	39
	1
	39
	2
	29
	3
	32
	4
	15
	5
	40
	6
	28
	7
	40


	0
	5
	1
	40
	2
	20
	3
	39
	4
	43
	5
	23
	6
	26
	7
	13


	0
	27
	1
	12
	2
	17
	3
	28
	4
	40
	5
	31
	6
	33
	7
	49


	0
	15
	1
	28
	2
	34
	3
	27
	4
	14
	5
	21
	6
	9
	7
	35


	0
	13
	1
	40
	2
	15
	3
	16
	4
	10
	5
	8
	6
	16
	7
	26


	0
	29
	1
	20
	2
	20
	3
	41
	4
	25
	5
	13
	6
	24
	7
	16


	0
	25
	1
	22
	2
	32
	3
	36
	4
	12
	5
	29
	6
	46
	7
	16


	0
	37
	1
	49
	2
	39
	3
	28
	4
	16
	5
	25
	6
	10
	7
	30


	0
	28
	1
	24
	2
	34
	3
	32
	4
	20
	5
	43
	6
	38
	7
	47


	0
	22
	1
	27
	2
	29
	3
	21
	4
	44
	5
	17
	6
	45
	7
	10


	0
	5
	1
	9
	2
	24
	3
	8
	4
	23
	5
	18
	6
	18
	7
	16


	0
	39
	1
	48
	2
	7
	3
	21
	4
	47
	5
	32
	6
	45
	7
	9


	0
	17
	1
	19
	2
	40
	3
	36
	4
	32
	5
	30
	6
	8
	7
	22


	0
	38
	1
	33
	2
	46
	3
	49
	4
	24
	5
	19
	6
	24
	7
	43


	0
	20
	1
	37
	2
	7
	3
	6
	4
	14
	5
	22
	6
	27
	7
	27


	0
	25
	1
	21
	2
	16
	3
	24
	4
	29
	5
	33
	6
	45
	7
	47


	0
	8
	1
	32
	2
	22
	3
	35
	4
	23
	5
	39
	6
	13
	7
	25


	0
	19
	1
	29
	2
	6
	3
	28
	4
	49
	5
	10
	6
	23
	7
	20


	0
	14
	1
	34
	2
	28
	3
	47
	4
	39
	5
	7
	6
	46
	7
	47


	0
	30
	1
	11
	2
	13
	3
	26
	4
	25
	5
	31
	6
	28
	7
	14


	0
	43
	1
	24
	2
	33
	3
	36
	4
	25
	5
	7
	6
	26
	7
	31


	0
	35
	1
	11
	2
	20
	3
	48
	4
	37
	5
	42
	6
	45
	7
	14


	0
	19
	1
	26
	2
	46
	3
	38
	4
	10
	5
	20
	6
	21
	7
	28


	0
	29
	1
	37
	2
	37
	3
	25
	4
	21
	5
	17
	6
	35
	7
	9


	0
	39
	1
	27
	2
	11
	3
	33
	4
	5
	5
	9
	6
	43
	7
	6


	0
	26
	1
	28
	2
	46
	3
	39
	4
	22
	5
	24
	6
	42
	7
	48


	0
	27
	1
	46
	2
	17
	3
	8
	4
	44
	5
	43
	6
	46
	7
	49


	0
	30
	1
	37
	2
	10
	3
	22
	4
	22
	5
	39
	6
	6
	7
	20


	0
	9
	1
	25
	2
	32
	3
	16
	4
	35
	5
	40
	6
	13
	7
	43


	0
	32
	1
	17
	2
	40
	3
	20
	4
	45
	5
	36
	6
	40
	7
	42


	0
	20
	1
	32
	2
	34
	3
	34
	4
	35
	5
	9
	6
	5
	7
	18


	0
	34
	1
	7
	2
	7
	3
	5
	4
	14
	5
	29
	6
	13
	7
	22


	0
	31
	1
	10
	2
	35
	3
	28
	4
	37
	5
	46
	6
	26
	7
	27


	0
	41
	1
	45
	2
	28
	3
	30
	4
	5
	5
	21
	6
	14
	7
	30


	0
	7
	1
	17
	2
	28
	3
	38
	4
	32
	5
	22
	6
	42
	7
	33

