40
8
2

	0
	47
	1
	39
	2
	13
	3
	47
	4
	9
	5
	23
	6
	20
	7
	23


	0
	30
	1
	21
	2
	45
	3
	23
	4
	26
	5
	24
	6
	38
	7
	43


	0
	35
	1
	18
	2
	21
	3
	47
	4
	26
	5
	18
	6
	16
	7
	16


	0
	28
	1
	44
	2
	10
	3
	40
	4
	20
	5
	24
	6
	48
	7
	34


	0
	43
	1
	20
	2
	38
	3
	20
	4
	19
	5
	12
	6
	31
	7
	44


	0
	28
	1
	24
	2
	44
	3
	14
	4
	40
	5
	24
	6
	35
	7
	32


	0
	47
	1
	7
	2
	35
	3
	6
	4
	41
	5
	20
	6
	26
	7
	13


	0
	17
	1
	10
	2
	17
	3
	43
	4
	5
	5
	18
	6
	30
	7
	24


	0
	38
	1
	24
	2
	29
	3
	47
	4
	6
	5
	37
	6
	23
	7
	11


	0
	6
	1
	7
	2
	42
	3
	21
	4
	25
	5
	14
	6
	32
	7
	18


	0
	11
	1
	14
	2
	15
	3
	43
	4
	44
	5
	37
	6
	36
	7
	22


	0
	18
	1
	41
	2
	14
	3
	15
	4
	36
	5
	6
	6
	29
	7
	37


	0
	8
	1
	31
	2
	28
	3
	5
	4
	29
	5
	42
	6
	31
	7
	16


	0
	42
	1
	35
	2
	21
	3
	20
	4
	8
	5
	27
	6
	11
	7
	18


	0
	32
	1
	40
	2
	16
	3
	44
	4
	18
	5
	29
	6
	37
	7
	47


	0
	25
	1
	26
	2
	45
	3
	7
	4
	13
	5
	17
	6
	40
	7
	11


	0
	8
	1
	13
	2
	45
	3
	9
	4
	13
	5
	14
	6
	42
	7
	41


	0
	36
	1
	16
	2
	11
	3
	12
	4
	33
	5
	11
	6
	17
	7
	32


	0
	33
	1
	28
	2
	28
	3
	30
	4
	13
	5
	37
	6
	9
	7
	22


	0
	42
	1
	33
	2
	18
	3
	22
	4
	38
	5
	30
	6
	31
	7
	6


	0
	46
	1
	16
	2
	25
	3
	16
	4
	44
	5
	30
	6
	45
	7
	31


	0
	8
	1
	22
	2
	46
	3
	38
	4
	16
	5
	7
	6
	18
	7
	41


	0
	46
	1
	32
	2
	30
	3
	31
	4
	49
	5
	36
	6
	26
	7
	21


	0
	13
	1
	27
	2
	14
	3
	40
	4
	45
	5
	8
	6
	28
	7
	32


	0
	6
	1
	36
	2
	30
	3
	44
	4
	10
	5
	11
	6
	39
	7
	24


	0
	48
	1
	35
	2
	14
	3
	36
	4
	9
	5
	47
	6
	21
	7
	17


	0
	19
	1
	32
	2
	11
	3
	14
	4
	37
	5
	45
	6
	37
	7
	35


	0
	20
	1
	38
	2
	29
	3
	12
	4
	27
	5
	40
	6
	27
	7
	33


	0
	47
	1
	44
	2
	30
	3
	13
	4
	29
	5
	34
	6
	35
	7
	47


	0
	22
	1
	23
	2
	14
	3
	21
	4
	8
	5
	7
	6
	27
	7
	32


	0
	37
	1
	15
	2
	8
	3
	36
	4
	21
	5
	10
	6
	38
	7
	38


	0
	16
	1
	9
	2
	31
	3
	16
	4
	24
	5
	33
	6
	21
	7
	31


	0
	5
	1
	22
	2
	36
	3
	43
	4
	23
	5
	11
	6
	9
	7
	30


	0
	45
	1
	39
	2
	44
	3
	48
	4
	44
	5
	32
	6
	13
	7
	24


	0
	37
	1
	15
	2
	22
	3
	30
	4
	49
	5
	24
	6
	23
	7
	24


	0
	9
	1
	47
	2
	14
	3
	31
	4
	9
	5
	46
	6
	29
	7
	48


	0
	12
	1
	9
	2
	25
	3
	36
	4
	30
	5
	8
	6
	37
	7
	38


	0
	5
	1
	18
	2
	46
	3
	16
	4
	47
	5
	21
	6
	47
	7
	29


	0
	40
	1
	13
	2
	38
	3
	35
	4
	35
	5
	11
	6
	30
	7
	47


	0
	31
	1
	18
	2
	6
	3
	20
	4
	38
	5
	44
	6
	26
	7
	36

