40
4
5

	0
	10
	1
	26
	2
	47
	3
	48


	0
	38
	1
	16
	2
	8
	3
	49


	0
	36
	1
	47
	2
	13
	3
	8


	0
	34
	1
	36
	2
	23
	3
	27


	0
	22
	1
	6
	2
	10
	3
	35


	0
	40
	1
	41
	2
	40
	3
	43


	0
	33
	1
	41
	2
	32
	3
	7


	0
	13
	1
	25
	2
	46
	3
	44


	0
	42
	1
	42
	2
	24
	3
	6


	0
	26
	1
	47
	2
	10
	3
	37


	0
	42
	1
	36
	2
	8
	3
	14


	0
	47
	1
	35
	2
	6
	3
	40


	0
	30
	1
	7
	2
	36
	3
	44


	0
	37
	1
	38
	2
	26
	3
	43


	0
	29
	1
	37
	2
	42
	3
	7


	0
	44
	1
	32
	2
	37
	3
	23


	0
	23
	1
	39
	2
	15
	3
	34


	0
	36
	1
	49
	2
	35
	3
	47


	0
	12
	1
	37
	2
	11
	3
	37


	0
	10
	1
	44
	2
	18
	3
	35


	0
	9
	1
	5
	2
	6
	3
	31


	0
	49
	1
	44
	2
	28
	3
	23


	0
	47
	1
	10
	2
	20
	3
	6


	0
	26
	1
	15
	2
	21
	3
	34


	0
	30
	1
	25
	2
	35
	3
	7


	0
	34
	1
	49
	2
	34
	3
	35


	0
	29
	1
	18
	2
	30
	3
	10


	0
	6
	1
	21
	2
	17
	3
	12


	0
	31
	1
	40
	2
	33
	3
	16


	0
	45
	1
	20
	2
	17
	3
	39


	0
	32
	1
	46
	2
	13
	3
	45


	0
	6
	1
	6
	2
	20
	3
	12


	0
	18
	1
	35
	2
	26
	3
	8


	0
	25
	1
	17
	2
	49
	3
	38


	0
	43
	1
	32
	2
	21
	3
	25


	0
	16
	1
	21
	2
	24
	3
	26


	0
	46
	1
	11
	2
	14
	3
	30


	0
	29
	1
	37
	2
	41
	3
	11


	0
	8
	1
	19
	2
	19
	3
	13


	0
	49
	1
	20
	2
	24
	3
	7

