40
4
4

	0
	32
	1
	5
	2
	21
	3
	35


	0
	43
	1
	34
	2
	49
	3
	39


	0
	41
	1
	39
	2
	16
	3
	26


	0
	16
	1
	12
	2
	19
	3
	13


	0
	16
	1
	13
	2
	30
	3
	11


	0
	8
	1
	38
	2
	34
	3
	30


	0
	45
	1
	28
	2
	10
	3
	39


	0
	16
	1
	32
	2
	8
	3
	31


	0
	22
	1
	15
	2
	20
	3
	18


	0
	49
	1
	46
	2
	7
	3
	42


	0
	8
	1
	49
	2
	47
	3
	31


	0
	34
	1
	28
	2
	39
	3
	25


	0
	45
	1
	32
	2
	11
	3
	5


	0
	8
	1
	44
	2
	9
	3
	15


	0
	10
	1
	46
	2
	19
	3
	23


	0
	10
	1
	14
	2
	8
	3
	48


	0
	14
	1
	43
	2
	48
	3
	47


	0
	45
	1
	44
	2
	16
	3
	47


	0
	37
	1
	31
	2
	48
	3
	24


	0
	14
	1
	10
	2
	31
	3
	40


	0
	7
	1
	39
	2
	11
	3
	33


	0
	41
	1
	28
	2
	49
	3
	11


	0
	38
	1
	43
	2
	45
	3
	10


	0
	35
	1
	34
	2
	32
	3
	35


	0
	20
	1
	19
	2
	21
	3
	14


	0
	18
	1
	6
	2
	43
	3
	22


	0
	25
	1
	28
	2
	40
	3
	16


	0
	17
	1
	30
	2
	40
	3
	25


	0
	14
	1
	41
	2
	18
	3
	21


	0
	47
	1
	45
	2
	49
	3
	25


	0
	43
	1
	46
	2
	15
	3
	49


	0
	29
	1
	30
	2
	16
	3
	10


	0
	23
	1
	11
	2
	41
	3
	22


	0
	6
	1
	7
	2
	24
	3
	37


	0
	9
	1
	44
	2
	10
	3
	14


	0
	17
	1
	9
	2
	15
	3
	36


	0
	28
	1
	13
	2
	45
	3
	41


	0
	14
	1
	35
	2
	43
	3
	26


	0
	28
	1
	23
	2
	47
	3
	21


	0
	21
	1
	20
	2
	44
	3
	36

