40
16
3

	0
	13
	1
	43
	2
	44
	3
	32
	4
	49
	5
	18
	6
	39
	7
	45
	8
	33
	9
	40
	10
	39
	11
	10
	12
	37
	13
	47
	14
	10
	15
	29


	0
	44
	1
	18
	2
	32
	3
	31
	4
	19
	5
	23
	6
	47
	7
	32
	8
	46
	9
	32
	10
	48
	11
	44
	12
	31
	13
	6
	14
	26
	15
	47


	0
	10
	1
	20
	2
	17
	3
	44
	4
	5
	5
	36
	6
	18
	7
	36
	8
	30
	9
	40
	10
	41
	11
	16
	12
	40
	13
	30
	14
	39
	15
	13


	0
	9
	1
	15
	2
	32
	3
	42
	4
	14
	5
	24
	6
	12
	7
	14
	8
	42
	9
	11
	10
	48
	11
	34
	12
	44
	13
	8
	14
	39
	15
	8


	0
	45
	1
	44
	2
	24
	3
	46
	4
	16
	5
	28
	6
	42
	7
	13
	8
	44
	9
	7
	10
	44
	11
	34
	12
	39
	13
	45
	14
	13
	15
	34


	0
	9
	1
	17
	2
	36
	3
	31
	4
	40
	5
	29
	6
	20
	7
	40
	8
	26
	9
	42
	10
	39
	11
	34
	12
	45
	13
	40
	14
	6
	15
	20


	0
	38
	1
	21
	2
	40
	3
	49
	4
	6
	5
	44
	6
	35
	7
	48
	8
	10
	9
	14
	10
	5
	11
	25
	12
	40
	13
	22
	14
	49
	15
	16


	0
	49
	1
	25
	2
	41
	3
	9
	4
	24
	5
	46
	6
	45
	7
	37
	8
	46
	9
	22
	10
	5
	11
	34
	12
	18
	13
	33
	14
	12
	15
	41


	0
	16
	1
	5
	2
	9
	3
	14
	4
	36
	5
	47
	6
	29
	7
	15
	8
	16
	9
	43
	10
	18
	11
	5
	12
	18
	13
	14
	14
	49
	15
	34


	0
	16
	1
	27
	2
	42
	3
	6
	4
	9
	5
	17
	6
	41
	7
	5
	8
	30
	9
	11
	10
	41
	11
	10
	12
	43
	13
	19
	14
	41
	15
	21


	0
	45
	1
	42
	2
	24
	3
	9
	4
	17
	5
	49
	6
	42
	7
	14
	8
	29
	9
	47
	10
	16
	11
	46
	12
	32
	13
	46
	14
	34
	15
	47


	0
	31
	1
	40
	2
	35
	3
	22
	4
	38
	5
	15
	6
	10
	7
	36
	8
	42
	9
	11
	10
	34
	11
	16
	12
	31
	13
	6
	14
	21
	15
	19


	0
	48
	1
	38
	2
	5
	3
	12
	4
	49
	5
	5
	6
	36
	7
	18
	8
	21
	9
	45
	10
	31
	11
	11
	12
	8
	13
	15
	14
	10
	15
	14


	0
	28
	1
	36
	2
	30
	3
	39
	4
	37
	5
	6
	6
	16
	7
	22
	8
	28
	9
	31
	10
	49
	11
	16
	12
	34
	13
	38
	14
	30
	15
	21


	0
	28
	1
	9
	2
	20
	3
	37
	4
	40
	5
	24
	6
	14
	7
	28
	8
	11
	9
	13
	10
	10
	11
	34
	12
	21
	13
	38
	14
	18
	15
	49


	0
	25
	1
	47
	2
	34
	3
	47
	4
	28
	5
	42
	6
	47
	7
	35
	8
	41
	9
	35
	10
	27
	11
	31
	12
	31
	13
	14
	14
	24
	15
	20


	0
	43
	1
	27
	2
	27
	3
	20
	4
	40
	5
	42
	6
	13
	7
	36
	8
	6
	9
	33
	10
	15
	11
	6
	12
	7
	13
	19
	14
	48
	15
	8


	0
	33
	1
	17
	2
	43
	3
	9
	4
	14
	5
	12
	6
	44
	7
	24
	8
	43
	9
	11
	10
	27
	11
	45
	12
	13
	13
	38
	14
	21
	15
	16


	0
	9
	1
	49
	2
	48
	3
	47
	4
	31
	5
	24
	6
	11
	7
	17
	8
	12
	9
	48
	10
	29
	11
	36
	12
	46
	13
	45
	14
	18
	15
	19


	0
	36
	1
	17
	2
	39
	3
	23
	4
	28
	5
	44
	6
	16
	7
	35
	8
	13
	9
	42
	10
	21
	11
	29
	12
	19
	13
	46
	14
	44
	15
	29


	0
	48
	1
	19
	2
	21
	3
	8
	4
	16
	5
	12
	6
	5
	7
	27
	8
	44
	9
	45
	10
	21
	11
	32
	12
	29
	13
	6
	14
	47
	15
	47


	0
	16
	1
	49
	2
	46
	3
	26
	4
	7
	5
	15
	6
	22
	7
	8
	8
	38
	9
	49
	10
	24
	11
	18
	12
	20
	13
	23
	14
	49
	15
	39


	0
	38
	1
	8
	2
	15
	3
	35
	4
	9
	5
	24
	6
	9
	7
	31
	8
	8
	9
	28
	10
	48
	11
	48
	12
	24
	13
	5
	14
	20
	15
	28


	0
	43
	1
	28
	2
	16
	3
	10
	4
	17
	5
	7
	6
	40
	7
	6
	8
	15
	9
	6
	10
	39
	11
	10
	12
	6
	13
	10
	14
	19
	15
	33


	0
	38
	1
	34
	2
	11
	3
	45
	4
	13
	5
	48
	6
	5
	7
	15
	8
	9
	9
	49
	10
	17
	11
	5
	12
	36
	13
	14
	14
	23
	15
	37


	0
	17
	1
	32
	2
	45
	3
	29
	4
	48
	5
	16
	6
	32
	7
	33
	8
	27
	9
	18
	10
	21
	11
	20
	12
	30
	13
	23
	14
	21
	15
	26


	0
	48
	1
	48
	2
	16
	3
	11
	4
	32
	5
	38
	6
	22
	7
	43
	8
	38
	9
	48
	10
	7
	11
	29
	12
	46
	13
	17
	14
	32
	15
	13


	0
	34
	1
	28
	2
	18
	3
	39
	4
	49
	5
	21
	6
	41
	7
	46
	8
	24
	9
	46
	10
	30
	11
	21
	12
	26
	13
	29
	14
	37
	15
	24


	0
	16
	1
	49
	2
	48
	3
	12
	4
	10
	5
	42
	6
	15
	7
	46
	8
	9
	9
	47
	10
	37
	11
	13
	12
	9
	13
	38
	14
	49
	15
	37


	0
	28
	1
	28
	2
	6
	3
	32
	4
	15
	5
	42
	6
	33
	7
	23
	8
	17
	9
	10
	10
	42
	11
	47
	12
	36
	13
	36
	14
	21
	15
	25


	0
	43
	1
	16
	2
	28
	3
	9
	4
	7
	5
	43
	6
	42
	7
	20
	8
	6
	9
	15
	10
	34
	11
	21
	12
	20
	13
	18
	14
	25
	15
	23


	0
	13
	1
	28
	2
	49
	3
	28
	4
	30
	5
	26
	6
	45
	7
	28
	8
	35
	9
	10
	10
	10
	11
	8
	12
	39
	13
	18
	14
	6
	15
	44


	0
	48
	1
	46
	2
	41
	3
	32
	4
	28
	5
	7
	6
	27
	7
	39
	8
	9
	9
	43
	10
	29
	11
	47
	12
	15
	13
	33
	14
	43
	15
	16


	0
	46
	1
	19
	2
	24
	3
	9
	4
	24
	5
	8
	6
	18
	7
	30
	8
	23
	9
	29
	10
	30
	11
	10
	12
	35
	13
	45
	14
	19
	15
	8


	0
	45
	1
	23
	2
	38
	3
	32
	4
	30
	5
	46
	6
	13
	7
	8
	8
	39
	9
	33
	10
	17
	11
	10
	12
	46
	13
	47
	14
	24
	15
	39


	0
	14
	1
	20
	2
	36
	3
	14
	4
	31
	5
	29
	6
	9
	7
	23
	8
	35
	9
	26
	10
	24
	11
	19
	12
	14
	13
	48
	14
	24
	15
	14


	0
	9
	1
	19
	2
	5
	3
	30
	4
	8
	5
	6
	6
	42
	7
	13
	8
	13
	9
	46
	10
	11
	11
	30
	12
	44
	13
	32
	14
	34
	15
	24


	0
	45
	1
	37
	2
	19
	3
	44
	4
	21
	5
	33
	6
	35
	7
	29
	8
	24
	9
	34
	10
	18
	11
	41
	12
	29
	13
	12
	14
	23
	15
	16


	0
	15
	1
	10
	2
	33
	3
	31
	4
	9
	5
	22
	6
	26
	7
	20
	8
	26
	9
	7
	10
	29
	11
	19
	12
	40
	13
	12
	14
	7
	15
	42


	0
	15
	1
	30
	2
	19
	3
	15
	4
	15
	5
	45
	6
	30
	7
	19
	8
	25
	9
	6
	10
	7
	11
	17
	12
	28
	13
	27
	14
	18
	15
	30

