40
16
4

	0
	8
	1
	12
	2
	46
	3
	28
	4
	16
	5
	5
	6
	23
	7
	17
	8
	45
	9
	36
	10
	39
	11
	29
	12
	33
	13
	46
	14
	34
	15
	10


	0
	29
	1
	21
	2
	47
	3
	49
	4
	7
	5
	43
	6
	12
	7
	26
	8
	14
	9
	32
	10
	39
	11
	5
	12
	8
	13
	48
	14
	26
	15
	29


	0
	46
	1
	34
	2
	12
	3
	35
	4
	42
	5
	45
	6
	19
	7
	43
	8
	25
	9
	45
	10
	13
	11
	29
	12
	47
	13
	46
	14
	17
	15
	49


	0
	15
	1
	12
	2
	45
	3
	46
	4
	11
	5
	17
	6
	18
	7
	5
	8
	29
	9
	37
	10
	38
	11
	37
	12
	44
	13
	48
	14
	33
	15
	25


	0
	32
	1
	38
	2
	17
	3
	16
	4
	49
	5
	12
	6
	12
	7
	15
	8
	17
	9
	45
	10
	32
	11
	8
	12
	32
	13
	29
	14
	10
	15
	39


	0
	25
	1
	14
	2
	42
	3
	34
	4
	31
	5
	35
	6
	36
	7
	25
	8
	43
	9
	17
	10
	20
	11
	16
	12
	42
	13
	9
	14
	26
	15
	39


	0
	25
	1
	6
	2
	33
	3
	16
	4
	17
	5
	34
	6
	41
	7
	5
	8
	13
	9
	43
	10
	13
	11
	31
	12
	35
	13
	48
	14
	15
	15
	30


	0
	41
	1
	41
	2
	10
	3
	6
	4
	11
	5
	48
	6
	26
	7
	17
	8
	27
	9
	45
	10
	38
	11
	10
	12
	32
	13
	21
	14
	36
	15
	46


	0
	32
	1
	25
	2
	21
	3
	45
	4
	34
	5
	39
	6
	49
	7
	7
	8
	28
	9
	41
	10
	9
	11
	20
	12
	33
	13
	25
	14
	20
	15
	26


	0
	11
	1
	21
	2
	29
	3
	17
	4
	22
	5
	18
	6
	9
	7
	31
	8
	30
	9
	5
	10
	44
	11
	16
	12
	38
	13
	11
	14
	14
	15
	16


	0
	49
	1
	37
	2
	49
	3
	48
	4
	14
	5
	27
	6
	16
	7
	7
	8
	12
	9
	17
	10
	47
	11
	12
	12
	44
	13
	42
	14
	34
	15
	12


	0
	32
	1
	31
	2
	41
	3
	19
	4
	42
	5
	43
	6
	45
	7
	17
	8
	5
	9
	30
	10
	8
	11
	20
	12
	35
	13
	45
	14
	8
	15
	12


	0
	24
	1
	6
	2
	11
	3
	28
	4
	40
	5
	41
	6
	5
	7
	11
	8
	7
	9
	10
	10
	12
	11
	31
	12
	29
	13
	29
	14
	23
	15
	46


	0
	31
	1
	38
	2
	19
	3
	12
	4
	9
	5
	48
	6
	6
	7
	9
	8
	46
	9
	43
	10
	44
	11
	47
	12
	12
	13
	20
	14
	21
	15
	16


	0
	33
	1
	25
	2
	16
	3
	11
	4
	29
	5
	30
	6
	45
	7
	24
	8
	44
	9
	22
	10
	6
	11
	6
	12
	29
	13
	9
	14
	29
	15
	8


	0
	26
	1
	25
	2
	15
	3
	12
	4
	31
	5
	44
	6
	27
	7
	21
	8
	11
	9
	12
	10
	18
	11
	20
	12
	5
	13
	11
	14
	5
	15
	9


	0
	16
	1
	44
	2
	10
	3
	19
	4
	43
	5
	13
	6
	48
	7
	42
	8
	44
	9
	9
	10
	18
	11
	33
	12
	30
	13
	25
	14
	33
	15
	36


	0
	21
	1
	30
	2
	25
	3
	30
	4
	25
	5
	22
	6
	37
	7
	14
	8
	13
	9
	48
	10
	11
	11
	20
	12
	44
	13
	7
	14
	25
	15
	48


	0
	44
	1
	44
	2
	35
	3
	15
	4
	24
	5
	29
	6
	26
	7
	28
	8
	46
	9
	12
	10
	6
	11
	23
	12
	45
	13
	33
	14
	25
	15
	19


	0
	13
	1
	30
	2
	23
	3
	43
	4
	12
	5
	37
	6
	11
	7
	31
	8
	16
	9
	29
	10
	44
	11
	13
	12
	46
	13
	14
	14
	11
	15
	14


	0
	39
	1
	44
	2
	25
	3
	49
	4
	21
	5
	38
	6
	40
	7
	5
	8
	16
	9
	47
	10
	25
	11
	38
	12
	30
	13
	17
	14
	43
	15
	33


	0
	25
	1
	39
	2
	41
	3
	20
	4
	39
	5
	31
	6
	44
	7
	13
	8
	30
	9
	36
	10
	11
	11
	38
	12
	6
	13
	29
	14
	42
	15
	34


	0
	34
	1
	29
	2
	29
	3
	39
	4
	39
	5
	28
	6
	5
	7
	16
	8
	7
	9
	43
	10
	37
	11
	9
	12
	35
	13
	31
	14
	45
	15
	31


	0
	32
	1
	42
	2
	30
	3
	48
	4
	9
	5
	37
	6
	41
	7
	22
	8
	45
	9
	46
	10
	45
	11
	36
	12
	10
	13
	44
	14
	31
	15
	30


	0
	39
	1
	15
	2
	48
	3
	36
	4
	47
	5
	20
	6
	31
	7
	5
	8
	46
	9
	32
	10
	8
	11
	31
	12
	32
	13
	35
	14
	7
	15
	18


	0
	31
	1
	40
	2
	45
	3
	47
	4
	30
	5
	47
	6
	27
	7
	12
	8
	28
	9
	44
	10
	45
	11
	34
	12
	40
	13
	34
	14
	40
	15
	29


	0
	42
	1
	10
	2
	40
	3
	22
	4
	37
	5
	7
	6
	16
	7
	43
	8
	6
	9
	17
	10
	42
	11
	9
	12
	48
	13
	33
	14
	7
	15
	35


	0
	21
	1
	39
	2
	46
	3
	9
	4
	39
	5
	7
	6
	20
	7
	35
	8
	46
	9
	29
	10
	35
	11
	46
	12
	48
	13
	6
	14
	42
	15
	33


	0
	48
	1
	6
	2
	19
	3
	12
	4
	11
	5
	41
	6
	11
	7
	17
	8
	38
	9
	16
	10
	40
	11
	15
	12
	45
	13
	37
	14
	6
	15
	37


	0
	23
	1
	18
	2
	29
	3
	27
	4
	27
	5
	7
	6
	27
	7
	25
	8
	9
	9
	36
	10
	43
	11
	20
	12
	40
	13
	49
	14
	37
	15
	35


	0
	11
	1
	19
	2
	37
	3
	16
	4
	14
	5
	21
	6
	16
	7
	47
	8
	49
	9
	49
	10
	10
	11
	23
	12
	7
	13
	29
	14
	41
	15
	10


	0
	18
	1
	8
	2
	38
	3
	35
	4
	45
	5
	6
	6
	44
	7
	9
	8
	46
	9
	8
	10
	9
	11
	42
	12
	19
	13
	19
	14
	26
	15
	20


	0
	13
	1
	27
	2
	11
	3
	39
	4
	21
	5
	6
	6
	20
	7
	39
	8
	18
	9
	14
	10
	32
	11
	43
	12
	17
	13
	7
	14
	49
	15
	34


	0
	5
	1
	40
	2
	17
	3
	48
	4
	11
	5
	6
	6
	45
	7
	22
	8
	45
	9
	19
	10
	34
	11
	42
	12
	28
	13
	28
	14
	16
	15
	43


	0
	24
	1
	32
	2
	23
	3
	12
	4
	30
	5
	43
	6
	46
	7
	21
	8
	49
	9
	34
	10
	49
	11
	16
	12
	41
	13
	13
	14
	13
	15
	46


	0
	13
	1
	10
	2
	41
	3
	12
	4
	45
	5
	20
	6
	9
	7
	28
	8
	13
	9
	8
	10
	41
	11
	27
	12
	12
	13
	48
	14
	43
	15
	18


	0
	10
	1
	20
	2
	10
	3
	49
	4
	21
	5
	6
	6
	13
	7
	45
	8
	35
	9
	10
	10
	37
	11
	13
	12
	43
	13
	32
	14
	19
	15
	24


	0
	44
	1
	10
	2
	48
	3
	19
	4
	47
	5
	20
	6
	23
	7
	7
	8
	5
	9
	39
	10
	10
	11
	44
	12
	49
	13
	15
	14
	39
	15
	30


	0
	26
	1
	30
	2
	14
	3
	27
	4
	19
	5
	48
	6
	9
	7
	31
	8
	43
	9
	36
	10
	15
	11
	13
	12
	21
	13
	37
	14
	36
	15
	31


	0
	8
	1
	41
	2
	40
	3
	8
	4
	18
	5
	11
	6
	41
	7
	24
	8
	42
	9
	34
	10
	22
	11
	38
	12
	38
	13
	23
	14
	15
	15
	17

