40
4
4

	0
	22
	1
	18
	2
	30
	3
	28


	0
	18
	1
	10
	2
	41
	3
	23


	0
	5
	1
	40
	2
	10
	3
	38


	0
	31
	1
	5
	2
	40
	3
	18


	0
	23
	1
	36
	2
	7
	3
	5


	0
	10
	1
	7
	2
	47
	3
	6


	0
	15
	1
	14
	2
	15
	3
	37


	0
	9
	1
	32
	2
	47
	3
	48


	0
	19
	1
	9
	2
	33
	3
	32


	0
	38
	1
	13
	2
	13
	3
	42


	0
	5
	1
	25
	2
	36
	3
	25


	0
	14
	1
	33
	2
	36
	3
	31


	0
	35
	1
	6
	2
	49
	3
	32


	0
	46
	1
	5
	2
	19
	3
	26


	0
	9
	1
	47
	2
	15
	3
	44


	0
	30
	1
	29
	2
	32
	3
	27


	0
	25
	1
	27
	2
	13
	3
	36


	0
	30
	1
	44
	2
	18
	3
	32


	0
	41
	1
	41
	2
	11
	3
	29


	0
	21
	1
	12
	2
	10
	3
	35


	0
	17
	1
	6
	2
	49
	3
	15


	0
	16
	1
	26
	2
	32
	3
	15


	0
	6
	1
	34
	2
	49
	3
	23


	0
	47
	1
	36
	2
	48
	3
	7


	0
	48
	1
	31
	2
	21
	3
	13


	0
	26
	1
	21
	2
	27
	3
	38


	0
	20
	1
	11
	2
	30
	3
	43


	0
	15
	1
	35
	2
	8
	3
	46


	0
	48
	1
	7
	2
	14
	3
	35


	0
	32
	1
	31
	2
	37
	3
	36


	0
	29
	1
	16
	2
	44
	3
	44


	0
	6
	1
	23
	2
	34
	3
	47


	0
	10
	1
	11
	2
	20
	3
	42


	0
	30
	1
	36
	2
	21
	3
	48


	0
	48
	1
	29
	2
	38
	3
	5


	0
	11
	1
	26
	2
	11
	3
	17


	0
	30
	1
	24
	2
	34
	3
	5


	0
	41
	1
	35
	2
	24
	3
	42


	0
	27
	1
	35
	2
	32
	3
	38


	0
	14
	1
	35
	2
	21
	3
	38

