40
8
2

	0
	46
	1
	38
	2
	24
	3
	33
	4
	38
	5
	35
	6
	37
	7
	21


	0
	42
	1
	36
	2
	31
	3
	28
	4
	16
	5
	24
	6
	45
	7
	40


	0
	11
	1
	14
	2
	26
	3
	20
	4
	42
	5
	12
	6
	12
	7
	46


	0
	7
	1
	12
	2
	31
	3
	9
	4
	40
	5
	20
	6
	12
	7
	12


	0
	29
	1
	23
	2
	42
	3
	39
	4
	26
	5
	13
	6
	40
	7
	20


	0
	17
	1
	31
	2
	13
	3
	43
	4
	32
	5
	36
	6
	35
	7
	46


	0
	27
	1
	43
	2
	6
	3
	43
	4
	24
	5
	38
	6
	27
	7
	30


	0
	21
	1
	10
	2
	23
	3
	23
	4
	39
	5
	34
	6
	28
	7
	44


	0
	13
	1
	35
	2
	20
	3
	40
	4
	25
	5
	31
	6
	48
	7
	46


	0
	30
	1
	18
	2
	17
	3
	31
	4
	7
	5
	25
	6
	16
	7
	17


	0
	15
	1
	30
	2
	20
	3
	20
	4
	47
	5
	20
	6
	43
	7
	35


	0
	40
	1
	16
	2
	44
	3
	48
	4
	6
	5
	33
	6
	29
	7
	36


	0
	18
	1
	45
	2
	14
	3
	5
	4
	39
	5
	38
	6
	15
	7
	6


	0
	19
	1
	5
	2
	18
	3
	15
	4
	24
	5
	35
	6
	29
	7
	15


	0
	5
	1
	8
	2
	26
	3
	27
	4
	47
	5
	13
	6
	23
	7
	43


	0
	40
	1
	18
	2
	9
	3
	7
	4
	27
	5
	8
	6
	16
	7
	27


	0
	7
	1
	31
	2
	27
	3
	17
	4
	39
	5
	49
	6
	32
	7
	35


	0
	29
	1
	8
	2
	38
	3
	30
	4
	31
	5
	47
	6
	15
	7
	19


	0
	29
	1
	13
	2
	28
	3
	19
	4
	11
	5
	44
	6
	27
	7
	15


	0
	11
	1
	21
	2
	44
	3
	30
	4
	33
	5
	27
	6
	11
	7
	18


	0
	34
	1
	33
	2
	47
	3
	19
	4
	26
	5
	37
	6
	9
	7
	22


	0
	16
	1
	40
	2
	27
	3
	44
	4
	32
	5
	38
	6
	43
	7
	38


	0
	9
	1
	11
	2
	12
	3
	7
	4
	45
	5
	46
	6
	38
	7
	34


	0
	7
	1
	42
	2
	40
	3
	30
	4
	30
	5
	42
	6
	22
	7
	25


	0
	25
	1
	49
	2
	15
	3
	32
	4
	24
	5
	32
	6
	23
	7
	23


	0
	6
	1
	6
	2
	15
	3
	29
	4
	49
	5
	42
	6
	23
	7
	33


	0
	46
	1
	24
	2
	31
	3
	29
	4
	17
	5
	32
	6
	49
	7
	35


	0
	26
	1
	19
	2
	8
	3
	6
	4
	18
	5
	28
	6
	15
	7
	36


	0
	13
	1
	18
	2
	22
	3
	8
	4
	14
	5
	14
	6
	15
	7
	28


	0
	24
	1
	49
	2
	46
	3
	10
	4
	15
	5
	28
	6
	47
	7
	14


	0
	33
	1
	49
	2
	12
	3
	17
	4
	49
	5
	14
	6
	17
	7
	39


	0
	22
	1
	48
	2
	41
	3
	39
	4
	43
	5
	40
	6
	18
	7
	34


	0
	12
	1
	35
	2
	37
	3
	48
	4
	8
	5
	16
	6
	26
	7
	47


	0
	22
	1
	34
	2
	30
	3
	29
	4
	15
	5
	45
	6
	5
	7
	39


	0
	16
	1
	17
	2
	28
	3
	34
	4
	44
	5
	17
	6
	11
	7
	13


	0
	9
	1
	34
	2
	8
	3
	20
	4
	26
	5
	29
	6
	22
	7
	34


	0
	10
	1
	15
	2
	38
	3
	7
	4
	32
	5
	46
	6
	20
	7
	42


	0
	7
	1
	37
	2
	47
	3
	33
	4
	14
	5
	42
	6
	12
	7
	39


	0
	23
	1
	46
	2
	26
	3
	32
	4
	42
	5
	32
	6
	8
	7
	37


	0
	10
	1
	36
	2
	14
	3
	44
	4
	21
	5
	39
	6
	21
	7
	30

