40
16
5

	0
	13
	1
	35
	2
	40
	3
	32
	4
	32
	5
	38
	6
	31
	7
	15
	8
	27
	9
	18
	10
	30
	11
	6
	12
	19
	13
	29
	14
	29
	15
	19


	0
	48
	1
	24
	2
	19
	3
	5
	4
	37
	5
	14
	6
	42
	7
	35
	8
	40
	9
	40
	10
	17
	11
	49
	12
	46
	13
	32
	14
	31
	15
	8


	0
	9
	1
	23
	2
	19
	3
	42
	4
	21
	5
	12
	6
	47
	7
	43
	8
	47
	9
	25
	10
	32
	11
	49
	12
	8
	13
	18
	14
	17
	15
	25


	0
	31
	1
	8
	2
	19
	3
	15
	4
	8
	5
	10
	6
	34
	7
	39
	8
	34
	9
	41
	10
	28
	11
	15
	12
	8
	13
	24
	14
	33
	15
	13


	0
	35
	1
	11
	2
	8
	3
	15
	4
	23
	5
	36
	6
	10
	7
	15
	8
	7
	9
	21
	10
	37
	11
	12
	12
	35
	13
	10
	14
	47
	15
	20


	0
	12
	1
	7
	2
	46
	3
	29
	4
	35
	5
	11
	6
	11
	7
	32
	8
	39
	9
	40
	10
	44
	11
	7
	12
	14
	13
	36
	14
	32
	15
	9


	0
	8
	1
	11
	2
	47
	3
	47
	4
	22
	5
	6
	6
	18
	7
	17
	8
	44
	9
	7
	10
	41
	11
	36
	12
	14
	13
	12
	14
	36
	15
	16


	0
	22
	1
	20
	2
	24
	3
	26
	4
	9
	5
	27
	6
	18
	7
	21
	8
	24
	9
	27
	10
	13
	11
	29
	12
	26
	13
	43
	14
	25
	15
	17


	0
	43
	1
	46
	2
	16
	3
	8
	4
	11
	5
	34
	6
	41
	7
	37
	8
	47
	9
	48
	10
	49
	11
	5
	12
	13
	13
	30
	14
	38
	15
	45


	0
	44
	1
	22
	2
	39
	3
	34
	4
	11
	5
	35
	6
	45
	7
	12
	8
	28
	9
	15
	10
	32
	11
	44
	12
	5
	13
	26
	14
	32
	15
	9


	0
	36
	1
	24
	2
	39
	3
	14
	4
	48
	5
	36
	6
	25
	7
	17
	8
	42
	9
	30
	10
	40
	11
	48
	12
	45
	13
	20
	14
	7
	15
	14


	0
	45
	1
	44
	2
	28
	3
	41
	4
	41
	5
	32
	6
	15
	7
	47
	8
	15
	9
	48
	10
	24
	11
	30
	12
	19
	13
	47
	14
	28
	15
	39


	0
	31
	1
	36
	2
	42
	3
	41
	4
	22
	5
	13
	6
	23
	7
	47
	8
	32
	9
	26
	10
	11
	11
	47
	12
	30
	13
	48
	14
	23
	15
	27


	0
	40
	1
	47
	2
	7
	3
	49
	4
	40
	5
	16
	6
	20
	7
	32
	8
	32
	9
	6
	10
	19
	11
	31
	12
	10
	13
	9
	14
	47
	15
	46


	0
	46
	1
	6
	2
	45
	3
	47
	4
	7
	5
	32
	6
	32
	7
	49
	8
	17
	9
	44
	10
	35
	11
	22
	12
	15
	13
	41
	14
	39
	15
	8


	0
	12
	1
	32
	2
	26
	3
	30
	4
	9
	5
	37
	6
	5
	7
	13
	8
	25
	9
	28
	10
	49
	11
	26
	12
	28
	13
	35
	14
	39
	15
	13


	0
	43
	1
	9
	2
	41
	3
	35
	4
	38
	5
	24
	6
	43
	7
	5
	8
	16
	9
	34
	10
	34
	11
	34
	12
	12
	13
	49
	14
	9
	15
	7


	0
	40
	1
	20
	2
	39
	3
	5
	4
	40
	5
	5
	6
	10
	7
	48
	8
	11
	9
	18
	10
	24
	11
	41
	12
	44
	13
	7
	14
	38
	15
	12


	0
	29
	1
	30
	2
	25
	3
	33
	4
	41
	5
	37
	6
	28
	7
	30
	8
	16
	9
	46
	10
	43
	11
	14
	12
	10
	13
	14
	14
	32
	15
	41


	0
	33
	1
	43
	2
	34
	3
	16
	4
	49
	5
	22
	6
	45
	7
	9
	8
	8
	9
	11
	10
	20
	11
	47
	12
	21
	13
	39
	14
	6
	15
	29


	0
	29
	1
	32
	2
	19
	3
	11
	4
	39
	5
	41
	6
	46
	7
	14
	8
	17
	9
	8
	10
	33
	11
	14
	12
	45
	13
	20
	14
	24
	15
	16


	0
	28
	1
	19
	2
	25
	3
	22
	4
	49
	5
	13
	6
	19
	7
	42
	8
	20
	9
	16
	10
	49
	11
	44
	12
	47
	13
	23
	14
	36
	15
	28


	0
	13
	1
	31
	2
	30
	3
	32
	4
	48
	5
	44
	6
	15
	7
	28
	8
	17
	9
	12
	10
	9
	11
	29
	12
	35
	13
	37
	14
	30
	15
	11


	0
	27
	1
	30
	2
	11
	3
	23
	4
	14
	5
	37
	6
	26
	7
	43
	8
	36
	9
	10
	10
	22
	11
	20
	12
	32
	13
	14
	14
	30
	15
	22


	0
	10
	1
	5
	2
	28
	3
	40
	4
	44
	5
	32
	6
	43
	7
	35
	8
	45
	9
	26
	10
	22
	11
	32
	12
	40
	13
	14
	14
	40
	15
	33


	0
	45
	1
	17
	2
	45
	3
	13
	4
	45
	5
	27
	6
	40
	7
	14
	8
	34
	9
	7
	10
	24
	11
	33
	12
	38
	13
	7
	14
	11
	15
	40


	0
	44
	1
	38
	2
	34
	3
	35
	4
	6
	5
	15
	6
	26
	7
	6
	8
	28
	9
	38
	10
	46
	11
	8
	12
	39
	13
	6
	14
	21
	15
	34


	0
	21
	1
	6
	2
	10
	3
	27
	4
	29
	5
	18
	6
	40
	7
	42
	8
	34
	9
	15
	10
	31
	11
	14
	12
	30
	13
	36
	14
	44
	15
	30


	0
	25
	1
	41
	2
	38
	3
	17
	4
	32
	5
	23
	6
	26
	7
	42
	8
	22
	9
	15
	10
	27
	11
	39
	12
	44
	13
	27
	14
	31
	15
	16


	0
	31
	1
	48
	2
	27
	3
	17
	4
	43
	5
	11
	6
	31
	7
	21
	8
	25
	9
	36
	10
	23
	11
	11
	12
	49
	13
	45
	14
	32
	15
	41


	0
	19
	1
	31
	2
	37
	3
	5
	4
	37
	5
	44
	6
	25
	7
	7
	8
	20
	9
	21
	10
	21
	11
	48
	12
	45
	13
	44
	14
	20
	15
	46


	0
	9
	1
	5
	2
	44
	3
	9
	4
	17
	5
	14
	6
	41
	7
	13
	8
	6
	9
	40
	10
	36
	11
	42
	12
	10
	13
	14
	14
	15
	15
	40


	0
	28
	1
	33
	2
	49
	3
	43
	4
	31
	5
	20
	6
	26
	7
	34
	8
	7
	9
	9
	10
	5
	11
	36
	12
	15
	13
	36
	14
	20
	15
	35


	0
	34
	1
	49
	2
	14
	3
	9
	4
	38
	5
	19
	6
	21
	7
	27
	8
	35
	9
	13
	10
	31
	11
	18
	12
	10
	13
	24
	14
	22
	15
	13


	0
	15
	1
	40
	2
	12
	3
	16
	4
	14
	5
	37
	6
	47
	7
	9
	8
	47
	9
	22
	10
	29
	11
	7
	12
	37
	13
	28
	14
	43
	15
	8


	0
	19
	1
	12
	2
	22
	3
	26
	4
	7
	5
	13
	6
	29
	7
	10
	8
	11
	9
	47
	10
	28
	11
	19
	12
	17
	13
	33
	14
	18
	15
	36


	0
	6
	1
	11
	2
	30
	3
	49
	4
	20
	5
	42
	6
	5
	7
	39
	8
	14
	9
	34
	10
	26
	11
	34
	12
	7
	13
	44
	14
	22
	15
	38


	0
	38
	1
	45
	2
	25
	3
	48
	4
	43
	5
	41
	6
	14
	7
	42
	8
	8
	9
	45
	10
	39
	11
	5
	12
	41
	13
	48
	14
	44
	15
	32


	0
	20
	1
	7
	2
	40
	3
	46
	4
	23
	5
	34
	6
	38
	7
	27
	8
	42
	9
	6
	10
	34
	11
	26
	12
	15
	13
	21
	14
	24
	15
	35


	0
	6
	1
	8
	2
	47
	3
	13
	4
	20
	5
	12
	6
	33
	7
	46
	8
	23
	9
	32
	10
	24
	11
	17
	12
	16
	13
	48
	14
	11
	15
	15

