40
16
5

	0
	28
	1
	11
	2
	7
	3
	33
	4
	40
	5
	46
	6
	8
	7
	25
	8
	36
	9
	23
	10
	13
	11
	14
	12
	38
	13
	19
	14
	8
	15
	23


	0
	38
	1
	23
	2
	33
	3
	30
	4
	46
	5
	13
	6
	7
	7
	20
	8
	17
	9
	41
	10
	48
	11
	17
	12
	19
	13
	7
	14
	49
	15
	48


	0
	26
	1
	34
	2
	6
	3
	5
	4
	12
	5
	18
	6
	40
	7
	44
	8
	38
	9
	43
	10
	7
	11
	15
	12
	17
	13
	43
	14
	45
	15
	18


	0
	11
	1
	45
	2
	49
	3
	13
	4
	46
	5
	36
	6
	33
	7
	30
	8
	10
	9
	49
	10
	24
	11
	45
	12
	23
	13
	9
	14
	45
	15
	9


	0
	16
	1
	38
	2
	37
	3
	46
	4
	23
	5
	31
	6
	16
	7
	20
	8
	20
	9
	24
	10
	18
	11
	34
	12
	44
	13
	45
	14
	12
	15
	9


	0
	11
	1
	39
	2
	13
	3
	49
	4
	7
	5
	30
	6
	23
	7
	24
	8
	8
	9
	8
	10
	28
	11
	41
	12
	22
	13
	27
	14
	49
	15
	24


	0
	48
	1
	49
	2
	15
	3
	49
	4
	42
	5
	32
	6
	20
	7
	46
	8
	23
	9
	31
	10
	34
	11
	40
	12
	27
	13
	37
	14
	5
	15
	43


	0
	10
	1
	18
	2
	7
	3
	25
	4
	40
	5
	40
	6
	16
	7
	49
	8
	6
	9
	6
	10
	34
	11
	12
	12
	46
	13
	41
	14
	7
	15
	43


	0
	9
	1
	5
	2
	36
	3
	35
	4
	35
	5
	21
	6
	39
	7
	23
	8
	32
	9
	26
	10
	23
	11
	8
	12
	43
	13
	15
	14
	7
	15
	39


	0
	14
	1
	7
	2
	37
	3
	8
	4
	16
	5
	12
	6
	40
	7
	35
	8
	41
	9
	13
	10
	18
	11
	10
	12
	28
	13
	22
	14
	31
	15
	28


	0
	18
	1
	29
	2
	29
	3
	44
	4
	6
	5
	21
	6
	12
	7
	18
	8
	25
	9
	31
	10
	19
	11
	48
	12
	8
	13
	36
	14
	36
	15
	18


	0
	21
	1
	34
	2
	38
	3
	47
	4
	19
	5
	19
	6
	19
	7
	14
	8
	21
	9
	27
	10
	19
	11
	16
	12
	30
	13
	42
	14
	34
	15
	30


	0
	39
	1
	27
	2
	30
	3
	13
	4
	18
	5
	19
	6
	39
	7
	36
	8
	48
	9
	31
	10
	33
	11
	24
	12
	23
	13
	22
	14
	13
	15
	8


	0
	47
	1
	49
	2
	39
	3
	35
	4
	20
	5
	31
	6
	9
	7
	14
	8
	7
	9
	5
	10
	5
	11
	19
	12
	38
	13
	5
	14
	31
	15
	46


	0
	30
	1
	27
	2
	12
	3
	30
	4
	12
	5
	6
	6
	26
	7
	41
	8
	5
	9
	32
	10
	29
	11
	37
	12
	47
	13
	37
	14
	16
	15
	20


	0
	16
	1
	21
	2
	27
	3
	45
	4
	37
	5
	47
	6
	47
	7
	21
	8
	13
	9
	10
	10
	19
	11
	11
	12
	13
	13
	28
	14
	10
	15
	11


	0
	8
	1
	48
	2
	8
	3
	6
	4
	30
	5
	46
	6
	11
	7
	21
	8
	22
	9
	43
	10
	9
	11
	36
	12
	46
	13
	5
	14
	46
	15
	49


	0
	38
	1
	14
	2
	11
	3
	43
	4
	29
	5
	12
	6
	29
	7
	29
	8
	45
	9
	33
	10
	6
	11
	16
	12
	21
	13
	44
	14
	43
	15
	24


	0
	16
	1
	43
	2
	12
	3
	11
	4
	37
	5
	47
	6
	5
	7
	49
	8
	27
	9
	48
	10
	5
	11
	38
	12
	11
	13
	43
	14
	16
	15
	33


	0
	45
	1
	10
	2
	25
	3
	40
	4
	38
	5
	41
	6
	49
	7
	43
	8
	5
	9
	17
	10
	10
	11
	45
	12
	12
	13
	22
	14
	48
	15
	45


	0
	45
	1
	10
	2
	48
	3
	28
	4
	20
	5
	22
	6
	37
	7
	42
	8
	19
	9
	26
	10
	47
	11
	12
	12
	17
	13
	5
	14
	37
	15
	47


	0
	30
	1
	15
	2
	24
	3
	27
	4
	34
	5
	49
	6
	34
	7
	39
	8
	37
	9
	19
	10
	25
	11
	14
	12
	5
	13
	45
	14
	38
	15
	29


	0
	27
	1
	5
	2
	42
	3
	19
	4
	26
	5
	37
	6
	40
	7
	47
	8
	6
	9
	37
	10
	36
	11
	12
	12
	34
	13
	34
	14
	5
	15
	14


	0
	49
	1
	26
	2
	30
	3
	18
	4
	38
	5
	8
	6
	16
	7
	49
	8
	38
	9
	5
	10
	17
	11
	27
	12
	22
	13
	15
	14
	33
	15
	45


	0
	6
	1
	12
	2
	32
	3
	24
	4
	37
	5
	14
	6
	21
	7
	16
	8
	11
	9
	30
	10
	24
	11
	16
	12
	34
	13
	15
	14
	9
	15
	9


	0
	13
	1
	27
	2
	29
	3
	41
	4
	15
	5
	45
	6
	32
	7
	16
	8
	41
	9
	5
	10
	35
	11
	36
	12
	5
	13
	9
	14
	29
	15
	22


	0
	39
	1
	38
	2
	17
	3
	30
	4
	44
	5
	22
	6
	39
	7
	8
	8
	13
	9
	7
	10
	48
	11
	15
	12
	34
	13
	14
	14
	10
	15
	20


	0
	19
	1
	10
	2
	12
	3
	47
	4
	33
	5
	33
	6
	47
	7
	34
	8
	7
	9
	22
	10
	49
	11
	43
	12
	48
	13
	18
	14
	24
	15
	40


	0
	13
	1
	13
	2
	18
	3
	6
	4
	40
	5
	41
	6
	15
	7
	45
	8
	9
	9
	20
	10
	29
	11
	25
	12
	40
	13
	22
	14
	19
	15
	39


	0
	32
	1
	9
	2
	38
	3
	20
	4
	30
	5
	40
	6
	12
	7
	45
	8
	22
	9
	46
	10
	23
	11
	12
	12
	21
	13
	8
	14
	34
	15
	18


	0
	49
	1
	26
	2
	41
	3
	14
	4
	29
	5
	29
	6
	38
	7
	26
	8
	9
	9
	42
	10
	25
	11
	28
	12
	48
	13
	17
	14
	36
	15
	17


	0
	30
	1
	23
	2
	29
	3
	45
	4
	24
	5
	24
	6
	34
	7
	27
	8
	5
	9
	24
	10
	16
	11
	9
	12
	42
	13
	15
	14
	48
	15
	19


	0
	13
	1
	31
	2
	45
	3
	48
	4
	31
	5
	26
	6
	6
	7
	45
	8
	29
	9
	37
	10
	39
	11
	30
	12
	7
	13
	34
	14
	47
	15
	42


	0
	20
	1
	8
	2
	11
	3
	35
	4
	22
	5
	13
	6
	25
	7
	15
	8
	8
	9
	13
	10
	22
	11
	17
	12
	6
	13
	5
	14
	36
	15
	16


	0
	5
	1
	43
	2
	19
	3
	44
	4
	48
	5
	21
	6
	28
	7
	28
	8
	5
	9
	30
	10
	6
	11
	16
	12
	49
	13
	37
	14
	19
	15
	18


	0
	35
	1
	23
	2
	34
	3
	49
	4
	16
	5
	41
	6
	16
	7
	22
	8
	48
	9
	20
	10
	16
	11
	48
	12
	10
	13
	37
	14
	23
	15
	9


	0
	45
	1
	45
	2
	35
	3
	26
	4
	7
	5
	32
	6
	39
	7
	27
	8
	30
	9
	37
	10
	41
	11
	20
	12
	11
	13
	39
	14
	13
	15
	13


	0
	16
	1
	29
	2
	48
	3
	20
	4
	21
	5
	26
	6
	16
	7
	28
	8
	37
	9
	44
	10
	20
	11
	11
	12
	12
	13
	26
	14
	7
	15
	45


	0
	23
	1
	22
	2
	20
	3
	47
	4
	27
	5
	10
	6
	25
	7
	11
	8
	14
	9
	48
	10
	19
	11
	23
	12
	25
	13
	20
	14
	26
	15
	25


	0
	28
	1
	19
	2
	33
	3
	24
	4
	9
	5
	17
	6
	8
	7
	41
	8
	19
	9
	23
	10
	30
	11
	38
	12
	45
	13
	46
	14
	19
	15
	8

