40
4
4

	0
	45
	1
	36
	2
	8
	3
	12


	0
	38
	1
	35
	2
	16
	3
	12


	0
	36
	1
	31
	2
	15
	3
	43


	0
	25
	1
	21
	2
	19
	3
	45


	0
	12
	1
	33
	2
	14
	3
	31


	0
	36
	1
	35
	2
	36
	3
	13


	0
	24
	1
	24
	2
	13
	3
	12


	0
	37
	1
	35
	2
	10
	3
	49


	0
	31
	1
	10
	2
	48
	3
	13


	0
	30
	1
	15
	2
	30
	3
	19


	0
	23
	1
	9
	2
	7
	3
	45


	0
	36
	1
	25
	2
	49
	3
	44


	0
	27
	1
	44
	2
	33
	3
	39


	0
	46
	1
	44
	2
	9
	3
	23


	0
	6
	1
	22
	2
	36
	3
	28


	0
	48
	1
	9
	2
	41
	3
	43


	0
	16
	1
	16
	2
	9
	3
	35


	0
	45
	1
	16
	2
	44
	3
	44


	0
	29
	1
	21
	2
	40
	3
	44


	0
	23
	1
	41
	2
	39
	3
	41


	0
	5
	1
	17
	2
	40
	3
	26


	0
	28
	1
	30
	2
	10
	3
	49


	0
	39
	1
	16
	2
	49
	3
	33


	0
	24
	1
	9
	2
	22
	3
	41


	0
	20
	1
	47
	2
	8
	3
	46


	0
	29
	1
	27
	2
	42
	3
	49


	0
	20
	1
	38
	2
	42
	3
	29


	0
	40
	1
	6
	2
	5
	3
	16


	0
	14
	1
	27
	2
	38
	3
	30


	0
	42
	1
	44
	2
	22
	3
	42


	0
	6
	1
	13
	2
	13
	3
	18


	0
	22
	1
	32
	2
	33
	3
	35


	0
	40
	1
	43
	2
	17
	3
	17


	0
	45
	1
	36
	2
	14
	3
	48


	0
	33
	1
	26
	2
	37
	3
	49


	0
	28
	1
	19
	2
	26
	3
	27


	0
	14
	1
	6
	2
	44
	3
	40


	0
	22
	1
	17
	2
	27
	3
	47


	0
	16
	1
	35
	2
	37
	3
	31


	0
	20
	1
	33
	2
	37
	3
	24

