40
16
5

	0
	47
	1
	43
	2
	5
	3
	13
	4
	24
	5
	28
	6
	17
	7
	7
	8
	37
	9
	41
	10
	30
	11
	9
	12
	26
	13
	22
	14
	41
	15
	22


	0
	15
	1
	38
	2
	28
	3
	29
	4
	43
	5
	6
	6
	29
	7
	40
	8
	48
	9
	17
	10
	43
	11
	41
	12
	46
	13
	27
	14
	42
	15
	44


	0
	23
	1
	10
	2
	37
	3
	49
	4
	43
	5
	28
	6
	48
	7
	46
	8
	17
	9
	21
	10
	6
	11
	42
	12
	33
	13
	49
	14
	23
	15
	21


	0
	37
	1
	49
	2
	49
	3
	43
	4
	7
	5
	21
	6
	39
	7
	5
	8
	14
	9
	24
	10
	33
	11
	5
	12
	12
	13
	29
	14
	8
	15
	37


	0
	22
	1
	5
	2
	42
	3
	37
	4
	25
	5
	25
	6
	32
	7
	39
	8
	7
	9
	43
	10
	23
	11
	40
	12
	8
	13
	39
	14
	45
	15
	9


	0
	9
	1
	23
	2
	28
	3
	5
	4
	19
	5
	16
	6
	8
	7
	16
	8
	43
	9
	8
	10
	24
	11
	13
	12
	11
	13
	42
	14
	48
	15
	15


	0
	22
	1
	7
	2
	42
	3
	31
	4
	39
	5
	43
	6
	23
	7
	47
	8
	12
	9
	35
	10
	33
	11
	34
	12
	25
	13
	40
	14
	39
	15
	38


	0
	10
	1
	42
	2
	25
	3
	41
	4
	11
	5
	5
	6
	19
	7
	9
	8
	47
	9
	36
	10
	21
	11
	16
	12
	11
	13
	23
	14
	8
	15
	8


	0
	36
	1
	47
	2
	29
	3
	20
	4
	37
	5
	44
	6
	39
	7
	42
	8
	11
	9
	47
	10
	5
	11
	14
	12
	33
	13
	21
	14
	47
	15
	17


	0
	31
	1
	11
	2
	32
	3
	11
	4
	28
	5
	19
	6
	49
	7
	19
	8
	5
	9
	40
	10
	7
	11
	18
	12
	37
	13
	28
	14
	20
	15
	28


	0
	21
	1
	21
	2
	38
	3
	5
	4
	22
	5
	9
	6
	21
	7
	15
	8
	26
	9
	22
	10
	12
	11
	38
	12
	48
	13
	16
	14
	47
	15
	23


	0
	27
	1
	35
	2
	31
	3
	31
	4
	18
	5
	48
	6
	32
	7
	18
	8
	48
	9
	20
	10
	23
	11
	5
	12
	25
	13
	22
	14
	6
	15
	34


	0
	46
	1
	13
	2
	7
	3
	37
	4
	30
	5
	21
	6
	22
	7
	27
	8
	8
	9
	17
	10
	19
	11
	34
	12
	29
	13
	9
	14
	32
	15
	29


	0
	21
	1
	33
	2
	42
	3
	26
	4
	8
	5
	41
	6
	7
	7
	16
	8
	17
	9
	15
	10
	22
	11
	9
	12
	8
	13
	10
	14
	38
	15
	18


	0
	47
	1
	17
	2
	30
	3
	46
	4
	32
	5
	7
	6
	43
	7
	24
	8
	11
	9
	14
	10
	45
	11
	15
	12
	11
	13
	29
	14
	8
	15
	44


	0
	37
	1
	9
	2
	25
	3
	39
	4
	44
	5
	19
	6
	29
	7
	47
	8
	30
	9
	19
	10
	11
	11
	25
	12
	28
	13
	25
	14
	40
	15
	12


	0
	43
	1
	34
	2
	30
	3
	14
	4
	35
	5
	44
	6
	30
	7
	44
	8
	20
	9
	48
	10
	41
	11
	37
	12
	36
	13
	12
	14
	7
	15
	29


	0
	27
	1
	30
	2
	20
	3
	22
	4
	13
	5
	7
	6
	16
	7
	13
	8
	18
	9
	39
	10
	43
	11
	30
	12
	10
	13
	42
	14
	33
	15
	27


	0
	18
	1
	22
	2
	39
	3
	33
	4
	40
	5
	46
	6
	49
	7
	31
	8
	38
	9
	27
	10
	29
	11
	5
	12
	20
	13
	10
	14
	47
	15
	10


	0
	31
	1
	23
	2
	7
	3
	39
	4
	32
	5
	25
	6
	6
	7
	14
	8
	44
	9
	48
	10
	31
	11
	33
	12
	20
	13
	27
	14
	24
	15
	24


	0
	6
	1
	37
	2
	29
	3
	20
	4
	36
	5
	5
	6
	16
	7
	24
	8
	45
	9
	7
	10
	7
	11
	29
	12
	10
	13
	9
	14
	45
	15
	15


	0
	25
	1
	15
	2
	11
	3
	24
	4
	35
	5
	10
	6
	36
	7
	24
	8
	18
	9
	24
	10
	11
	11
	35
	12
	44
	13
	16
	14
	12
	15
	42


	0
	42
	1
	34
	2
	18
	3
	42
	4
	34
	5
	47
	6
	25
	7
	40
	8
	32
	9
	10
	10
	9
	11
	5
	12
	14
	13
	20
	14
	42
	15
	44


	0
	38
	1
	30
	2
	34
	3
	13
	4
	36
	5
	5
	6
	13
	7
	17
	8
	19
	9
	6
	10
	17
	11
	28
	12
	40
	13
	12
	14
	43
	15
	21


	0
	33
	1
	48
	2
	43
	3
	35
	4
	47
	5
	7
	6
	21
	7
	18
	8
	24
	9
	33
	10
	45
	11
	17
	12
	5
	13
	45
	14
	20
	15
	14


	0
	19
	1
	26
	2
	31
	3
	14
	4
	47
	5
	36
	6
	49
	7
	48
	8
	28
	9
	11
	10
	7
	11
	25
	12
	17
	13
	21
	14
	6
	15
	6


	0
	30
	1
	21
	2
	15
	3
	40
	4
	28
	5
	34
	6
	20
	7
	23
	8
	38
	9
	23
	10
	8
	11
	18
	12
	48
	13
	37
	14
	48
	15
	37


	0
	13
	1
	13
	2
	33
	3
	27
	4
	9
	5
	6
	6
	36
	7
	28
	8
	8
	9
	5
	10
	6
	11
	42
	12
	5
	13
	19
	14
	36
	15
	17


	0
	12
	1
	9
	2
	39
	3
	29
	4
	9
	5
	23
	6
	34
	7
	37
	8
	43
	9
	8
	10
	10
	11
	35
	12
	18
	13
	19
	14
	48
	15
	12


	0
	39
	1
	41
	2
	44
	3
	5
	4
	39
	5
	7
	6
	16
	7
	15
	8
	15
	9
	20
	10
	24
	11
	40
	12
	37
	13
	48
	14
	23
	15
	42


	0
	8
	1
	22
	2
	46
	3
	6
	4
	49
	5
	19
	6
	19
	7
	38
	8
	35
	9
	24
	10
	9
	11
	40
	12
	36
	13
	12
	14
	13
	15
	23


	0
	32
	1
	30
	2
	36
	3
	14
	4
	9
	5
	48
	6
	29
	7
	46
	8
	36
	9
	43
	10
	16
	11
	46
	12
	8
	13
	10
	14
	24
	15
	15


	0
	32
	1
	35
	2
	34
	3
	26
	4
	32
	5
	23
	6
	15
	7
	44
	8
	45
	9
	49
	10
	49
	11
	36
	12
	48
	13
	19
	14
	12
	15
	42


	0
	35
	1
	6
	2
	12
	3
	18
	4
	22
	5
	27
	6
	18
	7
	32
	8
	42
	9
	40
	10
	28
	11
	38
	12
	39
	13
	8
	14
	39
	15
	49


	0
	23
	1
	7
	2
	30
	3
	14
	4
	36
	5
	19
	6
	36
	7
	5
	8
	32
	9
	21
	10
	37
	11
	30
	12
	27
	13
	31
	14
	30
	15
	45


	0
	46
	1
	26
	2
	30
	3
	34
	4
	20
	5
	21
	6
	38
	7
	5
	8
	14
	9
	29
	10
	37
	11
	34
	12
	48
	13
	9
	14
	21
	15
	7


	0
	27
	1
	16
	2
	17
	3
	42
	4
	13
	5
	31
	6
	44
	7
	48
	8
	25
	9
	7
	10
	34
	11
	34
	12
	18
	13
	35
	14
	22
	15
	7


	0
	36
	1
	27
	2
	26
	3
	38
	4
	25
	5
	25
	6
	7
	7
	49
	8
	29
	9
	44
	10
	21
	11
	23
	12
	40
	13
	15
	14
	35
	15
	13


	0
	18
	1
	8
	2
	13
	3
	34
	4
	15
	5
	44
	6
	9
	7
	26
	8
	7
	9
	7
	10
	44
	11
	30
	12
	18
	13
	46
	14
	30
	15
	30


	0
	35
	1
	36
	2
	48
	3
	21
	4
	18
	5
	20
	6
	8
	7
	48
	8
	5
	9
	20
	10
	14
	11
	42
	12
	47
	13
	16
	14
	9
	15
	11

