40
4
3

	0
	38
	1
	27
	2
	40
	3
	47


	0
	38
	1
	5
	2
	10
	3
	46


	0
	37
	1
	16
	2
	30
	3
	32


	0
	15
	1
	40
	2
	24
	3
	30


	0
	7
	1
	16
	2
	8
	3
	25


	0
	27
	1
	15
	2
	14
	3
	38


	0
	6
	1
	13
	2
	16
	3
	41


	0
	30
	1
	29
	2
	46
	3
	26


	0
	35
	1
	41
	2
	23
	3
	21


	0
	15
	1
	46
	2
	39
	3
	22


	0
	27
	1
	29
	2
	23
	3
	14


	0
	8
	1
	49
	2
	15
	3
	31


	0
	12
	1
	40
	2
	11
	3
	21


	0
	30
	1
	30
	2
	30
	3
	40


	0
	23
	1
	30
	2
	23
	3
	25


	0
	20
	1
	24
	2
	14
	3
	32


	0
	12
	1
	8
	2
	9
	3
	36


	0
	8
	1
	15
	2
	49
	3
	47


	0
	49
	1
	11
	2
	18
	3
	9


	0
	44
	1
	34
	2
	19
	3
	42


	0
	11
	1
	12
	2
	41
	3
	47


	0
	47
	1
	11
	2
	12
	3
	26


	0
	23
	1
	43
	2
	20
	3
	38


	0
	41
	1
	42
	2
	40
	3
	46


	0
	7
	1
	45
	2
	40
	3
	23


	0
	6
	1
	49
	2
	44
	3
	10


	0
	23
	1
	16
	2
	31
	3
	11


	0
	40
	1
	33
	2
	19
	3
	29


	0
	37
	1
	8
	2
	31
	3
	11


	0
	7
	1
	13
	2
	10
	3
	38


	0
	23
	1
	28
	2
	31
	3
	47


	0
	13
	1
	7
	2
	35
	3
	26


	0
	19
	1
	34
	2
	45
	3
	19


	0
	12
	1
	18
	2
	40
	3
	46


	0
	13
	1
	47
	2
	5
	3
	43


	0
	42
	1
	22
	2
	16
	3
	36


	0
	31
	1
	34
	2
	9
	3
	41


	0
	31
	1
	13
	2
	34
	3
	19


	0
	25
	1
	13
	2
	29
	3
	36


	0
	34
	1
	6
	2
	5
	3
	16

