40
8
5

	0
	19
	1
	34
	2
	26
	3
	45
	4
	16
	5
	37
	6
	41
	7
	33


	0
	5
	1
	28
	2
	16
	3
	25
	4
	33
	5
	33
	6
	37
	7
	34


	0
	18
	1
	27
	2
	33
	3
	35
	4
	8
	5
	25
	6
	40
	7
	17


	0
	25
	1
	13
	2
	30
	3
	41
	4
	35
	5
	5
	6
	18
	7
	28


	0
	24
	1
	42
	2
	35
	3
	15
	4
	48
	5
	27
	6
	5
	7
	14


	0
	28
	1
	15
	2
	10
	3
	18
	4
	35
	5
	27
	6
	20
	7
	17


	0
	47
	1
	39
	2
	23
	3
	19
	4
	25
	5
	29
	6
	37
	7
	14


	0
	34
	1
	28
	2
	49
	3
	31
	4
	29
	5
	5
	6
	49
	7
	24


	0
	23
	1
	38
	2
	47
	3
	5
	4
	31
	5
	30
	6
	18
	7
	34


	0
	40
	1
	23
	2
	13
	3
	12
	4
	46
	5
	41
	6
	34
	7
	32


	0
	11
	1
	16
	2
	45
	3
	18
	4
	32
	5
	7
	6
	25
	7
	14


	0
	45
	1
	9
	2
	44
	3
	45
	4
	25
	5
	5
	6
	15
	7
	47


	0
	43
	1
	13
	2
	27
	3
	21
	4
	25
	5
	40
	6
	26
	7
	23


	0
	16
	1
	42
	2
	42
	3
	17
	4
	46
	5
	24
	6
	30
	7
	29


	0
	6
	1
	9
	2
	12
	3
	11
	4
	10
	5
	6
	6
	21
	7
	20


	0
	32
	1
	6
	2
	21
	3
	14
	4
	30
	5
	40
	6
	44
	7
	32


	0
	40
	1
	23
	2
	16
	3
	11
	4
	6
	5
	27
	6
	22
	7
	39


	0
	9
	1
	44
	2
	9
	3
	28
	4
	25
	5
	7
	6
	39
	7
	26


	0
	43
	1
	37
	2
	15
	3
	13
	4
	8
	5
	16
	6
	32
	7
	17


	0
	30
	1
	23
	2
	15
	3
	15
	4
	9
	5
	35
	6
	31
	7
	40


	0
	20
	1
	21
	2
	16
	3
	8
	4
	13
	5
	46
	6
	38
	7
	32


	0
	29
	1
	13
	2
	28
	3
	6
	4
	48
	5
	36
	6
	32
	7
	38


	0
	20
	1
	45
	2
	35
	3
	30
	4
	7
	5
	23
	6
	41
	7
	19


	0
	42
	1
	27
	2
	9
	3
	6
	4
	14
	5
	19
	6
	37
	7
	34


	0
	10
	1
	5
	2
	35
	3
	24
	4
	25
	5
	45
	6
	21
	7
	6


	0
	30
	1
	18
	2
	38
	3
	13
	4
	26
	5
	10
	6
	25
	7
	10


	0
	9
	1
	39
	2
	43
	3
	7
	4
	38
	5
	25
	6
	48
	7
	30


	0
	37
	1
	14
	2
	21
	3
	38
	4
	15
	5
	17
	6
	11
	7
	47


	0
	35
	1
	39
	2
	7
	3
	38
	4
	23
	5
	12
	6
	33
	7
	17


	0
	19
	1
	21
	2
	41
	3
	37
	4
	48
	5
	25
	6
	49
	7
	30


	0
	22
	1
	45
	2
	45
	3
	49
	4
	24
	5
	39
	6
	13
	7
	26


	0
	32
	1
	48
	2
	46
	3
	15
	4
	37
	5
	26
	6
	37
	7
	17


	0
	17
	1
	9
	2
	15
	3
	34
	4
	10
	5
	9
	6
	49
	7
	46


	0
	22
	1
	32
	2
	33
	3
	22
	4
	49
	5
	40
	6
	10
	7
	9


	0
	31
	1
	26
	2
	35
	3
	46
	4
	12
	5
	48
	6
	39
	7
	41


	0
	31
	1
	24
	2
	35
	3
	34
	4
	21
	5
	18
	6
	13
	7
	49


	0
	34
	1
	12
	2
	13
	3
	47
	4
	39
	5
	7
	6
	9
	7
	25


	0
	7
	1
	37
	2
	7
	3
	20
	4
	39
	5
	12
	6
	7
	7
	33


	0
	19
	1
	40
	2
	49
	3
	42
	4
	5
	5
	34
	6
	14
	7
	34


	0
	24
	1
	35
	2
	27
	3
	35
	4
	8
	5
	8
	6
	32
	7
	18

