40
8
4

	0
	22
	1
	32
	2
	27
	3
	16
	4
	37
	5
	33
	6
	16
	7
	40


	0
	22
	1
	41
	2
	45
	3
	34
	4
	29
	5
	17
	6
	47
	7
	33


	0
	16
	1
	22
	2
	21
	3
	27
	4
	12
	5
	30
	6
	44
	7
	13


	0
	48
	1
	30
	2
	26
	3
	15
	4
	35
	5
	31
	6
	30
	7
	14


	0
	31
	1
	13
	2
	23
	3
	25
	4
	38
	5
	13
	6
	15
	7
	27


	0
	34
	1
	8
	2
	41
	3
	26
	4
	37
	5
	45
	6
	12
	7
	23


	0
	19
	1
	26
	2
	19
	3
	27
	4
	43
	5
	7
	6
	42
	7
	20


	0
	13
	1
	12
	2
	13
	3
	20
	4
	21
	5
	38
	6
	42
	7
	42


	0
	43
	1
	34
	2
	46
	3
	35
	4
	25
	5
	42
	6
	34
	7
	42


	0
	13
	1
	47
	2
	37
	3
	19
	4
	15
	5
	24
	6
	42
	7
	31


	0
	6
	1
	33
	2
	23
	3
	25
	4
	21
	5
	33
	6
	5
	7
	49


	0
	37
	1
	29
	2
	18
	3
	43
	4
	28
	5
	7
	6
	20
	7
	45


	0
	24
	1
	21
	2
	46
	3
	10
	4
	19
	5
	8
	6
	9
	7
	31


	0
	38
	1
	33
	2
	24
	3
	32
	4
	41
	5
	47
	6
	31
	7
	32


	0
	23
	1
	42
	2
	40
	3
	8
	4
	9
	5
	12
	6
	27
	7
	25


	0
	18
	1
	28
	2
	42
	3
	39
	4
	10
	5
	19
	6
	14
	7
	15


	0
	32
	1
	30
	2
	38
	3
	42
	4
	37
	5
	23
	6
	27
	7
	34


	0
	47
	1
	12
	2
	20
	3
	18
	4
	19
	5
	43
	6
	26
	7
	22


	0
	32
	1
	47
	2
	13
	3
	32
	4
	43
	5
	35
	6
	25
	7
	44


	0
	36
	1
	22
	2
	39
	3
	36
	4
	18
	5
	47
	6
	31
	7
	14


	0
	29
	1
	26
	2
	47
	3
	14
	4
	15
	5
	11
	6
	17
	7
	31


	0
	17
	1
	17
	2
	28
	3
	31
	4
	7
	5
	43
	6
	31
	7
	32


	0
	34
	1
	14
	2
	29
	3
	13
	4
	25
	5
	30
	6
	31
	7
	13


	0
	5
	1
	16
	2
	30
	3
	38
	4
	38
	5
	10
	6
	13
	7
	35


	0
	35
	1
	7
	2
	18
	3
	11
	4
	46
	5
	47
	6
	32
	7
	35


	0
	46
	1
	35
	2
	21
	3
	44
	4
	44
	5
	39
	6
	25
	7
	42


	0
	10
	1
	5
	2
	46
	3
	35
	4
	31
	5
	11
	6
	46
	7
	48


	0
	24
	1
	9
	2
	28
	3
	36
	4
	5
	5
	44
	6
	35
	7
	33


	0
	33
	1
	24
	2
	5
	3
	17
	4
	45
	5
	34
	6
	40
	7
	45


	0
	37
	1
	24
	2
	43
	3
	22
	4
	13
	5
	32
	6
	34
	7
	20


	0
	9
	1
	12
	2
	36
	3
	23
	4
	33
	5
	28
	6
	15
	7
	44


	0
	31
	1
	24
	2
	47
	3
	35
	4
	19
	5
	47
	6
	6
	7
	36


	0
	30
	1
	27
	2
	47
	3
	6
	4
	34
	5
	38
	6
	16
	7
	13


	0
	16
	1
	32
	2
	15
	3
	34
	4
	16
	5
	35
	6
	49
	7
	37


	0
	49
	1
	20
	2
	39
	3
	35
	4
	33
	5
	20
	6
	15
	7
	38


	0
	7
	1
	43
	2
	22
	3
	8
	4
	38
	5
	36
	6
	37
	7
	10


	0
	31
	1
	45
	2
	49
	3
	45
	4
	5
	5
	17
	6
	39
	7
	39


	0
	18
	1
	46
	2
	12
	3
	14
	4
	26
	5
	43
	6
	6
	7
	7


	0
	26
	1
	14
	2
	31
	3
	42
	4
	14
	5
	15
	6
	19
	7
	36


	0
	12
	1
	23
	2
	41
	3
	6
	4
	40
	5
	35
	6
	15
	7
	47

