40
8
4

	0
	5
	1
	25
	2
	45
	3
	38
	4
	18
	5
	16
	6
	47
	7
	39


	0
	30
	1
	31
	2
	30
	3
	18
	4
	7
	5
	39
	6
	37
	7
	43


	0
	33
	1
	41
	2
	32
	3
	19
	4
	14
	5
	13
	6
	18
	7
	8


	0
	16
	1
	20
	2
	8
	3
	36
	4
	43
	5
	26
	6
	44
	7
	10


	0
	28
	1
	39
	2
	5
	3
	31
	4
	7
	5
	12
	6
	39
	7
	36


	0
	32
	1
	14
	2
	27
	3
	27
	4
	27
	5
	21
	6
	41
	7
	8


	0
	15
	1
	11
	2
	20
	3
	47
	4
	34
	5
	5
	6
	21
	7
	7


	0
	49
	1
	8
	2
	27
	3
	9
	4
	16
	5
	36
	6
	28
	7
	47


	0
	26
	1
	25
	2
	42
	3
	13
	4
	20
	5
	27
	6
	34
	7
	16


	0
	22
	1
	35
	2
	14
	3
	20
	4
	45
	5
	38
	6
	22
	7
	35


	0
	7
	1
	17
	2
	42
	3
	33
	4
	34
	5
	22
	6
	5
	7
	49


	0
	41
	1
	7
	2
	14
	3
	36
	4
	42
	5
	25
	6
	40
	7
	12


	0
	40
	1
	28
	2
	15
	3
	19
	4
	41
	5
	16
	6
	17
	7
	46


	0
	23
	1
	26
	2
	20
	3
	20
	4
	37
	5
	47
	6
	47
	7
	22


	0
	37
	1
	43
	2
	29
	3
	35
	4
	46
	5
	43
	6
	25
	7
	31


	0
	6
	1
	31
	2
	29
	3
	40
	4
	22
	5
	42
	6
	12
	7
	13


	0
	13
	1
	36
	2
	43
	3
	23
	4
	7
	5
	36
	6
	36
	7
	7


	0
	32
	1
	29
	2
	27
	3
	21
	4
	14
	5
	14
	6
	21
	7
	26


	0
	11
	1
	49
	2
	10
	3
	29
	4
	13
	5
	46
	6
	32
	7
	30


	0
	9
	1
	17
	2
	7
	3
	29
	4
	27
	5
	37
	6
	26
	7
	40


	0
	17
	1
	28
	2
	39
	3
	43
	4
	40
	5
	13
	6
	8
	7
	38


	0
	14
	1
	42
	2
	48
	3
	42
	4
	39
	5
	15
	6
	42
	7
	17


	0
	36
	1
	34
	2
	36
	3
	10
	4
	31
	5
	25
	6
	35
	7
	16


	0
	19
	1
	8
	2
	36
	3
	40
	4
	11
	5
	48
	6
	34
	7
	30


	0
	12
	1
	23
	2
	10
	3
	19
	4
	6
	5
	11
	6
	48
	7
	29


	0
	30
	1
	16
	2
	25
	3
	36
	4
	31
	5
	40
	6
	42
	7
	43


	0
	13
	1
	28
	2
	5
	3
	26
	4
	22
	5
	18
	6
	15
	7
	48


	0
	22
	1
	9
	2
	28
	3
	32
	4
	41
	5
	48
	6
	13
	7
	29


	0
	42
	1
	31
	2
	35
	3
	33
	4
	42
	5
	48
	6
	11
	7
	12


	0
	16
	1
	44
	2
	36
	3
	5
	4
	34
	5
	9
	6
	44
	7
	38


	0
	34
	1
	16
	2
	5
	3
	38
	4
	16
	5
	43
	6
	24
	7
	25


	0
	35
	1
	35
	2
	40
	3
	33
	4
	34
	5
	6
	6
	27
	7
	19


	0
	45
	1
	26
	2
	40
	3
	7
	4
	33
	5
	15
	6
	25
	7
	48


	0
	20
	1
	16
	2
	24
	3
	17
	4
	12
	5
	31
	6
	16
	7
	33


	0
	24
	1
	33
	2
	36
	3
	39
	4
	44
	5
	40
	6
	26
	7
	25


	0
	15
	1
	32
	2
	49
	3
	35
	4
	38
	5
	9
	6
	28
	7
	20


	0
	49
	1
	46
	2
	8
	3
	13
	4
	21
	5
	6
	6
	19
	7
	43


	0
	5
	1
	15
	2
	28
	3
	40
	4
	13
	5
	25
	6
	46
	7
	34


	0
	22
	1
	6
	2
	20
	3
	10
	4
	32
	5
	35
	6
	20
	7
	20


	0
	35
	1
	36
	2
	14
	3
	24
	4
	41
	5
	49
	6
	48
	7
	23

