40
4
3

	0
	36
	1
	40
	2
	17
	3
	8


	0
	13
	1
	27
	2
	45
	3
	48


	0
	25
	1
	44
	2
	43
	3
	20


	0
	6
	1
	32
	2
	16
	3
	18


	0
	36
	1
	40
	2
	42
	3
	42


	0
	29
	1
	18
	2
	32
	3
	35


	0
	18
	1
	17
	2
	10
	3
	13


	0
	37
	1
	14
	2
	20
	3
	36


	0
	46
	1
	42
	2
	23
	3
	5


	0
	19
	1
	19
	2
	45
	3
	26


	0
	9
	1
	40
	2
	26
	3
	24


	0
	12
	1
	37
	2
	49
	3
	28


	0
	22
	1
	22
	2
	20
	3
	26


	0
	36
	1
	32
	2
	11
	3
	5


	0
	27
	1
	22
	2
	33
	3
	22


	0
	22
	1
	33
	2
	42
	3
	34


	0
	13
	1
	26
	2
	5
	3
	45


	0
	25
	1
	29
	2
	26
	3
	17


	0
	24
	1
	40
	2
	30
	3
	37


	0
	25
	1
	43
	2
	39
	3
	48


	0
	18
	1
	15
	2
	33
	3
	16


	0
	20
	1
	23
	2
	45
	3
	36


	0
	33
	1
	11
	2
	25
	3
	24


	0
	11
	1
	26
	2
	45
	3
	6


	0
	14
	1
	42
	2
	24
	3
	13


	0
	10
	1
	17
	2
	46
	3
	36


	0
	6
	1
	28
	2
	47
	3
	28


	0
	14
	1
	23
	2
	44
	3
	19


	0
	43
	1
	33
	2
	7
	3
	47


	0
	16
	1
	13
	2
	8
	3
	15


	0
	34
	1
	27
	2
	49
	3
	9


	0
	12
	1
	31
	2
	42
	3
	41


	0
	13
	1
	13
	2
	14
	3
	6


	0
	45
	1
	12
	2
	9
	3
	25


	0
	33
	1
	12
	2
	26
	3
	23


	0
	18
	1
	44
	2
	13
	3
	41


	0
	27
	1
	20
	2
	38
	3
	7


	0
	24
	1
	11
	2
	22
	3
	8


	0
	13
	1
	36
	2
	18
	3
	24


	0
	47
	1
	40
	2
	24
	3
	28

