40
8
2

	0
	38
	1
	48
	2
	9
	3
	15
	4
	5
	5
	41
	6
	23
	7
	34


	0
	45
	1
	38
	2
	27
	3
	17
	4
	23
	5
	9
	6
	26
	7
	30


	0
	5
	1
	8
	2
	27
	3
	48
	4
	15
	5
	10
	6
	7
	7
	7


	0
	20
	1
	43
	2
	30
	3
	18
	4
	42
	5
	27
	6
	42
	7
	35


	0
	42
	1
	19
	2
	43
	3
	15
	4
	16
	5
	40
	6
	35
	7
	22


	0
	25
	1
	46
	2
	19
	3
	37
	4
	34
	5
	43
	6
	7
	7
	40


	0
	16
	1
	45
	2
	29
	3
	16
	4
	38
	5
	15
	6
	8
	7
	28


	0
	35
	1
	10
	2
	20
	3
	36
	4
	19
	5
	23
	6
	13
	7
	17


	0
	18
	1
	41
	2
	20
	3
	40
	4
	45
	5
	25
	6
	34
	7
	38


	0
	37
	1
	25
	2
	28
	3
	46
	4
	37
	5
	15
	6
	26
	7
	49


	0
	17
	1
	34
	2
	36
	3
	45
	4
	17
	5
	24
	6
	30
	7
	32


	0
	21
	1
	32
	2
	20
	3
	17
	4
	26
	5
	16
	6
	7
	7
	38


	0
	20
	1
	14
	2
	19
	3
	34
	4
	33
	5
	27
	6
	40
	7
	25


	0
	5
	1
	45
	2
	33
	3
	8
	4
	32
	5
	9
	6
	49
	7
	6


	0
	49
	1
	13
	2
	30
	3
	43
	4
	27
	5
	34
	6
	12
	7
	37


	0
	6
	1
	32
	2
	14
	3
	18
	4
	36
	5
	49
	6
	44
	7
	17


	0
	31
	1
	29
	2
	11
	3
	10
	4
	16
	5
	23
	6
	32
	7
	33


	0
	27
	1
	48
	2
	23
	3
	30
	4
	44
	5
	15
	6
	48
	7
	18


	0
	45
	1
	20
	2
	19
	3
	11
	4
	9
	5
	35
	6
	38
	7
	48


	0
	36
	1
	39
	2
	8
	3
	41
	4
	41
	5
	37
	6
	31
	7
	28


	0
	24
	1
	18
	2
	8
	3
	24
	4
	20
	5
	19
	6
	44
	7
	24


	0
	42
	1
	45
	2
	42
	3
	42
	4
	15
	5
	34
	6
	26
	7
	16


	0
	18
	1
	24
	2
	23
	3
	48
	4
	24
	5
	47
	6
	8
	7
	18


	0
	49
	1
	44
	2
	13
	3
	27
	4
	30
	5
	46
	6
	8
	7
	17


	0
	14
	1
	40
	2
	11
	3
	26
	4
	36
	5
	10
	6
	22
	7
	24


	0
	5
	1
	23
	2
	40
	3
	7
	4
	15
	5
	36
	6
	41
	7
	34


	0
	23
	1
	10
	2
	28
	3
	48
	4
	32
	5
	12
	6
	15
	7
	16


	0
	26
	1
	25
	2
	21
	3
	11
	4
	22
	5
	30
	6
	38
	7
	40


	0
	38
	1
	13
	2
	15
	3
	15
	4
	35
	5
	33
	6
	36
	7
	14


	0
	22
	1
	30
	2
	10
	3
	44
	4
	20
	5
	16
	6
	36
	7
	16


	0
	46
	1
	31
	2
	27
	3
	8
	4
	20
	5
	45
	6
	8
	7
	32


	0
	19
	1
	25
	2
	10
	3
	36
	4
	38
	5
	26
	6
	9
	7
	17


	0
	8
	1
	22
	2
	42
	3
	35
	4
	47
	5
	6
	6
	10
	7
	16


	0
	46
	1
	39
	2
	26
	3
	17
	4
	36
	5
	47
	6
	17
	7
	29


	0
	33
	1
	12
	2
	27
	3
	14
	4
	17
	5
	19
	6
	47
	7
	48


	0
	43
	1
	37
	2
	37
	3
	13
	4
	31
	5
	46
	6
	6
	7
	15


	0
	22
	1
	34
	2
	9
	3
	22
	4
	30
	5
	43
	6
	18
	7
	22


	0
	46
	1
	26
	2
	33
	3
	19
	4
	18
	5
	5
	6
	21
	7
	44


	0
	47
	1
	45
	2
	43
	3
	37
	4
	29
	5
	30
	6
	46
	7
	42


	0
	41
	1
	8
	2
	29
	3
	20
	4
	32
	5
	15
	6
	29
	7
	35

