40
16
2

	0
	7
	1
	35
	2
	43
	3
	28
	4
	46
	5
	11
	6
	20
	7
	45
	8
	49
	9
	31
	10
	46
	11
	6
	12
	35
	13
	38
	14
	26
	15
	7


	0
	13
	1
	38
	2
	13
	3
	49
	4
	44
	5
	10
	6
	9
	7
	36
	8
	27
	9
	12
	10
	32
	11
	23
	12
	44
	13
	25
	14
	43
	15
	36


	0
	29
	1
	12
	2
	32
	3
	18
	4
	35
	5
	26
	6
	8
	7
	36
	8
	39
	9
	41
	10
	40
	11
	28
	12
	9
	13
	8
	14
	8
	15
	34


	0
	41
	1
	33
	2
	38
	3
	47
	4
	14
	5
	36
	6
	18
	7
	48
	8
	8
	9
	47
	10
	39
	11
	41
	12
	6
	13
	23
	14
	35
	15
	27


	0
	44
	1
	36
	2
	34
	3
	16
	4
	41
	5
	18
	6
	27
	7
	17
	8
	46
	9
	17
	10
	48
	11
	32
	12
	30
	13
	41
	14
	37
	15
	27


	0
	18
	1
	19
	2
	5
	3
	38
	4
	16
	5
	6
	6
	44
	7
	22
	8
	34
	9
	38
	10
	47
	11
	29
	12
	48
	13
	38
	14
	12
	15
	49


	0
	17
	1
	42
	2
	17
	3
	33
	4
	33
	5
	21
	6
	38
	7
	40
	8
	9
	9
	8
	10
	7
	11
	26
	12
	6
	13
	28
	14
	29
	15
	37


	0
	47
	1
	9
	2
	37
	3
	32
	4
	17
	5
	31
	6
	32
	7
	20
	8
	6
	9
	8
	10
	26
	11
	38
	12
	24
	13
	13
	14
	9
	15
	32


	0
	20
	1
	47
	2
	37
	3
	15
	4
	10
	5
	6
	6
	20
	7
	37
	8
	11
	9
	26
	10
	32
	11
	18
	12
	44
	13
	14
	14
	8
	15
	12


	0
	44
	1
	32
	2
	12
	3
	14
	4
	30
	5
	46
	6
	10
	7
	16
	8
	27
	9
	20
	10
	42
	11
	42
	12
	47
	13
	21
	14
	10
	15
	36


	0
	44
	1
	7
	2
	29
	3
	6
	4
	36
	5
	22
	6
	7
	7
	42
	8
	26
	9
	8
	10
	27
	11
	49
	12
	42
	13
	34
	14
	45
	15
	31


	0
	48
	1
	10
	2
	36
	3
	30
	4
	38
	5
	34
	6
	41
	7
	38
	8
	41
	9
	44
	10
	48
	11
	35
	12
	40
	13
	20
	14
	22
	15
	26


	0
	36
	1
	8
	2
	18
	3
	16
	4
	39
	5
	24
	6
	6
	7
	28
	8
	10
	9
	28
	10
	16
	11
	49
	12
	44
	13
	37
	14
	49
	15
	21


	0
	38
	1
	49
	2
	8
	3
	15
	4
	18
	5
	6
	6
	38
	7
	40
	8
	40
	9
	21
	10
	48
	11
	42
	12
	5
	13
	9
	14
	7
	15
	44


	0
	48
	1
	21
	2
	22
	3
	5
	4
	36
	5
	47
	6
	12
	7
	25
	8
	15
	9
	46
	10
	7
	11
	49
	12
	43
	13
	34
	14
	24
	15
	9


	0
	32
	1
	9
	2
	10
	3
	5
	4
	46
	5
	14
	6
	34
	7
	17
	8
	5
	9
	29
	10
	47
	11
	31
	12
	11
	13
	20
	14
	47
	15
	14


	0
	23
	1
	36
	2
	33
	3
	32
	4
	40
	5
	11
	6
	17
	7
	41
	8
	13
	9
	14
	10
	46
	11
	43
	12
	20
	13
	19
	14
	42
	15
	23


	0
	33
	1
	7
	2
	43
	3
	7
	4
	19
	5
	37
	6
	31
	7
	40
	8
	24
	9
	47
	10
	48
	11
	38
	12
	46
	13
	31
	14
	26
	15
	11


	0
	30
	1
	31
	2
	7
	3
	13
	4
	44
	5
	24
	6
	36
	7
	43
	8
	37
	9
	22
	10
	18
	11
	28
	12
	47
	13
	6
	14
	29
	15
	9


	0
	33
	1
	29
	2
	47
	3
	31
	4
	23
	5
	23
	6
	22
	7
	12
	8
	49
	9
	17
	10
	15
	11
	21
	12
	26
	13
	7
	14
	10
	15
	24


	0
	20
	1
	19
	2
	40
	3
	37
	4
	47
	5
	22
	6
	8
	7
	42
	8
	33
	9
	45
	10
	43
	11
	25
	12
	31
	13
	47
	14
	5
	15
	30


	0
	22
	1
	36
	2
	29
	3
	13
	4
	40
	5
	29
	6
	29
	7
	44
	8
	41
	9
	48
	10
	19
	11
	28
	12
	8
	13
	47
	14
	38
	15
	11


	0
	22
	1
	18
	2
	28
	3
	47
	4
	13
	5
	47
	6
	42
	7
	48
	8
	10
	9
	45
	10
	42
	11
	22
	12
	16
	13
	36
	14
	45
	15
	8


	0
	45
	1
	21
	2
	18
	3
	35
	4
	45
	5
	47
	6
	30
	7
	30
	8
	40
	9
	13
	10
	15
	11
	41
	12
	6
	13
	33
	14
	19
	15
	43


	0
	26
	1
	38
	2
	6
	3
	13
	4
	34
	5
	26
	6
	18
	7
	47
	8
	39
	9
	29
	10
	6
	11
	20
	12
	31
	13
	21
	14
	46
	15
	42


	0
	37
	1
	13
	2
	34
	3
	16
	4
	31
	5
	36
	6
	24
	7
	16
	8
	22
	9
	37
	10
	49
	11
	11
	12
	14
	13
	42
	14
	19
	15
	45


	0
	48
	1
	47
	2
	15
	3
	43
	4
	40
	5
	11
	6
	28
	7
	13
	8
	42
	9
	33
	10
	14
	11
	47
	12
	41
	13
	38
	14
	38
	15
	8


	0
	22
	1
	37
	2
	20
	3
	47
	4
	42
	5
	49
	6
	25
	7
	42
	8
	45
	9
	16
	10
	46
	11
	21
	12
	32
	13
	40
	14
	6
	15
	13


	0
	28
	1
	33
	2
	23
	3
	28
	4
	42
	5
	5
	6
	46
	7
	12
	8
	37
	9
	19
	10
	45
	11
	7
	12
	17
	13
	21
	14
	13
	15
	33


	0
	33
	1
	15
	2
	5
	3
	30
	4
	13
	5
	32
	6
	28
	7
	49
	8
	22
	9
	8
	10
	26
	11
	31
	12
	28
	13
	21
	14
	32
	15
	43


	0
	22
	1
	16
	2
	11
	3
	19
	4
	23
	5
	20
	6
	23
	7
	48
	8
	10
	9
	17
	10
	21
	11
	42
	12
	38
	13
	38
	14
	29
	15
	38


	0
	31
	1
	35
	2
	29
	3
	30
	4
	44
	5
	6
	6
	33
	7
	11
	8
	25
	9
	39
	10
	35
	11
	33
	12
	18
	13
	20
	14
	38
	15
	17


	0
	10
	1
	15
	2
	20
	3
	9
	4
	37
	5
	46
	6
	42
	7
	7
	8
	5
	9
	27
	10
	26
	11
	39
	12
	40
	13
	46
	14
	10
	15
	9


	0
	35
	1
	34
	2
	48
	3
	29
	4
	49
	5
	22
	6
	26
	7
	24
	8
	45
	9
	29
	10
	23
	11
	43
	12
	47
	13
	15
	14
	7
	15
	41


	0
	27
	1
	36
	2
	27
	3
	40
	4
	30
	5
	44
	6
	32
	7
	11
	8
	24
	9
	20
	10
	44
	11
	17
	12
	46
	13
	38
	14
	28
	15
	38


	0
	25
	1
	31
	2
	43
	3
	30
	4
	17
	5
	15
	6
	19
	7
	36
	8
	45
	9
	27
	10
	19
	11
	36
	12
	23
	13
	12
	14
	37
	15
	33


	0
	11
	1
	31
	2
	29
	3
	32
	4
	43
	5
	48
	6
	6
	7
	35
	8
	37
	9
	41
	10
	10
	11
	22
	12
	8
	13
	40
	14
	6
	15
	38


	0
	36
	1
	40
	2
	29
	3
	7
	4
	31
	5
	43
	6
	21
	7
	35
	8
	34
	9
	39
	10
	41
	11
	8
	12
	36
	13
	12
	14
	6
	15
	34


	0
	45
	1
	13
	2
	34
	3
	38
	4
	48
	5
	5
	6
	48
	7
	21
	8
	36
	9
	45
	10
	21
	11
	13
	12
	26
	13
	29
	14
	28
	15
	39


	0
	43
	1
	13
	2
	23
	3
	46
	4
	45
	5
	17
	6
	19
	7
	42
	8
	28
	9
	47
	10
	31
	11
	35
	12
	35
	13
	7
	14
	24
	15
	19

