40
4
2

	0
	10
	1
	27
	2
	35
	3
	48


	0
	45
	1
	19
	2
	13
	3
	7


	0
	32
	1
	25
	2
	43
	3
	32


	0
	9
	1
	41
	2
	49
	3
	6


	0
	42
	1
	14
	2
	22
	3
	18


	0
	33
	1
	17
	2
	14
	3
	10


	0
	19
	1
	23
	2
	9
	3
	15


	0
	7
	1
	27
	2
	16
	3
	27


	0
	25
	1
	29
	2
	12
	3
	7


	0
	8
	1
	42
	2
	25
	3
	11


	0
	25
	1
	38
	2
	9
	3
	18


	0
	33
	1
	46
	2
	29
	3
	47


	0
	49
	1
	30
	2
	20
	3
	14


	0
	9
	1
	14
	2
	10
	3
	34


	0
	10
	1
	37
	2
	44
	3
	38


	0
	44
	1
	8
	2
	33
	3
	44


	0
	47
	1
	38
	2
	16
	3
	35


	0
	21
	1
	31
	2
	30
	3
	7


	0
	48
	1
	17
	2
	18
	3
	43


	0
	11
	1
	7
	2
	18
	3
	44


	0
	17
	1
	13
	2
	25
	3
	25


	0
	12
	1
	47
	2
	20
	3
	22


	0
	6
	1
	5
	2
	17
	3
	19


	0
	11
	1
	42
	2
	39
	3
	43


	0
	48
	1
	38
	2
	43
	3
	13


	0
	6
	1
	15
	2
	22
	3
	38


	0
	40
	1
	23
	2
	40
	3
	26


	0
	16
	1
	44
	2
	10
	3
	7


	0
	11
	1
	42
	2
	38
	3
	12


	0
	5
	1
	19
	2
	39
	3
	32


	0
	18
	1
	16
	2
	30
	3
	25


	0
	39
	1
	12
	2
	12
	3
	48


	0
	34
	1
	42
	2
	22
	3
	23


	0
	19
	1
	6
	2
	36
	3
	37


	0
	40
	1
	11
	2
	21
	3
	27


	0
	36
	1
	10
	2
	38
	3
	31


	0
	24
	1
	19
	2
	13
	3
	46


	0
	42
	1
	12
	2
	6
	3
	24


	0
	47
	1
	28
	2
	15
	3
	45


	0
	8
	1
	41
	2
	46
	3
	33

