40
8
5

	0
	22
	1
	15
	2
	7
	3
	10
	4
	40
	5
	13
	6
	44
	7
	43


	0
	25
	1
	25
	2
	19
	3
	42
	4
	17
	5
	28
	6
	47
	7
	42


	0
	19
	1
	30
	2
	28
	3
	35
	4
	40
	5
	47
	6
	19
	7
	12


	0
	15
	1
	12
	2
	44
	3
	40
	4
	20
	5
	20
	6
	44
	7
	38


	0
	44
	1
	32
	2
	19
	3
	28
	4
	35
	5
	21
	6
	25
	7
	29


	0
	36
	1
	17
	2
	11
	3
	49
	4
	42
	5
	19
	6
	14
	7
	17


	0
	34
	1
	13
	2
	40
	3
	33
	4
	5
	5
	39
	6
	9
	7
	24


	0
	24
	1
	20
	2
	19
	3
	48
	4
	46
	5
	20
	6
	23
	7
	24


	0
	16
	1
	46
	2
	33
	3
	28
	4
	23
	5
	38
	6
	40
	7
	15


	0
	9
	1
	39
	2
	42
	3
	49
	4
	32
	5
	15
	6
	10
	7
	43


	0
	29
	1
	19
	2
	24
	3
	23
	4
	47
	5
	36
	6
	35
	7
	5


	0
	46
	1
	24
	2
	31
	3
	23
	4
	47
	5
	29
	6
	34
	7
	25


	0
	47
	1
	32
	2
	47
	3
	28
	4
	12
	5
	5
	6
	33
	7
	14


	0
	29
	1
	18
	2
	18
	3
	45
	4
	28
	5
	23
	6
	40
	7
	5


	0
	6
	1
	39
	2
	37
	3
	21
	4
	37
	5
	48
	6
	32
	7
	43


	0
	22
	1
	24
	2
	36
	3
	6
	4
	14
	5
	48
	6
	20
	7
	14


	0
	15
	1
	13
	2
	28
	3
	21
	4
	11
	5
	34
	6
	46
	7
	14


	0
	27
	1
	45
	2
	34
	3
	14
	4
	16
	5
	12
	6
	40
	7
	36


	0
	22
	1
	13
	2
	39
	3
	9
	4
	40
	5
	15
	6
	39
	7
	33


	0
	25
	1
	25
	2
	33
	3
	5
	4
	14
	5
	42
	6
	20
	7
	17


	0
	9
	1
	33
	2
	10
	3
	44
	4
	22
	5
	33
	6
	45
	7
	39


	0
	32
	1
	18
	2
	32
	3
	23
	4
	9
	5
	5
	6
	37
	7
	24


	0
	21
	1
	8
	2
	48
	3
	22
	4
	33
	5
	8
	6
	27
	7
	47


	0
	30
	1
	32
	2
	6
	3
	6
	4
	17
	5
	33
	6
	35
	7
	35


	0
	12
	1
	30
	2
	49
	3
	20
	4
	36
	5
	11
	6
	9
	7
	14


	0
	46
	1
	6
	2
	30
	3
	23
	4
	16
	5
	8
	6
	32
	7
	37


	0
	33
	1
	30
	2
	38
	3
	17
	4
	47
	5
	41
	6
	34
	7
	18


	0
	30
	1
	8
	2
	6
	3
	37
	4
	18
	5
	10
	6
	26
	7
	14


	0
	7
	1
	5
	2
	35
	3
	48
	4
	18
	5
	35
	6
	25
	7
	19


	0
	24
	1
	20
	2
	43
	3
	34
	4
	26
	5
	14
	6
	20
	7
	7


	0
	28
	1
	27
	2
	18
	3
	9
	4
	45
	5
	29
	6
	21
	7
	24


	0
	24
	1
	10
	2
	36
	3
	48
	4
	42
	5
	10
	6
	33
	7
	22


	0
	46
	1
	48
	2
	7
	3
	33
	4
	28
	5
	36
	6
	31
	7
	14


	0
	38
	1
	26
	2
	22
	3
	48
	4
	26
	5
	46
	6
	38
	7
	13


	0
	15
	1
	44
	2
	27
	3
	19
	4
	40
	5
	46
	6
	20
	7
	19


	0
	29
	1
	24
	2
	14
	3
	21
	4
	42
	5
	8
	6
	28
	7
	38


	0
	28
	1
	32
	2
	49
	3
	13
	4
	21
	5
	25
	6
	8
	7
	9


	0
	6
	1
	40
	2
	39
	3
	20
	4
	38
	5
	38
	6
	5
	7
	35


	0
	25
	1
	7
	2
	7
	3
	47
	4
	19
	5
	30
	6
	33
	7
	47


	0
	10
	1
	48
	2
	37
	3
	6
	4
	23
	5
	12
	6
	36
	7
	12

