40
4
4

	0
	14
	1
	11
	2
	37
	3
	17


	0
	47
	1
	30
	2
	15
	3
	45


	0
	28
	1
	38
	2
	41
	3
	15


	0
	33
	1
	19
	2
	42
	3
	20


	0
	13
	1
	37
	2
	38
	3
	17


	0
	44
	1
	44
	2
	38
	3
	42


	0
	7
	1
	25
	2
	34
	3
	10


	0
	44
	1
	20
	2
	14
	3
	29


	0
	27
	1
	9
	2
	10
	3
	16


	0
	7
	1
	12
	2
	34
	3
	37


	0
	38
	1
	21
	2
	43
	3
	49


	0
	49
	1
	44
	2
	20
	3
	33


	0
	7
	1
	10
	2
	46
	3
	28


	0
	22
	1
	6
	2
	10
	3
	9


	0
	16
	1
	18
	2
	31
	3
	24


	0
	47
	1
	28
	2
	19
	3
	7


	0
	41
	1
	46
	2
	41
	3
	32


	0
	30
	1
	44
	2
	23
	3
	23


	0
	5
	1
	27
	2
	10
	3
	38


	0
	38
	1
	21
	2
	33
	3
	20


	0
	43
	1
	34
	2
	34
	3
	11


	0
	24
	1
	19
	2
	12
	3
	6


	0
	38
	1
	5
	2
	11
	3
	45


	0
	49
	1
	47
	2
	26
	3
	37


	0
	21
	1
	41
	2
	37
	3
	27


	0
	33
	1
	31
	2
	14
	3
	49


	0
	33
	1
	15
	2
	41
	3
	28


	0
	37
	1
	49
	2
	15
	3
	34


	0
	28
	1
	44
	2
	26
	3
	27


	0
	23
	1
	38
	2
	35
	3
	41


	0
	20
	1
	42
	2
	20
	3
	29


	0
	44
	1
	8
	2
	19
	3
	15


	0
	41
	1
	40
	2
	46
	3
	32


	0
	12
	1
	6
	2
	41
	3
	35


	0
	6
	1
	12
	2
	19
	3
	23


	0
	14
	1
	34
	2
	37
	3
	48


	0
	39
	1
	28
	2
	10
	3
	39


	0
	42
	1
	26
	2
	44
	3
	34


	0
	9
	1
	37
	2
	48
	3
	11


	0
	37
	1
	10
	2
	13
	3
	33

