40
4
2

	0
	30
	1
	14
	2
	28
	3
	31


	0
	5
	1
	41
	2
	37
	3
	41


	0
	49
	1
	48
	2
	12
	3
	42


	0
	40
	1
	20
	2
	19
	3
	33


	0
	47
	1
	31
	2
	12
	3
	34


	0
	45
	1
	17
	2
	40
	3
	40


	0
	46
	1
	12
	2
	16
	3
	20


	0
	11
	1
	7
	2
	48
	3
	37


	0
	21
	1
	34
	2
	45
	3
	13


	0
	31
	1
	25
	2
	46
	3
	21


	0
	39
	1
	21
	2
	38
	3
	6


	0
	48
	1
	39
	2
	33
	3
	38


	0
	34
	1
	14
	2
	6
	3
	5


	0
	43
	1
	35
	2
	22
	3
	42


	0
	16
	1
	23
	2
	22
	3
	40


	0
	15
	1
	40
	2
	33
	3
	30


	0
	10
	1
	41
	2
	6
	3
	27


	0
	35
	1
	5
	2
	42
	3
	27


	0
	44
	1
	30
	2
	18
	3
	17


	0
	11
	1
	47
	2
	27
	3
	47


	0
	39
	1
	22
	2
	12
	3
	15


	0
	49
	1
	20
	2
	42
	3
	45


	0
	29
	1
	45
	2
	22
	3
	24


	0
	17
	1
	10
	2
	28
	3
	10


	0
	46
	1
	42
	2
	46
	3
	9


	0
	29
	1
	40
	2
	22
	3
	42


	0
	28
	1
	27
	2
	40
	3
	36


	0
	41
	1
	42
	2
	19
	3
	21


	0
	17
	1
	33
	2
	22
	3
	30


	0
	34
	1
	11
	2
	40
	3
	42


	0
	42
	1
	21
	2
	11
	3
	29


	0
	47
	1
	20
	2
	23
	3
	40


	0
	7
	1
	47
	2
	11
	3
	34


	0
	48
	1
	5
	2
	9
	3
	9


	0
	29
	1
	37
	2
	34
	3
	23


	0
	30
	1
	37
	2
	32
	3
	48


	0
	47
	1
	28
	2
	18
	3
	15


	0
	28
	1
	13
	2
	16
	3
	31


	0
	44
	1
	30
	2
	10
	3
	34


	0
	26
	1
	42
	2
	27
	3
	26

