40
4
5

	0
	31
	1
	12
	2
	37
	3
	35


	0
	28
	1
	22
	2
	34
	3
	7


	0
	33
	1
	33
	2
	43
	3
	30


	0
	38
	1
	31
	2
	21
	3
	20


	0
	33
	1
	23
	2
	39
	3
	48


	0
	35
	1
	26
	2
	46
	3
	24


	0
	44
	1
	10
	2
	11
	3
	5


	0
	31
	1
	48
	2
	48
	3
	23


	0
	38
	1
	32
	2
	19
	3
	28


	0
	29
	1
	41
	2
	33
	3
	42


	0
	7
	1
	23
	2
	24
	3
	25


	0
	37
	1
	11
	2
	39
	3
	39


	0
	40
	1
	48
	2
	12
	3
	30


	0
	14
	1
	42
	2
	11
	3
	41


	0
	39
	1
	43
	2
	36
	3
	29


	0
	22
	1
	39
	2
	34
	3
	22


	0
	28
	1
	10
	2
	29
	3
	24


	0
	9
	1
	10
	2
	40
	3
	20


	0
	28
	1
	38
	2
	47
	3
	22


	0
	45
	1
	9
	2
	32
	3
	43


	0
	39
	1
	41
	2
	47
	3
	12


	0
	10
	1
	36
	2
	25
	3
	19


	0
	43
	1
	15
	2
	14
	3
	31


	0
	31
	1
	12
	2
	6
	3
	31


	0
	31
	1
	31
	2
	18
	3
	12


	0
	15
	1
	9
	2
	37
	3
	39


	0
	24
	1
	33
	2
	8
	3
	10


	0
	11
	1
	10
	2
	41
	3
	44


	0
	18
	1
	5
	2
	24
	3
	34


	0
	49
	1
	23
	2
	47
	3
	49


	0
	19
	1
	28
	2
	47
	3
	6


	0
	27
	1
	18
	2
	6
	3
	5


	0
	5
	1
	48
	2
	9
	3
	12


	0
	26
	1
	43
	2
	29
	3
	28


	0
	10
	1
	24
	2
	29
	3
	22


	0
	14
	1
	11
	2
	19
	3
	35


	0
	12
	1
	7
	2
	49
	3
	49


	0
	32
	1
	24
	2
	46
	3
	21


	0
	13
	1
	25
	2
	34
	3
	6


	0
	10
	1
	42
	2
	40
	3
	33

