40
16
4

	0
	12
	1
	6
	2
	37
	3
	18
	4
	31
	5
	31
	6
	26
	7
	27
	8
	37
	9
	9
	10
	6
	11
	20
	12
	30
	13
	26
	14
	11
	15
	13


	0
	32
	1
	9
	2
	34
	3
	6
	4
	22
	5
	18
	6
	44
	7
	16
	8
	23
	9
	36
	10
	10
	11
	46
	12
	10
	13
	31
	14
	15
	15
	44


	0
	33
	1
	25
	2
	27
	3
	11
	4
	25
	5
	37
	6
	39
	7
	35
	8
	49
	9
	14
	10
	6
	11
	31
	12
	29
	13
	40
	14
	46
	15
	5


	0
	42
	1
	18
	2
	18
	3
	10
	4
	44
	5
	35
	6
	5
	7
	14
	8
	25
	9
	28
	10
	43
	11
	35
	12
	25
	13
	43
	14
	6
	15
	46


	0
	31
	1
	18
	2
	21
	3
	46
	4
	36
	5
	38
	6
	8
	7
	49
	8
	21
	9
	42
	10
	9
	11
	32
	12
	21
	13
	42
	14
	46
	15
	44


	0
	49
	1
	17
	2
	41
	3
	46
	4
	44
	5
	47
	6
	13
	7
	11
	8
	34
	9
	5
	10
	36
	11
	45
	12
	49
	13
	8
	14
	6
	15
	10


	0
	37
	1
	17
	2
	33
	3
	27
	4
	43
	5
	49
	6
	15
	7
	29
	8
	21
	9
	49
	10
	17
	11
	42
	12
	22
	13
	42
	14
	47
	15
	23


	0
	42
	1
	13
	2
	17
	3
	11
	4
	36
	5
	48
	6
	7
	7
	38
	8
	35
	9
	41
	10
	40
	11
	11
	12
	28
	13
	7
	14
	41
	15
	23


	0
	15
	1
	25
	2
	30
	3
	8
	4
	18
	5
	18
	6
	9
	7
	16
	8
	44
	9
	36
	10
	44
	11
	14
	12
	35
	13
	35
	14
	37
	15
	30


	0
	25
	1
	29
	2
	33
	3
	6
	4
	16
	5
	39
	6
	30
	7
	11
	8
	14
	9
	14
	10
	49
	11
	48
	12
	36
	13
	5
	14
	6
	15
	5


	0
	12
	1
	15
	2
	30
	3
	26
	4
	37
	5
	25
	6
	10
	7
	26
	8
	10
	9
	44
	10
	8
	11
	47
	12
	10
	13
	31
	14
	36
	15
	43


	0
	24
	1
	47
	2
	25
	3
	37
	4
	38
	5
	30
	6
	42
	7
	17
	8
	25
	9
	27
	10
	47
	11
	41
	12
	30
	13
	19
	14
	10
	15
	46


	0
	11
	1
	6
	2
	23
	3
	32
	4
	46
	5
	34
	6
	26
	7
	37
	8
	28
	9
	44
	10
	40
	11
	23
	12
	30
	13
	43
	14
	42
	15
	40


	0
	25
	1
	32
	2
	20
	3
	7
	4
	19
	5
	43
	6
	45
	7
	28
	8
	25
	9
	18
	10
	37
	11
	21
	12
	18
	13
	5
	14
	42
	15
	5


	0
	37
	1
	44
	2
	18
	3
	16
	4
	18
	5
	30
	6
	25
	7
	39
	8
	45
	9
	47
	10
	15
	11
	45
	12
	8
	13
	6
	14
	16
	15
	35


	0
	48
	1
	26
	2
	19
	3
	15
	4
	28
	5
	30
	6
	45
	7
	31
	8
	49
	9
	26
	10
	34
	11
	35
	12
	34
	13
	33
	14
	15
	15
	44


	0
	47
	1
	39
	2
	17
	3
	47
	4
	5
	5
	26
	6
	19
	7
	30
	8
	42
	9
	19
	10
	7
	11
	36
	12
	6
	13
	15
	14
	23
	15
	25


	0
	8
	1
	9
	2
	17
	3
	8
	4
	17
	5
	36
	6
	13
	7
	26
	8
	35
	9
	25
	10
	26
	11
	12
	12
	7
	13
	46
	14
	45
	15
	47


	0
	8
	1
	7
	2
	7
	3
	26
	4
	7
	5
	33
	6
	5
	7
	25
	8
	38
	9
	37
	10
	46
	11
	36
	12
	8
	13
	12
	14
	7
	15
	43


	0
	31
	1
	47
	2
	35
	3
	20
	4
	34
	5
	36
	6
	20
	7
	9
	8
	34
	9
	17
	10
	48
	11
	40
	12
	39
	13
	7
	14
	41
	15
	17


	0
	28
	1
	14
	2
	9
	3
	21
	4
	17
	5
	42
	6
	23
	7
	49
	8
	46
	9
	21
	10
	36
	11
	27
	12
	12
	13
	28
	14
	16
	15
	15


	0
	48
	1
	21
	2
	16
	3
	39
	4
	47
	5
	37
	6
	28
	7
	15
	8
	17
	9
	37
	10
	11
	11
	46
	12
	33
	13
	41
	14
	22
	15
	27


	0
	11
	1
	10
	2
	41
	3
	34
	4
	46
	5
	48
	6
	39
	7
	49
	8
	11
	9
	44
	10
	19
	11
	20
	12
	18
	13
	33
	14
	45
	15
	46


	0
	40
	1
	23
	2
	49
	3
	15
	4
	33
	5
	45
	6
	17
	7
	9
	8
	44
	9
	33
	10
	15
	11
	10
	12
	41
	13
	15
	14
	17
	15
	33


	0
	36
	1
	10
	2
	17
	3
	25
	4
	13
	5
	21
	6
	42
	7
	21
	8
	10
	9
	49
	10
	46
	11
	33
	12
	49
	13
	37
	14
	30
	15
	37


	0
	6
	1
	23
	2
	33
	3
	37
	4
	36
	5
	9
	6
	22
	7
	43
	8
	11
	9
	21
	10
	9
	11
	5
	12
	27
	13
	22
	14
	49
	15
	31


	0
	31
	1
	45
	2
	49
	3
	15
	4
	6
	5
	8
	6
	44
	7
	22
	8
	20
	9
	32
	10
	47
	11
	44
	12
	31
	13
	26
	14
	45
	15
	36


	0
	28
	1
	7
	2
	14
	3
	30
	4
	7
	5
	46
	6
	22
	7
	33
	8
	31
	9
	46
	10
	17
	11
	38
	12
	46
	13
	43
	14
	40
	15
	33


	0
	12
	1
	35
	2
	37
	3
	36
	4
	16
	5
	10
	6
	12
	7
	39
	8
	37
	9
	21
	10
	11
	11
	5
	12
	22
	13
	38
	14
	47
	15
	9


	0
	47
	1
	30
	2
	40
	3
	25
	4
	14
	5
	22
	6
	14
	7
	45
	8
	8
	9
	18
	10
	8
	11
	21
	12
	20
	13
	30
	14
	44
	15
	39


	0
	13
	1
	48
	2
	38
	3
	47
	4
	12
	5
	7
	6
	41
	7
	10
	8
	25
	9
	20
	10
	23
	11
	14
	12
	17
	13
	32
	14
	34
	15
	7


	0
	34
	1
	48
	2
	34
	3
	43
	4
	24
	5
	35
	6
	34
	7
	14
	8
	24
	9
	5
	10
	34
	11
	26
	12
	13
	13
	16
	14
	11
	15
	20


	0
	37
	1
	48
	2
	49
	3
	36
	4
	9
	5
	31
	6
	36
	7
	26
	8
	6
	9
	25
	10
	5
	11
	34
	12
	37
	13
	16
	14
	30
	15
	31


	0
	31
	1
	33
	2
	28
	3
	15
	4
	5
	5
	40
	6
	33
	7
	30
	8
	18
	9
	33
	10
	42
	11
	35
	12
	16
	13
	13
	14
	36
	15
	40


	0
	47
	1
	39
	2
	12
	3
	42
	4
	39
	5
	33
	6
	44
	7
	15
	8
	7
	9
	42
	10
	25
	11
	24
	12
	14
	13
	39
	14
	16
	15
	24


	0
	40
	1
	17
	2
	18
	3
	24
	4
	22
	5
	8
	6
	9
	7
	42
	8
	29
	9
	11
	10
	14
	11
	20
	12
	37
	13
	48
	14
	18
	15
	15


	0
	16
	1
	21
	2
	42
	3
	38
	4
	9
	5
	13
	6
	6
	7
	40
	8
	21
	9
	31
	10
	17
	11
	41
	12
	45
	13
	19
	14
	7
	15
	14


	0
	40
	1
	11
	2
	21
	3
	29
	4
	30
	5
	37
	6
	30
	7
	40
	8
	35
	9
	31
	10
	8
	11
	22
	12
	32
	13
	14
	14
	43
	15
	29


	0
	24
	1
	6
	2
	22
	3
	34
	4
	25
	5
	44
	6
	45
	7
	49
	8
	10
	9
	21
	10
	34
	11
	18
	12
	28
	13
	36
	14
	27
	15
	46


	0
	49
	1
	47
	2
	31
	3
	5
	4
	23
	5
	7
	6
	35
	7
	43
	8
	20
	9
	28
	10
	26
	11
	21
	12
	25
	13
	41
	14
	14
	15
	14

