40
4
3

	0
	21
	1
	34
	2
	40
	3
	16


	0
	32
	1
	29
	2
	5
	3
	32


	0
	48
	1
	9
	2
	40
	3
	28


	0
	8
	1
	34
	2
	49
	3
	32


	0
	14
	1
	46
	2
	21
	3
	36


	0
	40
	1
	7
	2
	37
	3
	23


	0
	48
	1
	29
	2
	21
	3
	15


	0
	48
	1
	23
	2
	34
	3
	44


	0
	12
	1
	14
	2
	22
	3
	28


	0
	25
	1
	21
	2
	49
	3
	11


	0
	28
	1
	48
	2
	38
	3
	34


	0
	8
	1
	13
	2
	23
	3
	30


	0
	25
	1
	20
	2
	16
	3
	43


	0
	6
	1
	35
	2
	43
	3
	26


	0
	46
	1
	13
	2
	32
	3
	34


	0
	21
	1
	41
	2
	15
	3
	23


	0
	8
	1
	20
	2
	27
	3
	21


	0
	7
	1
	40
	2
	9
	3
	29


	0
	22
	1
	8
	2
	30
	3
	32


	0
	19
	1
	8
	2
	5
	3
	47


	0
	21
	1
	33
	2
	26
	3
	25


	0
	39
	1
	32
	2
	33
	3
	11


	0
	25
	1
	12
	2
	7
	3
	32


	0
	19
	1
	30
	2
	44
	3
	16


	0
	32
	1
	15
	2
	35
	3
	34


	0
	40
	1
	33
	2
	5
	3
	29


	0
	30
	1
	13
	2
	44
	3
	25


	0
	45
	1
	39
	2
	31
	3
	17


	0
	22
	1
	40
	2
	28
	3
	14


	0
	38
	1
	6
	2
	43
	3
	5


	0
	30
	1
	15
	2
	8
	3
	39


	0
	40
	1
	17
	2
	43
	3
	46


	0
	18
	1
	7
	2
	15
	3
	8


	0
	12
	1
	48
	2
	21
	3
	45


	0
	49
	1
	22
	2
	35
	3
	20


	0
	25
	1
	43
	2
	27
	3
	45


	0
	9
	1
	41
	2
	13
	3
	42


	0
	17
	1
	16
	2
	24
	3
	47


	0
	10
	1
	10
	2
	37
	3
	43


	0
	34
	1
	12
	2
	38
	3
	21

