40
8
3

	0
	27
	1
	45
	2
	22
	3
	41
	4
	30
	5
	27
	6
	21
	7
	39


	0
	35
	1
	48
	2
	33
	3
	16
	4
	5
	5
	16
	6
	40
	7
	39


	0
	18
	1
	23
	2
	34
	3
	33
	4
	14
	5
	8
	6
	20
	7
	26


	0
	45
	1
	16
	2
	5
	3
	48
	4
	29
	5
	29
	6
	9
	7
	6


	0
	20
	1
	23
	2
	11
	3
	43
	4
	25
	5
	22
	6
	7
	7
	44


	0
	47
	1
	43
	2
	13
	3
	21
	4
	13
	5
	49
	6
	9
	7
	30


	0
	48
	1
	44
	2
	45
	3
	47
	4
	31
	5
	13
	6
	42
	7
	8


	0
	36
	1
	12
	2
	23
	3
	18
	4
	34
	5
	24
	6
	43
	7
	32


	0
	30
	1
	14
	2
	16
	3
	20
	4
	16
	5
	16
	6
	37
	7
	7


	0
	41
	1
	7
	2
	47
	3
	7
	4
	31
	5
	9
	6
	19
	7
	7


	0
	17
	1
	28
	2
	10
	3
	21
	4
	23
	5
	8
	6
	16
	7
	24


	0
	17
	1
	32
	2
	38
	3
	34
	4
	5
	5
	35
	6
	9
	7
	25


	0
	17
	1
	13
	2
	30
	3
	39
	4
	30
	5
	23
	6
	36
	7
	38


	0
	39
	1
	29
	2
	13
	3
	24
	4
	23
	5
	13
	6
	49
	7
	29


	0
	7
	1
	9
	2
	25
	3
	47
	4
	29
	5
	23
	6
	40
	7
	22


	0
	25
	1
	19
	2
	30
	3
	25
	4
	38
	5
	22
	6
	36
	7
	29


	0
	13
	1
	46
	2
	23
	3
	43
	4
	17
	5
	36
	6
	33
	7
	13


	0
	40
	1
	24
	2
	38
	3
	11
	4
	47
	5
	10
	6
	14
	7
	40


	0
	16
	1
	26
	2
	39
	3
	33
	4
	23
	5
	23
	6
	25
	7
	32


	0
	36
	1
	34
	2
	9
	3
	31
	4
	47
	5
	35
	6
	19
	7
	47


	0
	40
	1
	19
	2
	7
	3
	31
	4
	44
	5
	47
	6
	18
	7
	33


	0
	40
	1
	20
	2
	38
	3
	22
	4
	6
	5
	5
	6
	11
	7
	42


	0
	44
	1
	39
	2
	49
	3
	6
	4
	28
	5
	8
	6
	23
	7
	27


	0
	29
	1
	43
	2
	36
	3
	42
	4
	9
	5
	13
	6
	47
	7
	5


	0
	19
	1
	35
	2
	36
	3
	47
	4
	16
	5
	19
	6
	26
	7
	44


	0
	24
	1
	11
	2
	9
	3
	21
	4
	18
	5
	9
	6
	20
	7
	44


	0
	10
	1
	36
	2
	46
	3
	12
	4
	49
	5
	22
	6
	10
	7
	11


	0
	25
	1
	27
	2
	6
	3
	30
	4
	8
	5
	30
	6
	7
	7
	16


	0
	28
	1
	5
	2
	7
	3
	33
	4
	43
	5
	12
	6
	33
	7
	7


	0
	15
	1
	24
	2
	30
	3
	44
	4
	11
	5
	13
	6
	9
	7
	22


	0
	44
	1
	29
	2
	26
	3
	18
	4
	20
	5
	33
	6
	45
	7
	32


	0
	46
	1
	42
	2
	31
	3
	12
	4
	44
	5
	45
	6
	45
	7
	33


	0
	20
	1
	47
	2
	23
	3
	8
	4
	45
	5
	21
	6
	47
	7
	41


	0
	22
	1
	8
	2
	22
	3
	40
	4
	38
	5
	49
	6
	41
	7
	42


	0
	36
	1
	30
	2
	39
	3
	12
	4
	24
	5
	16
	6
	49
	7
	20


	0
	47
	1
	29
	2
	7
	3
	30
	4
	32
	5
	15
	6
	33
	7
	9


	0
	15
	1
	24
	2
	28
	3
	31
	4
	45
	5
	37
	6
	20
	7
	49


	0
	39
	1
	6
	2
	10
	3
	16
	4
	43
	5
	42
	6
	22
	7
	31


	0
	45
	1
	43
	2
	14
	3
	18
	4
	26
	5
	18
	6
	14
	7
	5


	0
	13
	1
	17
	2
	5
	3
	31
	4
	49
	5
	20
	6
	49
	7
	12

