40
4
4

	0
	26
	1
	22
	2
	40
	3
	48


	0
	38
	1
	17
	2
	36
	3
	35


	0
	10
	1
	12
	2
	19
	3
	40


	0
	5
	1
	42
	2
	29
	3
	10


	0
	29
	1
	30
	2
	41
	3
	5


	0
	27
	1
	41
	2
	48
	3
	33


	0
	17
	1
	25
	2
	6
	3
	7


	0
	25
	1
	7
	2
	39
	3
	31


	0
	8
	1
	12
	2
	29
	3
	8


	0
	30
	1
	32
	2
	11
	3
	36


	0
	46
	1
	38
	2
	41
	3
	10


	0
	17
	1
	45
	2
	29
	3
	30


	0
	26
	1
	7
	2
	47
	3
	20


	0
	44
	1
	41
	2
	22
	3
	8


	0
	30
	1
	40
	2
	37
	3
	41


	0
	35
	1
	24
	2
	42
	3
	47


	0
	19
	1
	49
	2
	26
	3
	38


	0
	38
	1
	48
	2
	43
	3
	47


	0
	28
	1
	29
	2
	24
	3
	26


	0
	39
	1
	15
	2
	11
	3
	46


	0
	33
	1
	49
	2
	46
	3
	29


	0
	39
	1
	11
	2
	15
	3
	6


	0
	22
	1
	9
	2
	35
	3
	26


	0
	26
	1
	6
	2
	41
	3
	29


	0
	10
	1
	32
	2
	6
	3
	30


	0
	13
	1
	36
	2
	19
	3
	45


	0
	25
	1
	24
	2
	32
	3
	42


	0
	36
	1
	45
	2
	42
	3
	5


	0
	48
	1
	49
	2
	21
	3
	21


	0
	15
	1
	12
	2
	8
	3
	15


	0
	36
	1
	20
	2
	31
	3
	13


	0
	11
	1
	39
	2
	42
	3
	16


	0
	12
	1
	6
	2
	43
	3
	48


	0
	38
	1
	13
	2
	40
	3
	7


	0
	42
	1
	9
	2
	40
	3
	39


	0
	19
	1
	27
	2
	27
	3
	21


	0
	46
	1
	14
	2
	39
	3
	41


	0
	43
	1
	22
	2
	5
	3
	30


	0
	47
	1
	33
	2
	33
	3
	15


	0
	38
	1
	36
	2
	8
	3
	13

