40
16
2

	0
	22
	1
	39
	2
	32
	3
	42
	4
	48
	5
	13
	6
	14
	7
	9
	8
	6
	9
	21
	10
	39
	11
	21
	12
	25
	13
	19
	14
	10
	15
	49


	0
	11
	1
	20
	2
	48
	3
	29
	4
	46
	5
	8
	6
	22
	7
	26
	8
	16
	9
	47
	10
	32
	11
	14
	12
	23
	13
	31
	14
	37
	15
	30


	0
	30
	1
	19
	2
	32
	3
	41
	4
	36
	5
	30
	6
	28
	7
	33
	8
	30
	9
	5
	10
	47
	11
	32
	12
	41
	13
	12
	14
	17
	15
	8


	0
	24
	1
	32
	2
	34
	3
	36
	4
	26
	5
	18
	6
	29
	7
	6
	8
	33
	9
	42
	10
	27
	11
	38
	12
	11
	13
	26
	14
	22
	15
	45


	0
	40
	1
	32
	2
	9
	3
	10
	4
	36
	5
	16
	6
	22
	7
	27
	8
	34
	9
	44
	10
	18
	11
	29
	12
	36
	13
	22
	14
	14
	15
	9


	0
	11
	1
	12
	2
	46
	3
	12
	4
	21
	5
	25
	6
	5
	7
	48
	8
	30
	9
	27
	10
	22
	11
	19
	12
	35
	13
	49
	14
	46
	15
	16


	0
	14
	1
	36
	2
	42
	3
	33
	4
	35
	5
	24
	6
	17
	7
	33
	8
	16
	9
	21
	10
	5
	11
	23
	12
	48
	13
	7
	14
	9
	15
	12


	0
	35
	1
	5
	2
	46
	3
	10
	4
	8
	5
	43
	6
	34
	7
	24
	8
	19
	9
	16
	10
	35
	11
	43
	12
	29
	13
	41
	14
	9
	15
	9


	0
	18
	1
	22
	2
	29
	3
	33
	4
	29
	5
	40
	6
	10
	7
	6
	8
	45
	9
	23
	10
	5
	11
	24
	12
	9
	13
	34
	14
	20
	15
	24


	0
	6
	1
	42
	2
	7
	3
	16
	4
	24
	5
	5
	6
	46
	7
	42
	8
	7
	9
	39
	10
	7
	11
	48
	12
	23
	13
	29
	14
	33
	15
	45


	0
	38
	1
	8
	2
	8
	3
	23
	4
	23
	5
	21
	6
	32
	7
	15
	8
	8
	9
	38
	10
	38
	11
	25
	12
	36
	13
	39
	14
	25
	15
	27


	0
	48
	1
	22
	2
	20
	3
	29
	4
	33
	5
	28
	6
	28
	7
	47
	8
	23
	9
	6
	10
	15
	11
	41
	12
	28
	13
	23
	14
	32
	15
	35


	0
	31
	1
	24
	2
	43
	3
	35
	4
	8
	5
	13
	6
	31
	7
	18
	8
	6
	9
	49
	10
	48
	11
	10
	12
	40
	13
	14
	14
	41
	15
	44


	0
	16
	1
	25
	2
	14
	3
	35
	4
	45
	5
	40
	6
	13
	7
	28
	8
	45
	9
	46
	10
	28
	11
	24
	12
	39
	13
	12
	14
	15
	15
	20


	0
	10
	1
	14
	2
	11
	3
	28
	4
	43
	5
	41
	6
	21
	7
	22
	8
	35
	9
	30
	10
	46
	11
	37
	12
	19
	13
	16
	14
	13
	15
	39


	0
	5
	1
	11
	2
	39
	3
	18
	4
	35
	5
	38
	6
	47
	7
	5
	8
	39
	9
	10
	10
	38
	11
	31
	12
	48
	13
	45
	14
	14
	15
	12


	0
	28
	1
	29
	2
	15
	3
	6
	4
	45
	5
	39
	6
	34
	7
	26
	8
	24
	9
	8
	10
	20
	11
	33
	12
	38
	13
	45
	14
	18
	15
	12


	0
	29
	1
	18
	2
	37
	3
	28
	4
	42
	5
	17
	6
	28
	7
	15
	8
	23
	9
	11
	10
	5
	11
	31
	12
	37
	13
	36
	14
	13
	15
	5


	0
	40
	1
	36
	2
	26
	3
	29
	4
	10
	5
	11
	6
	42
	7
	32
	8
	46
	9
	34
	10
	9
	11
	23
	12
	29
	13
	7
	14
	21
	15
	42


	0
	37
	1
	10
	2
	41
	3
	45
	4
	31
	5
	37
	6
	49
	7
	29
	8
	8
	9
	43
	10
	41
	11
	46
	12
	14
	13
	12
	14
	22
	15
	30


	0
	46
	1
	22
	2
	40
	3
	41
	4
	22
	5
	47
	6
	10
	7
	31
	8
	20
	9
	29
	10
	29
	11
	43
	12
	45
	13
	32
	14
	45
	15
	48


	0
	45
	1
	6
	2
	24
	3
	33
	4
	15
	5
	40
	6
	39
	7
	22
	8
	46
	9
	18
	10
	31
	11
	20
	12
	25
	13
	9
	14
	44
	15
	39


	0
	8
	1
	11
	2
	14
	3
	7
	4
	11
	5
	40
	6
	28
	7
	7
	8
	26
	9
	15
	10
	6
	11
	18
	12
	42
	13
	25
	14
	33
	15
	12


	0
	42
	1
	38
	2
	46
	3
	44
	4
	17
	5
	9
	6
	39
	7
	5
	8
	31
	9
	12
	10
	14
	11
	39
	12
	20
	13
	22
	14
	30
	15
	17


	0
	25
	1
	22
	2
	46
	3
	47
	4
	19
	5
	13
	6
	44
	7
	5
	8
	47
	9
	34
	10
	15
	11
	48
	12
	30
	13
	49
	14
	20
	15
	15


	0
	15
	1
	11
	2
	49
	3
	24
	4
	24
	5
	31
	6
	11
	7
	41
	8
	31
	9
	42
	10
	33
	11
	37
	12
	9
	13
	12
	14
	40
	15
	23


	0
	18
	1
	12
	2
	23
	3
	18
	4
	7
	5
	9
	6
	36
	7
	37
	8
	15
	9
	25
	10
	18
	11
	24
	12
	44
	13
	49
	14
	22
	15
	40


	0
	9
	1
	41
	2
	18
	3
	36
	4
	48
	5
	46
	6
	40
	7
	33
	8
	17
	9
	13
	10
	22
	11
	22
	12
	48
	13
	8
	14
	8
	15
	17


	0
	11
	1
	15
	2
	29
	3
	30
	4
	6
	5
	29
	6
	9
	7
	41
	8
	35
	9
	16
	10
	21
	11
	36
	12
	36
	13
	11
	14
	44
	15
	24


	0
	6
	1
	35
	2
	11
	3
	16
	4
	10
	5
	19
	6
	29
	7
	47
	8
	39
	9
	26
	10
	44
	11
	42
	12
	17
	13
	36
	14
	25
	15
	39


	0
	28
	1
	20
	2
	24
	3
	42
	4
	41
	5
	20
	6
	6
	7
	17
	8
	5
	9
	22
	10
	27
	11
	47
	12
	42
	13
	38
	14
	47
	15
	13


	0
	22
	1
	31
	2
	5
	3
	39
	4
	21
	5
	41
	6
	14
	7
	21
	8
	39
	9
	15
	10
	17
	11
	37
	12
	36
	13
	14
	14
	29
	15
	17


	0
	35
	1
	37
	2
	6
	3
	17
	4
	22
	5
	35
	6
	25
	7
	33
	8
	46
	9
	34
	10
	14
	11
	16
	12
	9
	13
	43
	14
	6
	15
	19


	0
	13
	1
	37
	2
	19
	3
	37
	4
	34
	5
	10
	6
	32
	7
	11
	8
	39
	9
	36
	10
	16
	11
	21
	12
	27
	13
	37
	14
	5
	15
	19


	0
	25
	1
	18
	2
	19
	3
	16
	4
	36
	5
	44
	6
	34
	7
	28
	8
	35
	9
	6
	10
	37
	11
	37
	12
	44
	13
	17
	14
	37
	15
	15


	0
	19
	1
	9
	2
	15
	3
	43
	4
	43
	5
	40
	6
	44
	7
	41
	8
	13
	9
	9
	10
	27
	11
	28
	12
	10
	13
	35
	14
	9
	15
	49


	0
	36
	1
	12
	2
	28
	3
	29
	4
	27
	5
	42
	6
	48
	7
	23
	8
	37
	9
	5
	10
	31
	11
	28
	12
	14
	13
	45
	14
	8
	15
	38


	0
	28
	1
	12
	2
	40
	3
	11
	4
	35
	5
	23
	6
	24
	7
	20
	8
	9
	9
	21
	10
	9
	11
	39
	12
	32
	13
	47
	14
	48
	15
	7


	0
	42
	1
	31
	2
	7
	3
	9
	4
	18
	5
	12
	6
	21
	7
	48
	8
	37
	9
	39
	10
	14
	11
	28
	12
	42
	13
	44
	14
	13
	15
	38


	0
	9
	1
	44
	2
	7
	3
	15
	4
	20
	5
	35
	6
	46
	7
	8
	8
	48
	9
	7
	10
	32
	11
	46
	12
	28
	13
	18
	14
	28
	15
	8

