40
4
2

	0
	17
	1
	10
	2
	8
	3
	47


	0
	20
	1
	12
	2
	14
	3
	6


	0
	19
	1
	20
	2
	43
	3
	45


	0
	44
	1
	14
	2
	29
	3
	39


	0
	9
	1
	9
	2
	24
	3
	42


	0
	20
	1
	5
	2
	20
	3
	46


	0
	33
	1
	18
	2
	6
	3
	36


	0
	36
	1
	46
	2
	38
	3
	33


	0
	20
	1
	24
	2
	6
	3
	33


	0
	31
	1
	45
	2
	40
	3
	25


	0
	27
	1
	30
	2
	35
	3
	6


	0
	6
	1
	11
	2
	46
	3
	26


	0
	47
	1
	19
	2
	39
	3
	37


	0
	10
	1
	13
	2
	5
	3
	34


	0
	9
	1
	12
	2
	27
	3
	7


	0
	14
	1
	29
	2
	7
	3
	12


	0
	18
	1
	14
	2
	6
	3
	8


	0
	30
	1
	23
	2
	40
	3
	17


	0
	21
	1
	34
	2
	10
	3
	19


	0
	41
	1
	36
	2
	28
	3
	41


	0
	46
	1
	48
	2
	19
	3
	39


	0
	31
	1
	39
	2
	7
	3
	10


	0
	21
	1
	39
	2
	15
	3
	24


	0
	39
	1
	21
	2
	31
	3
	41


	0
	31
	1
	11
	2
	36
	3
	38


	0
	26
	1
	26
	2
	37
	3
	15


	0
	25
	1
	12
	2
	45
	3
	8


	0
	49
	1
	46
	2
	6
	3
	34


	0
	29
	1
	42
	2
	13
	3
	38


	0
	37
	1
	29
	2
	34
	3
	17


	0
	47
	1
	38
	2
	33
	3
	33


	0
	27
	1
	37
	2
	6
	3
	32


	0
	44
	1
	42
	2
	40
	3
	6


	0
	13
	1
	11
	2
	14
	3
	43


	0
	20
	1
	26
	2
	46
	3
	48


	0
	46
	1
	22
	2
	16
	3
	39


	0
	21
	1
	8
	2
	48
	3
	24


	0
	20
	1
	9
	2
	20
	3
	16


	0
	6
	1
	43
	2
	40
	3
	38


	0
	46
	1
	12
	2
	23
	3
	47

