40
16
2

	0
	30
	1
	48
	2
	33
	3
	15
	4
	43
	5
	17
	6
	21
	7
	11
	8
	15
	9
	34
	10
	29
	11
	47
	12
	18
	13
	47
	14
	32
	15
	26


	0
	39
	1
	24
	2
	8
	3
	13
	4
	31
	5
	11
	6
	42
	7
	9
	8
	23
	9
	17
	10
	46
	11
	8
	12
	36
	13
	13
	14
	42
	15
	48


	0
	22
	1
	6
	2
	26
	3
	35
	4
	40
	5
	10
	6
	31
	7
	27
	8
	35
	9
	39
	10
	27
	11
	26
	12
	26
	13
	49
	14
	32
	15
	32


	0
	23
	1
	48
	2
	21
	3
	11
	4
	13
	5
	49
	6
	25
	7
	38
	8
	33
	9
	45
	10
	48
	11
	19
	12
	14
	13
	8
	14
	29
	15
	41


	0
	46
	1
	6
	2
	34
	3
	35
	4
	16
	5
	17
	6
	43
	7
	38
	8
	47
	9
	9
	10
	26
	11
	19
	12
	30
	13
	17
	14
	47
	15
	32


	0
	20
	1
	10
	2
	31
	3
	32
	4
	25
	5
	27
	6
	11
	7
	46
	8
	46
	9
	47
	10
	24
	11
	40
	12
	11
	13
	16
	14
	14
	15
	25


	0
	47
	1
	47
	2
	18
	3
	17
	4
	47
	5
	32
	6
	12
	7
	49
	8
	19
	9
	27
	10
	47
	11
	8
	12
	43
	13
	6
	14
	24
	15
	49


	0
	48
	1
	36
	2
	49
	3
	10
	4
	33
	5
	13
	6
	37
	7
	29
	8
	18
	9
	42
	10
	20
	11
	47
	12
	10
	13
	44
	14
	47
	15
	42


	0
	14
	1
	38
	2
	35
	3
	19
	4
	36
	5
	24
	6
	14
	7
	40
	8
	9
	9
	7
	10
	31
	11
	36
	12
	42
	13
	27
	14
	30
	15
	25


	0
	21
	1
	19
	2
	29
	3
	38
	4
	44
	5
	16
	6
	48
	7
	22
	8
	16
	9
	43
	10
	19
	11
	15
	12
	41
	13
	12
	14
	23
	15
	6


	0
	7
	1
	22
	2
	21
	3
	41
	4
	39
	5
	44
	6
	40
	7
	6
	8
	7
	9
	39
	10
	22
	11
	14
	12
	42
	13
	21
	14
	14
	15
	37


	0
	18
	1
	35
	2
	26
	3
	48
	4
	42
	5
	17
	6
	12
	7
	28
	8
	7
	9
	28
	10
	13
	11
	8
	12
	21
	13
	19
	14
	35
	15
	15


	0
	10
	1
	16
	2
	47
	3
	43
	4
	36
	5
	48
	6
	37
	7
	28
	8
	8
	9
	45
	10
	34
	11
	49
	12
	7
	13
	25
	14
	10
	15
	18


	0
	32
	1
	45
	2
	36
	3
	17
	4
	13
	5
	14
	6
	21
	7
	36
	8
	35
	9
	17
	10
	16
	11
	28
	12
	6
	13
	29
	14
	43
	15
	16


	0
	48
	1
	18
	2
	34
	3
	33
	4
	48
	5
	21
	6
	10
	7
	38
	8
	12
	9
	41
	10
	33
	11
	27
	12
	22
	13
	48
	14
	24
	15
	19


	0
	17
	1
	5
	2
	8
	3
	16
	4
	19
	5
	12
	6
	28
	7
	9
	8
	9
	9
	9
	10
	24
	11
	8
	12
	13
	13
	22
	14
	34
	15
	37


	0
	33
	1
	21
	2
	29
	3
	25
	4
	36
	5
	21
	6
	48
	7
	17
	8
	45
	9
	30
	10
	11
	11
	6
	12
	22
	13
	13
	14
	39
	15
	8


	0
	43
	1
	18
	2
	26
	3
	18
	4
	17
	5
	11
	6
	20
	7
	7
	8
	39
	9
	19
	10
	26
	11
	28
	12
	32
	13
	31
	14
	42
	15
	44


	0
	6
	1
	10
	2
	24
	3
	30
	4
	45
	5
	14
	6
	26
	7
	28
	8
	44
	9
	46
	10
	6
	11
	18
	12
	29
	13
	34
	14
	36
	15
	39


	0
	44
	1
	42
	2
	32
	3
	24
	4
	34
	5
	31
	6
	44
	7
	21
	8
	41
	9
	45
	10
	19
	11
	41
	12
	31
	13
	48
	14
	29
	15
	47


	0
	9
	1
	30
	2
	44
	3
	34
	4
	16
	5
	36
	6
	45
	7
	48
	8
	6
	9
	17
	10
	41
	11
	8
	12
	47
	13
	15
	14
	10
	15
	25


	0
	46
	1
	16
	2
	48
	3
	34
	4
	16
	5
	42
	6
	25
	7
	38
	8
	22
	9
	43
	10
	14
	11
	11
	12
	45
	13
	42
	14
	6
	15
	40


	0
	20
	1
	23
	2
	5
	3
	47
	4
	10
	5
	37
	6
	18
	7
	33
	8
	27
	9
	6
	10
	31
	11
	24
	12
	24
	13
	16
	14
	10
	15
	39


	0
	22
	1
	46
	2
	36
	3
	15
	4
	22
	5
	42
	6
	49
	7
	24
	8
	23
	9
	42
	10
	49
	11
	16
	12
	24
	13
	44
	14
	39
	15
	42


	0
	44
	1
	41
	2
	42
	3
	13
	4
	47
	5
	32
	6
	32
	7
	8
	8
	41
	9
	10
	10
	27
	11
	39
	12
	27
	13
	47
	14
	22
	15
	5


	0
	35
	1
	20
	2
	25
	3
	31
	4
	7
	5
	25
	6
	8
	7
	46
	8
	14
	9
	21
	10
	37
	11
	31
	12
	27
	13
	20
	14
	32
	15
	29


	0
	30
	1
	41
	2
	17
	3
	14
	4
	18
	5
	31
	6
	46
	7
	9
	8
	25
	9
	25
	10
	49
	11
	47
	12
	46
	13
	41
	14
	17
	15
	48


	0
	12
	1
	45
	2
	13
	3
	39
	4
	9
	5
	10
	6
	45
	7
	36
	8
	8
	9
	17
	10
	37
	11
	26
	12
	36
	13
	41
	14
	43
	15
	5


	0
	18
	1
	16
	2
	35
	3
	22
	4
	20
	5
	27
	6
	43
	7
	43
	8
	27
	9
	18
	10
	33
	11
	29
	12
	21
	13
	36
	14
	12
	15
	48


	0
	41
	1
	48
	2
	49
	3
	33
	4
	46
	5
	14
	6
	46
	7
	44
	8
	15
	9
	30
	10
	35
	11
	32
	12
	46
	13
	6
	14
	17
	15
	7


	0
	26
	1
	44
	2
	31
	3
	46
	4
	6
	5
	45
	6
	13
	7
	22
	8
	6
	9
	45
	10
	35
	11
	38
	12
	11
	13
	44
	14
	34
	15
	7


	0
	37
	1
	23
	2
	19
	3
	39
	4
	11
	5
	45
	6
	31
	7
	26
	8
	22
	9
	47
	10
	30
	11
	18
	12
	41
	13
	46
	14
	42
	15
	13


	0
	28
	1
	44
	2
	40
	3
	40
	4
	44
	5
	27
	6
	38
	7
	26
	8
	26
	9
	30
	10
	42
	11
	45
	12
	28
	13
	36
	14
	41
	15
	28


	0
	6
	1
	45
	2
	44
	3
	28
	4
	33
	5
	42
	6
	41
	7
	38
	8
	10
	9
	38
	10
	6
	11
	24
	12
	48
	13
	38
	14
	12
	15
	37


	0
	7
	1
	25
	2
	12
	3
	27
	4
	40
	5
	14
	6
	49
	7
	29
	8
	25
	9
	45
	10
	21
	11
	38
	12
	12
	13
	37
	14
	35
	15
	5


	0
	40
	1
	7
	2
	17
	3
	37
	4
	16
	5
	37
	6
	37
	7
	42
	8
	27
	9
	13
	10
	43
	11
	39
	12
	30
	13
	38
	14
	24
	15
	8


	0
	8
	1
	12
	2
	9
	3
	38
	4
	25
	5
	6
	6
	7
	7
	49
	8
	49
	9
	19
	10
	8
	11
	8
	12
	8
	13
	26
	14
	31
	15
	37


	0
	20
	1
	44
	2
	13
	3
	25
	4
	34
	5
	29
	6
	35
	7
	5
	8
	43
	9
	10
	10
	18
	11
	48
	12
	33
	13
	8
	14
	40
	15
	39


	0
	46
	1
	37
	2
	49
	3
	26
	4
	11
	5
	39
	6
	6
	7
	42
	8
	43
	9
	19
	10
	36
	11
	15
	12
	9
	13
	38
	14
	33
	15
	13


	0
	17
	1
	24
	2
	19
	3
	49
	4
	49
	5
	28
	6
	24
	7
	44
	8
	42
	9
	9
	10
	26
	11
	43
	12
	7
	13
	25
	14
	7
	15
	20

