40
16
2

	0
	36
	1
	13
	2
	6
	3
	27
	4
	24
	5
	25
	6
	16
	7
	41
	8
	25
	9
	9
	10
	5
	11
	48
	12
	18
	13
	47
	14
	29
	15
	6


	0
	18
	1
	41
	2
	48
	3
	22
	4
	41
	5
	9
	6
	12
	7
	36
	8
	33
	9
	18
	10
	27
	11
	38
	12
	15
	13
	18
	14
	21
	15
	45


	0
	37
	1
	45
	2
	5
	3
	16
	4
	30
	5
	11
	6
	41
	7
	31
	8
	27
	9
	34
	10
	46
	11
	49
	12
	30
	13
	27
	14
	7
	15
	21


	0
	24
	1
	18
	2
	26
	3
	9
	4
	8
	5
	49
	6
	32
	7
	5
	8
	22
	9
	26
	10
	30
	11
	38
	12
	15
	13
	30
	14
	32
	15
	38


	0
	32
	1
	36
	2
	49
	3
	39
	4
	49
	5
	8
	6
	44
	7
	29
	8
	5
	9
	33
	10
	20
	11
	18
	12
	25
	13
	23
	14
	42
	15
	13


	0
	44
	1
	20
	2
	38
	3
	33
	4
	48
	5
	13
	6
	39
	7
	9
	8
	49
	9
	20
	10
	24
	11
	44
	12
	5
	13
	27
	14
	11
	15
	25


	0
	36
	1
	10
	2
	25
	3
	24
	4
	15
	5
	40
	6
	41
	7
	19
	8
	44
	9
	26
	10
	17
	11
	23
	12
	24
	13
	17
	14
	47
	15
	5


	0
	6
	1
	47
	2
	9
	3
	36
	4
	24
	5
	34
	6
	26
	7
	38
	8
	5
	9
	33
	10
	39
	11
	28
	12
	16
	13
	48
	14
	48
	15
	19


	0
	17
	1
	35
	2
	23
	3
	5
	4
	23
	5
	40
	6
	5
	7
	16
	8
	5
	9
	9
	10
	6
	11
	25
	12
	21
	13
	7
	14
	48
	15
	33


	0
	39
	1
	32
	2
	21
	3
	17
	4
	34
	5
	8
	6
	23
	7
	45
	8
	48
	9
	33
	10
	40
	11
	26
	12
	19
	13
	25
	14
	15
	15
	40


	0
	22
	1
	15
	2
	33
	3
	19
	4
	31
	5
	18
	6
	20
	7
	21
	8
	20
	9
	15
	10
	12
	11
	5
	12
	33
	13
	35
	14
	21
	15
	31


	0
	20
	1
	8
	2
	11
	3
	43
	4
	18
	5
	7
	6
	46
	7
	31
	8
	26
	9
	37
	10
	43
	11
	37
	12
	32
	13
	17
	14
	38
	15
	47


	0
	30
	1
	41
	2
	30
	3
	37
	4
	23
	5
	12
	6
	34
	7
	21
	8
	29
	9
	27
	10
	19
	11
	5
	12
	17
	13
	33
	14
	21
	15
	34


	0
	5
	1
	21
	2
	36
	3
	42
	4
	11
	5
	49
	6
	15
	7
	13
	8
	18
	9
	37
	10
	33
	11
	27
	12
	43
	13
	24
	14
	12
	15
	24


	0
	30
	1
	40
	2
	26
	3
	25
	4
	12
	5
	10
	6
	8
	7
	47
	8
	16
	9
	49
	10
	21
	11
	38
	12
	16
	13
	27
	14
	38
	15
	48


	0
	15
	1
	27
	2
	27
	3
	11
	4
	30
	5
	41
	6
	43
	7
	19
	8
	15
	9
	11
	10
	39
	11
	20
	12
	13
	13
	25
	14
	22
	15
	11


	0
	17
	1
	37
	2
	26
	3
	19
	4
	16
	5
	28
	6
	18
	7
	44
	8
	11
	9
	48
	10
	22
	11
	9
	12
	21
	13
	18
	14
	14
	15
	29


	0
	48
	1
	14
	2
	16
	3
	46
	4
	20
	5
	23
	6
	36
	7
	12
	8
	46
	9
	22
	10
	21
	11
	46
	12
	7
	13
	49
	14
	7
	15
	19


	0
	43
	1
	25
	2
	17
	3
	10
	4
	27
	5
	33
	6
	10
	7
	10
	8
	33
	9
	43
	10
	8
	11
	19
	12
	30
	13
	31
	14
	20
	15
	39


	0
	24
	1
	44
	2
	28
	3
	13
	4
	24
	5
	18
	6
	5
	7
	29
	8
	31
	9
	39
	10
	46
	11
	24
	12
	25
	13
	15
	14
	22
	15
	46


	0
	10
	1
	8
	2
	24
	3
	17
	4
	34
	5
	17
	6
	20
	7
	20
	8
	46
	9
	26
	10
	11
	11
	43
	12
	21
	13
	24
	14
	10
	15
	24


	0
	41
	1
	36
	2
	43
	3
	35
	4
	29
	5
	34
	6
	6
	7
	16
	8
	15
	9
	6
	10
	44
	11
	37
	12
	23
	13
	12
	14
	26
	15
	49


	0
	23
	1
	47
	2
	12
	3
	5
	4
	48
	5
	8
	6
	20
	7
	11
	8
	49
	9
	10
	10
	24
	11
	6
	12
	27
	13
	45
	14
	40
	15
	37


	0
	35
	1
	30
	2
	18
	3
	13
	4
	33
	5
	33
	6
	27
	7
	29
	8
	32
	9
	35
	10
	9
	11
	40
	12
	49
	13
	29
	14
	12
	15
	5


	0
	46
	1
	26
	2
	26
	3
	12
	4
	8
	5
	29
	6
	32
	7
	48
	8
	14
	9
	29
	10
	8
	11
	8
	12
	26
	13
	14
	14
	33
	15
	32


	0
	9
	1
	23
	2
	43
	3
	44
	4
	11
	5
	49
	6
	9
	7
	25
	8
	27
	9
	24
	10
	29
	11
	45
	12
	23
	13
	35
	14
	44
	15
	20


	0
	45
	1
	29
	2
	22
	3
	22
	4
	31
	5
	49
	6
	34
	7
	25
	8
	20
	9
	30
	10
	39
	11
	38
	12
	46
	13
	10
	14
	21
	15
	31


	0
	8
	1
	25
	2
	6
	3
	48
	4
	39
	5
	14
	6
	13
	7
	13
	8
	5
	9
	21
	10
	47
	11
	34
	12
	9
	13
	11
	14
	8
	15
	8


	0
	29
	1
	24
	2
	7
	3
	18
	4
	14
	5
	8
	6
	38
	7
	41
	8
	26
	9
	41
	10
	11
	11
	36
	12
	47
	13
	21
	14
	6
	15
	23


	0
	43
	1
	46
	2
	17
	3
	6
	4
	9
	5
	36
	6
	47
	7
	14
	8
	9
	9
	5
	10
	25
	11
	31
	12
	6
	13
	32
	14
	33
	15
	47


	0
	43
	1
	13
	2
	47
	3
	49
	4
	24
	5
	25
	6
	45
	7
	9
	8
	20
	9
	24
	10
	10
	11
	24
	12
	12
	13
	23
	14
	27
	15
	10


	0
	11
	1
	46
	2
	39
	3
	38
	4
	18
	5
	34
	6
	7
	7
	48
	8
	34
	9
	24
	10
	11
	11
	43
	12
	43
	13
	41
	14
	27
	15
	34


	0
	40
	1
	30
	2
	5
	3
	17
	4
	27
	5
	42
	6
	42
	7
	49
	8
	43
	9
	31
	10
	41
	11
	6
	12
	23
	13
	46
	14
	34
	15
	46


	0
	40
	1
	14
	2
	25
	3
	23
	4
	34
	5
	25
	6
	17
	7
	37
	8
	19
	9
	44
	10
	5
	11
	32
	12
	8
	13
	25
	14
	14
	15
	37


	0
	20
	1
	19
	2
	14
	3
	7
	4
	19
	5
	13
	6
	14
	7
	19
	8
	9
	9
	8
	10
	40
	11
	10
	12
	7
	13
	15
	14
	33
	15
	9


	0
	35
	1
	42
	2
	46
	3
	10
	4
	44
	5
	49
	6
	47
	7
	10
	8
	15
	9
	14
	10
	22
	11
	15
	12
	16
	13
	41
	14
	49
	15
	46


	0
	21
	1
	29
	2
	41
	3
	37
	4
	26
	5
	23
	6
	5
	7
	11
	8
	26
	9
	14
	10
	42
	11
	35
	12
	19
	13
	31
	14
	47
	15
	25


	0
	29
	1
	23
	2
	31
	3
	35
	4
	25
	5
	19
	6
	10
	7
	6
	8
	22
	9
	37
	10
	46
	11
	44
	12
	45
	13
	28
	14
	5
	15
	14


	0
	9
	1
	35
	2
	14
	3
	17
	4
	34
	5
	18
	6
	14
	7
	29
	8
	6
	9
	13
	10
	40
	11
	39
	12
	39
	13
	31
	14
	14
	15
	8


	0
	36
	1
	29
	2
	28
	3
	28
	4
	40
	5
	35
	6
	33
	7
	39
	8
	33
	9
	49
	10
	22
	11
	13
	12
	12
	13
	29
	14
	47
	15
	17

