40
16
3

	0
	17
	1
	25
	2
	30
	3
	30
	4
	15
	5
	8
	6
	45
	7
	18
	8
	6
	9
	8
	10
	22
	11
	34
	12
	13
	13
	36
	14
	29
	15
	29


	0
	23
	1
	20
	2
	43
	3
	6
	4
	23
	5
	41
	6
	23
	7
	13
	8
	26
	9
	38
	10
	32
	11
	7
	12
	30
	13
	20
	14
	18
	15
	30


	0
	19
	1
	16
	2
	43
	3
	17
	4
	9
	5
	33
	6
	33
	7
	29
	8
	21
	9
	43
	10
	20
	11
	32
	12
	34
	13
	43
	14
	27
	15
	22


	0
	23
	1
	35
	2
	14
	3
	6
	4
	23
	5
	8
	6
	39
	7
	44
	8
	30
	9
	6
	10
	26
	11
	32
	12
	7
	13
	41
	14
	5
	15
	31


	0
	6
	1
	12
	2
	40
	3
	11
	4
	29
	5
	32
	6
	45
	7
	22
	8
	39
	9
	37
	10
	42
	11
	28
	12
	17
	13
	24
	14
	11
	15
	8


	0
	24
	1
	37
	2
	6
	3
	15
	4
	6
	5
	43
	6
	31
	7
	9
	8
	44
	9
	43
	10
	14
	11
	47
	12
	39
	13
	11
	14
	19
	15
	7


	0
	9
	1
	12
	2
	48
	3
	14
	4
	43
	5
	7
	6
	36
	7
	39
	8
	47
	9
	45
	10
	19
	11
	49
	12
	41
	13
	39
	14
	26
	15
	28


	0
	15
	1
	25
	2
	33
	3
	49
	4
	27
	5
	21
	6
	44
	7
	13
	8
	8
	9
	35
	10
	39
	11
	29
	12
	27
	13
	42
	14
	11
	15
	40


	0
	29
	1
	7
	2
	5
	3
	35
	4
	23
	5
	9
	6
	37
	7
	31
	8
	29
	9
	31
	10
	20
	11
	11
	12
	46
	13
	49
	14
	5
	15
	33


	0
	37
	1
	27
	2
	22
	3
	45
	4
	48
	5
	9
	6
	15
	7
	17
	8
	40
	9
	39
	10
	42
	11
	11
	12
	45
	13
	25
	14
	49
	15
	12


	0
	23
	1
	19
	2
	43
	3
	42
	4
	11
	5
	44
	6
	23
	7
	14
	8
	14
	9
	28
	10
	49
	11
	35
	12
	10
	13
	40
	14
	13
	15
	25


	0
	34
	1
	21
	2
	24
	3
	38
	4
	16
	5
	49
	6
	47
	7
	18
	8
	17
	9
	41
	10
	14
	11
	8
	12
	13
	13
	19
	14
	7
	15
	14


	0
	27
	1
	33
	2
	6
	3
	27
	4
	39
	5
	31
	6
	10
	7
	11
	8
	41
	9
	15
	10
	25
	11
	17
	12
	32
	13
	10
	14
	14
	15
	13


	0
	44
	1
	21
	2
	47
	3
	21
	4
	36
	5
	12
	6
	15
	7
	12
	8
	38
	9
	8
	10
	6
	11
	11
	12
	21
	13
	13
	14
	34
	15
	46


	0
	13
	1
	34
	2
	41
	3
	43
	4
	30
	5
	29
	6
	40
	7
	12
	8
	28
	9
	40
	10
	48
	11
	23
	12
	46
	13
	42
	14
	11
	15
	18


	0
	29
	1
	12
	2
	5
	3
	36
	4
	43
	5
	30
	6
	36
	7
	44
	8
	33
	9
	29
	10
	38
	11
	6
	12
	13
	13
	7
	14
	18
	15
	30


	0
	36
	1
	36
	2
	14
	3
	27
	4
	35
	5
	30
	6
	14
	7
	23
	8
	47
	9
	15
	10
	36
	11
	7
	12
	48
	13
	32
	14
	25
	15
	21


	0
	35
	1
	39
	2
	35
	3
	32
	4
	39
	5
	5
	6
	15
	7
	40
	8
	35
	9
	37
	10
	38
	11
	22
	12
	8
	13
	13
	14
	32
	15
	30


	0
	47
	1
	31
	2
	10
	3
	22
	4
	25
	5
	29
	6
	40
	7
	6
	8
	24
	9
	27
	10
	11
	11
	9
	12
	6
	13
	41
	14
	36
	15
	26


	0
	28
	1
	20
	2
	31
	3
	17
	4
	6
	5
	18
	6
	15
	7
	33
	8
	17
	9
	22
	10
	41
	11
	27
	12
	19
	13
	47
	14
	45
	15
	19


	0
	35
	1
	30
	2
	43
	3
	43
	4
	15
	5
	25
	6
	39
	7
	23
	8
	5
	9
	12
	10
	49
	11
	24
	12
	17
	13
	15
	14
	5
	15
	5


	0
	18
	1
	23
	2
	47
	3
	31
	4
	26
	5
	23
	6
	27
	7
	21
	8
	20
	9
	30
	10
	18
	11
	14
	12
	44
	13
	15
	14
	24
	15
	19


	0
	31
	1
	45
	2
	38
	3
	10
	4
	21
	5
	5
	6
	6
	7
	37
	8
	46
	9
	17
	10
	12
	11
	6
	12
	25
	13
	26
	14
	14
	15
	8


	0
	23
	1
	34
	2
	16
	3
	8
	4
	20
	5
	26
	6
	10
	7
	14
	8
	33
	9
	9
	10
	11
	11
	16
	12
	40
	13
	46
	14
	41
	15
	22


	0
	32
	1
	5
	2
	47
	3
	10
	4
	27
	5
	37
	6
	36
	7
	36
	8
	29
	9
	47
	10
	41
	11
	22
	12
	27
	13
	11
	14
	15
	15
	34


	0
	8
	1
	47
	2
	46
	3
	8
	4
	44
	5
	21
	6
	36
	7
	18
	8
	42
	9
	10
	10
	27
	11
	24
	12
	16
	13
	18
	14
	30
	15
	41


	0
	40
	1
	44
	2
	9
	3
	35
	4
	12
	5
	25
	6
	43
	7
	40
	8
	28
	9
	45
	10
	29
	11
	8
	12
	23
	13
	28
	14
	23
	15
	27


	0
	14
	1
	32
	2
	48
	3
	30
	4
	30
	5
	35
	6
	39
	7
	34
	8
	7
	9
	41
	10
	30
	11
	38
	12
	32
	13
	38
	14
	11
	15
	32


	0
	5
	1
	29
	2
	33
	3
	48
	4
	13
	5
	23
	6
	47
	7
	20
	8
	41
	9
	31
	10
	47
	11
	43
	12
	31
	13
	9
	14
	39
	15
	13


	0
	15
	1
	44
	2
	42
	3
	23
	4
	10
	5
	24
	6
	8
	7
	43
	8
	20
	9
	14
	10
	5
	11
	13
	12
	42
	13
	13
	14
	22
	15
	28


	0
	35
	1
	30
	2
	5
	3
	16
	4
	6
	5
	11
	6
	8
	7
	12
	8
	15
	9
	24
	10
	8
	11
	6
	12
	49
	13
	17
	14
	24
	15
	35


	0
	24
	1
	39
	2
	22
	3
	16
	4
	41
	5
	49
	6
	32
	7
	17
	8
	30
	9
	42
	10
	41
	11
	21
	12
	35
	13
	21
	14
	13
	15
	28


	0
	43
	1
	48
	2
	17
	3
	25
	4
	46
	5
	13
	6
	32
	7
	25
	8
	42
	9
	22
	10
	6
	11
	48
	12
	44
	13
	44
	14
	47
	15
	20


	0
	10
	1
	42
	2
	31
	3
	14
	4
	38
	5
	49
	6
	9
	7
	12
	8
	12
	9
	5
	10
	32
	11
	18
	12
	39
	13
	46
	14
	13
	15
	31


	0
	37
	1
	10
	2
	6
	3
	24
	4
	35
	5
	33
	6
	26
	7
	24
	8
	41
	9
	7
	10
	26
	11
	16
	12
	46
	13
	7
	14
	36
	15
	22


	0
	12
	1
	41
	2
	19
	3
	26
	4
	45
	5
	48
	6
	6
	7
	19
	8
	37
	9
	48
	10
	13
	11
	31
	12
	17
	13
	35
	14
	32
	15
	47


	0
	6
	1
	39
	2
	42
	3
	31
	4
	15
	5
	18
	6
	26
	7
	19
	8
	13
	9
	14
	10
	42
	11
	27
	12
	9
	13
	24
	14
	6
	15
	32


	0
	46
	1
	29
	2
	33
	3
	40
	4
	30
	5
	16
	6
	6
	7
	21
	8
	44
	9
	30
	10
	41
	11
	35
	12
	15
	13
	6
	14
	37
	15
	20


	0
	6
	1
	24
	2
	5
	3
	40
	4
	34
	5
	49
	6
	7
	7
	27
	8
	12
	9
	12
	10
	22
	11
	14
	12
	27
	13
	12
	14
	43
	15
	13


	0
	48
	1
	17
	2
	44
	3
	39
	4
	10
	5
	45
	6
	25
	7
	45
	8
	30
	9
	27
	10
	31
	11
	13
	12
	28
	13
	27
	14
	42
	15
	25

