40
16
4

	0
	45
	1
	25
	2
	5
	3
	34
	4
	35
	5
	48
	6
	26
	7
	47
	8
	33
	9
	45
	10
	41
	11
	42
	12
	24
	13
	24
	14
	47
	15
	21


	0
	49
	1
	35
	2
	38
	3
	14
	4
	34
	5
	5
	6
	19
	7
	34
	8
	48
	9
	20
	10
	16
	11
	13
	12
	46
	13
	15
	14
	48
	15
	34


	0
	20
	1
	25
	2
	41
	3
	21
	4
	34
	5
	26
	6
	18
	7
	16
	8
	48
	9
	14
	10
	36
	11
	28
	12
	13
	13
	41
	14
	31
	15
	37


	0
	18
	1
	6
	2
	23
	3
	9
	4
	37
	5
	18
	6
	46
	7
	9
	8
	9
	9
	29
	10
	30
	11
	46
	12
	26
	13
	22
	14
	24
	15
	9


	0
	16
	1
	43
	2
	17
	3
	37
	4
	39
	5
	16
	6
	26
	7
	28
	8
	6
	9
	7
	10
	46
	11
	39
	12
	26
	13
	10
	14
	31
	15
	32


	0
	12
	1
	45
	2
	44
	3
	23
	4
	28
	5
	16
	6
	24
	7
	44
	8
	33
	9
	44
	10
	11
	11
	17
	12
	20
	13
	9
	14
	31
	15
	28


	0
	13
	1
	27
	2
	6
	3
	16
	4
	35
	5
	43
	6
	18
	7
	20
	8
	31
	9
	9
	10
	36
	11
	6
	12
	21
	13
	22
	14
	5
	15
	12


	0
	43
	1
	18
	2
	40
	3
	28
	4
	34
	5
	48
	6
	41
	7
	10
	8
	5
	9
	32
	10
	32
	11
	10
	12
	25
	13
	5
	14
	27
	15
	28


	0
	37
	1
	38
	2
	46
	3
	44
	4
	26
	5
	9
	6
	14
	7
	34
	8
	18
	9
	39
	10
	14
	11
	24
	12
	23
	13
	8
	14
	19
	15
	27


	0
	42
	1
	37
	2
	31
	3
	8
	4
	40
	5
	27
	6
	39
	7
	5
	8
	20
	9
	24
	10
	15
	11
	44
	12
	7
	13
	9
	14
	29
	15
	28


	0
	23
	1
	23
	2
	34
	3
	6
	4
	20
	5
	34
	6
	48
	7
	6
	8
	28
	9
	33
	10
	47
	11
	35
	12
	46
	13
	46
	14
	45
	15
	12


	0
	37
	1
	42
	2
	5
	3
	42
	4
	8
	5
	6
	6
	28
	7
	20
	8
	24
	9
	26
	10
	16
	11
	43
	12
	32
	13
	49
	14
	9
	15
	31


	0
	13
	1
	27
	2
	37
	3
	15
	4
	34
	5
	35
	6
	25
	7
	40
	8
	30
	9
	17
	10
	31
	11
	37
	12
	12
	13
	21
	14
	15
	15
	36


	0
	12
	1
	41
	2
	37
	3
	36
	4
	46
	5
	49
	6
	7
	7
	5
	8
	24
	9
	31
	10
	15
	11
	8
	12
	45
	13
	12
	14
	15
	15
	28


	0
	22
	1
	29
	2
	33
	3
	44
	4
	9
	5
	47
	6
	46
	7
	38
	8
	14
	9
	46
	10
	8
	11
	26
	12
	49
	13
	5
	14
	48
	15
	24


	0
	30
	1
	28
	2
	28
	3
	14
	4
	34
	5
	24
	6
	33
	7
	23
	8
	24
	9
	23
	10
	22
	11
	9
	12
	49
	13
	48
	14
	45
	15
	41


	0
	26
	1
	44
	2
	5
	3
	37
	4
	40
	5
	36
	6
	10
	7
	44
	8
	12
	9
	35
	10
	29
	11
	25
	12
	44
	13
	41
	14
	7
	15
	12


	0
	45
	1
	42
	2
	23
	3
	36
	4
	24
	5
	15
	6
	35
	7
	30
	8
	31
	9
	10
	10
	7
	11
	37
	12
	13
	13
	12
	14
	17
	15
	8


	0
	11
	1
	29
	2
	6
	3
	23
	4
	32
	5
	8
	6
	27
	7
	38
	8
	38
	9
	9
	10
	32
	11
	15
	12
	24
	13
	36
	14
	31
	15
	32


	0
	12
	1
	45
	2
	12
	3
	18
	4
	49
	5
	43
	6
	21
	7
	16
	8
	21
	9
	16
	10
	18
	11
	46
	12
	38
	13
	49
	14
	49
	15
	15


	0
	17
	1
	23
	2
	10
	3
	26
	4
	14
	5
	13
	6
	11
	7
	28
	8
	21
	9
	49
	10
	35
	11
	37
	12
	27
	13
	19
	14
	42
	15
	20


	0
	44
	1
	10
	2
	7
	3
	39
	4
	5
	5
	35
	6
	49
	7
	23
	8
	33
	9
	25
	10
	16
	11
	38
	12
	37
	13
	13
	14
	7
	15
	9


	0
	17
	1
	49
	2
	22
	3
	12
	4
	15
	5
	35
	6
	13
	7
	8
	8
	38
	9
	23
	10
	12
	11
	9
	12
	22
	13
	39
	14
	46
	15
	30


	0
	22
	1
	20
	2
	20
	3
	27
	4
	31
	5
	33
	6
	28
	7
	26
	8
	24
	9
	24
	10
	45
	11
	48
	12
	47
	13
	35
	14
	13
	15
	22


	0
	30
	1
	34
	2
	7
	3
	17
	4
	37
	5
	42
	6
	25
	7
	29
	8
	29
	9
	19
	10
	41
	11
	37
	12
	13
	13
	30
	14
	27
	15
	15


	0
	41
	1
	26
	2
	32
	3
	49
	4
	42
	5
	25
	6
	20
	7
	17
	8
	14
	9
	20
	10
	15
	11
	13
	12
	42
	13
	37
	14
	43
	15
	20


	0
	40
	1
	26
	2
	38
	3
	24
	4
	35
	5
	38
	6
	23
	7
	20
	8
	19
	9
	43
	10
	34
	11
	11
	12
	38
	13
	17
	14
	43
	15
	46


	0
	42
	1
	44
	2
	46
	3
	24
	4
	45
	5
	39
	6
	47
	7
	41
	8
	13
	9
	39
	10
	43
	11
	25
	12
	30
	13
	46
	14
	25
	15
	46


	0
	44
	1
	20
	2
	47
	3
	15
	4
	35
	5
	33
	6
	5
	7
	27
	8
	9
	9
	8
	10
	36
	11
	12
	12
	7
	13
	32
	14
	11
	15
	16


	0
	20
	1
	32
	2
	27
	3
	14
	4
	45
	5
	49
	6
	27
	7
	44
	8
	21
	9
	13
	10
	6
	11
	48
	12
	20
	13
	8
	14
	16
	15
	20


	0
	16
	1
	40
	2
	8
	3
	45
	4
	19
	5
	46
	6
	28
	7
	16
	8
	37
	9
	25
	10
	26
	11
	10
	12
	48
	13
	41
	14
	22
	15
	23


	0
	30
	1
	38
	2
	28
	3
	18
	4
	23
	5
	9
	6
	39
	7
	45
	8
	36
	9
	28
	10
	44
	11
	21
	12
	36
	13
	37
	14
	38
	15
	46


	0
	14
	1
	7
	2
	10
	3
	17
	4
	37
	5
	10
	6
	37
	7
	23
	8
	8
	9
	49
	10
	42
	11
	7
	12
	7
	13
	9
	14
	8
	15
	21


	0
	30
	1
	49
	2
	34
	3
	43
	4
	24
	5
	41
	6
	23
	7
	46
	8
	37
	9
	48
	10
	17
	11
	17
	12
	14
	13
	28
	14
	27
	15
	5


	0
	36
	1
	22
	2
	33
	3
	5
	4
	6
	5
	21
	6
	48
	7
	24
	8
	22
	9
	23
	10
	22
	11
	8
	12
	38
	13
	24
	14
	8
	15
	48


	0
	12
	1
	31
	2
	46
	3
	46
	4
	45
	5
	32
	6
	35
	7
	40
	8
	24
	9
	37
	10
	32
	11
	39
	12
	18
	13
	47
	14
	43
	15
	36


	0
	24
	1
	19
	2
	30
	3
	29
	4
	29
	5
	36
	6
	20
	7
	36
	8
	46
	9
	16
	10
	49
	11
	27
	12
	11
	13
	11
	14
	11
	15
	24


	0
	48
	1
	10
	2
	26
	3
	16
	4
	15
	5
	47
	6
	43
	7
	19
	8
	18
	9
	35
	10
	25
	11
	45
	12
	40
	13
	22
	14
	13
	15
	45


	0
	44
	1
	40
	2
	38
	3
	11
	4
	49
	5
	36
	6
	15
	7
	9
	8
	32
	9
	40
	10
	20
	11
	49
	12
	7
	13
	36
	14
	16
	15
	49


	0
	28
	1
	20
	2
	24
	3
	28
	4
	44
	5
	41
	6
	42
	7
	40
	8
	35
	9
	32
	10
	33
	11
	26
	12
	25
	13
	14
	14
	39
	15
	11

