40
4
3

	0
	12
	1
	14
	2
	29
	3
	24


	0
	38
	1
	33
	2
	10
	3
	21


	0
	18
	1
	18
	2
	13
	3
	45


	0
	40
	1
	27
	2
	23
	3
	26


	0
	41
	1
	39
	2
	35
	3
	45


	0
	20
	1
	44
	2
	8
	3
	35


	0
	38
	1
	37
	2
	16
	3
	23


	0
	27
	1
	5
	2
	27
	3
	9


	0
	13
	1
	39
	2
	42
	3
	6


	0
	11
	1
	23
	2
	9
	3
	5


	0
	14
	1
	45
	2
	8
	3
	41


	0
	23
	1
	11
	2
	16
	3
	35


	0
	43
	1
	37
	2
	29
	3
	41


	0
	33
	1
	26
	2
	10
	3
	11


	0
	48
	1
	14
	2
	26
	3
	46


	0
	16
	1
	39
	2
	47
	3
	17


	0
	5
	1
	44
	2
	31
	3
	37


	0
	44
	1
	42
	2
	25
	3
	15


	0
	39
	1
	46
	2
	11
	3
	40


	0
	7
	1
	35
	2
	27
	3
	39


	0
	14
	1
	6
	2
	31
	3
	45


	0
	47
	1
	8
	2
	29
	3
	31


	0
	5
	1
	34
	2
	47
	3
	25


	0
	21
	1
	22
	2
	43
	3
	38


	0
	49
	1
	11
	2
	41
	3
	12


	0
	44
	1
	10
	2
	5
	3
	43


	0
	28
	1
	10
	2
	23
	3
	44


	0
	34
	1
	27
	2
	46
	3
	40


	0
	7
	1
	42
	2
	17
	3
	35


	0
	25
	1
	30
	2
	43
	3
	7


	0
	14
	1
	24
	2
	32
	3
	26


	0
	15
	1
	21
	2
	31
	3
	48


	0
	7
	1
	24
	2
	20
	3
	14


	0
	18
	1
	38
	2
	17
	3
	27


	0
	43
	1
	19
	2
	35
	3
	14


	0
	25
	1
	14
	2
	7
	3
	28


	0
	15
	1
	9
	2
	42
	3
	5


	0
	46
	1
	16
	2
	40
	3
	36


	0
	38
	1
	32
	2
	43
	3
	20


	0
	17
	1
	41
	2
	35
	3
	44

