40
4
5

	0
	30
	1
	30
	2
	14
	3
	36


	0
	6
	1
	33
	2
	27
	3
	42


	0
	44
	1
	43
	2
	24
	3
	33


	0
	24
	1
	14
	2
	5
	3
	34


	0
	31
	1
	9
	2
	42
	3
	8


	0
	29
	1
	12
	2
	32
	3
	20


	0
	46
	1
	20
	2
	28
	3
	11


	0
	32
	1
	44
	2
	39
	3
	9


	0
	27
	1
	27
	2
	19
	3
	12


	0
	25
	1
	9
	2
	29
	3
	5


	0
	49
	1
	41
	2
	43
	3
	5


	0
	30
	1
	35
	2
	33
	3
	28


	0
	19
	1
	31
	2
	14
	3
	20


	0
	37
	1
	31
	2
	28
	3
	19


	0
	43
	1
	25
	2
	18
	3
	8


	0
	20
	1
	34
	2
	23
	3
	43


	0
	23
	1
	39
	2
	35
	3
	47


	0
	43
	1
	38
	2
	46
	3
	38


	0
	27
	1
	13
	2
	46
	3
	38


	0
	29
	1
	26
	2
	48
	3
	10


	0
	46
	1
	24
	2
	10
	3
	24


	0
	18
	1
	42
	2
	19
	3
	8


	0
	49
	1
	44
	2
	18
	3
	42


	0
	37
	1
	25
	2
	18
	3
	43


	0
	43
	1
	5
	2
	33
	3
	14


	0
	33
	1
	30
	2
	27
	3
	38


	0
	27
	1
	31
	2
	24
	3
	22


	0
	15
	1
	48
	2
	44
	3
	39


	0
	13
	1
	30
	2
	38
	3
	43


	0
	38
	1
	9
	2
	29
	3
	11


	0
	18
	1
	14
	2
	16
	3
	43


	0
	23
	1
	17
	2
	15
	3
	36


	0
	48
	1
	36
	2
	14
	3
	48


	0
	6
	1
	5
	2
	7
	3
	47


	0
	30
	1
	33
	2
	38
	3
	7


	0
	18
	1
	23
	2
	49
	3
	10


	0
	40
	1
	33
	2
	38
	3
	5


	0
	9
	1
	6
	2
	13
	3
	24


	0
	9
	1
	44
	2
	21
	3
	37


	0
	39
	1
	27
	2
	23
	3
	37

