40
8
4

	0
	31
	1
	7
	2
	20
	3
	39
	4
	30
	5
	7
	6
	45
	7
	29


	0
	32
	1
	15
	2
	10
	3
	40
	4
	24
	5
	29
	6
	26
	7
	21


	0
	28
	1
	31
	2
	46
	3
	28
	4
	35
	5
	13
	6
	40
	7
	45


	0
	35
	1
	13
	2
	18
	3
	12
	4
	49
	5
	22
	6
	48
	7
	40


	0
	32
	1
	23
	2
	47
	3
	29
	4
	30
	5
	11
	6
	19
	7
	37


	0
	44
	1
	47
	2
	36
	3
	31
	4
	47
	5
	35
	6
	18
	7
	7


	0
	22
	1
	29
	2
	47
	3
	35
	4
	31
	5
	7
	6
	5
	7
	47


	0
	30
	1
	47
	2
	26
	3
	47
	4
	48
	5
	21
	6
	49
	7
	48


	0
	13
	1
	45
	2
	21
	3
	33
	4
	17
	5
	41
	6
	24
	7
	26


	0
	21
	1
	5
	2
	33
	3
	11
	4
	14
	5
	15
	6
	29
	7
	33


	0
	30
	1
	16
	2
	48
	3
	27
	4
	20
	5
	28
	6
	17
	7
	32


	0
	6
	1
	38
	2
	28
	3
	9
	4
	14
	5
	20
	6
	29
	7
	10


	0
	12
	1
	40
	2
	39
	3
	9
	4
	24
	5
	14
	6
	28
	7
	10


	0
	28
	1
	9
	2
	43
	3
	8
	4
	37
	5
	13
	6
	20
	7
	30


	0
	39
	1
	12
	2
	24
	3
	8
	4
	41
	5
	26
	6
	37
	7
	45


	0
	26
	1
	9
	2
	43
	3
	43
	4
	38
	5
	31
	6
	10
	7
	22


	0
	14
	1
	33
	2
	13
	3
	5
	4
	32
	5
	15
	6
	49
	7
	7


	0
	25
	1
	28
	2
	32
	3
	13
	4
	21
	5
	8
	6
	15
	7
	10


	0
	29
	1
	45
	2
	38
	3
	22
	4
	20
	5
	5
	6
	23
	7
	19


	0
	12
	1
	26
	2
	5
	3
	27
	4
	48
	5
	19
	6
	25
	7
	21


	0
	46
	1
	7
	2
	15
	3
	35
	4
	27
	5
	35
	6
	38
	7
	21


	0
	11
	1
	39
	2
	9
	3
	29
	4
	15
	5
	23
	6
	48
	7
	46


	0
	22
	1
	42
	2
	19
	3
	36
	4
	20
	5
	17
	6
	12
	7
	21


	0
	36
	1
	8
	2
	46
	3
	19
	4
	19
	5
	48
	6
	26
	7
	46


	0
	19
	1
	34
	2
	40
	3
	47
	4
	22
	5
	40
	6
	25
	7
	39


	0
	15
	1
	43
	2
	21
	3
	29
	4
	38
	5
	7
	6
	6
	7
	40


	0
	21
	1
	9
	2
	37
	3
	24
	4
	8
	5
	10
	6
	43
	7
	9


	0
	27
	1
	36
	2
	30
	3
	6
	4
	22
	5
	6
	6
	48
	7
	8


	0
	37
	1
	14
	2
	39
	3
	37
	4
	40
	5
	44
	6
	29
	7
	37


	0
	9
	1
	16
	2
	18
	3
	43
	4
	28
	5
	43
	6
	14
	7
	15


	0
	14
	1
	12
	2
	41
	3
	42
	4
	10
	5
	6
	6
	30
	7
	30


	0
	12
	1
	8
	2
	27
	3
	7
	4
	27
	5
	5
	6
	46
	7
	21


	0
	29
	1
	43
	2
	27
	3
	17
	4
	39
	5
	44
	6
	26
	7
	27


	0
	11
	1
	43
	2
	6
	3
	19
	4
	23
	5
	38
	6
	24
	7
	46


	0
	36
	1
	40
	2
	39
	3
	19
	4
	12
	5
	11
	6
	35
	7
	19


	0
	17
	1
	18
	2
	42
	3
	49
	4
	33
	5
	30
	6
	25
	7
	12


	0
	20
	1
	42
	2
	28
	3
	39
	4
	37
	5
	16
	6
	10
	7
	23


	0
	46
	1
	33
	2
	45
	3
	11
	4
	38
	5
	43
	6
	46
	7
	8


	0
	46
	1
	25
	2
	48
	3
	41
	4
	27
	5
	42
	6
	45
	7
	42


	0
	12
	1
	49
	2
	49
	3
	6
	4
	28
	5
	36
	6
	29
	7
	17

