40
8
2

	0
	28
	1
	27
	2
	17
	3
	40
	4
	45
	5
	21
	6
	16
	7
	38


	0
	25
	1
	14
	2
	8
	3
	9
	4
	12
	5
	16
	6
	16
	7
	33


	0
	43
	1
	40
	2
	33
	3
	25
	4
	23
	5
	37
	6
	7
	7
	42


	0
	39
	1
	13
	2
	17
	3
	8
	4
	43
	5
	30
	6
	32
	7
	11


	0
	37
	1
	28
	2
	32
	3
	34
	4
	43
	5
	7
	6
	25
	7
	10


	0
	24
	1
	37
	2
	40
	3
	24
	4
	12
	5
	11
	6
	22
	7
	29


	0
	13
	1
	32
	2
	48
	3
	27
	4
	14
	5
	32
	6
	17
	7
	9


	0
	17
	1
	40
	2
	41
	3
	28
	4
	11
	5
	33
	6
	43
	7
	13


	0
	14
	1
	39
	2
	30
	3
	43
	4
	48
	5
	44
	6
	15
	7
	30


	0
	9
	1
	42
	2
	46
	3
	24
	4
	9
	5
	27
	6
	32
	7
	8


	0
	34
	1
	10
	2
	35
	3
	46
	4
	33
	5
	43
	6
	35
	7
	28


	0
	8
	1
	19
	2
	6
	3
	34
	4
	49
	5
	31
	6
	34
	7
	5


	0
	16
	1
	12
	2
	24
	3
	41
	4
	22
	5
	13
	6
	16
	7
	25


	0
	48
	1
	15
	2
	11
	3
	17
	4
	28
	5
	19
	6
	10
	7
	48


	0
	15
	1
	48
	2
	23
	3
	42
	4
	29
	5
	12
	6
	18
	7
	49


	0
	27
	1
	17
	2
	41
	3
	36
	4
	26
	5
	10
	6
	37
	7
	46


	0
	29
	1
	20
	2
	14
	3
	10
	4
	40
	5
	29
	6
	39
	7
	8


	0
	19
	1
	34
	2
	44
	3
	19
	4
	22
	5
	15
	6
	12
	7
	35


	0
	26
	1
	10
	2
	18
	3
	7
	4
	22
	5
	44
	6
	15
	7
	6


	0
	24
	1
	15
	2
	48
	3
	26
	4
	37
	5
	10
	6
	26
	7
	39


	0
	20
	1
	12
	2
	43
	3
	42
	4
	40
	5
	5
	6
	31
	7
	21


	0
	7
	1
	47
	2
	15
	3
	49
	4
	40
	5
	38
	6
	43
	7
	18


	0
	39
	1
	30
	2
	47
	3
	10
	4
	30
	5
	35
	6
	35
	7
	12


	0
	48
	1
	5
	2
	7
	3
	7
	4
	36
	5
	14
	6
	34
	7
	47


	0
	9
	1
	45
	2
	25
	3
	11
	4
	10
	5
	42
	6
	38
	7
	23


	0
	25
	1
	26
	2
	16
	3
	23
	4
	15
	5
	33
	6
	31
	7
	48


	0
	15
	1
	17
	2
	40
	3
	25
	4
	7
	5
	39
	6
	7
	7
	36


	0
	12
	1
	8
	2
	36
	3
	33
	4
	29
	5
	49
	6
	39
	7
	43


	0
	42
	1
	28
	2
	39
	3
	28
	4
	13
	5
	15
	6
	29
	7
	30


	0
	29
	1
	49
	2
	46
	3
	32
	4
	13
	5
	46
	6
	11
	7
	29


	0
	32
	1
	14
	2
	39
	3
	5
	4
	43
	5
	21
	6
	41
	7
	14


	0
	42
	1
	13
	2
	29
	3
	34
	4
	39
	5
	23
	6
	13
	7
	36


	0
	49
	1
	44
	2
	22
	3
	24
	4
	29
	5
	48
	6
	12
	7
	49


	0
	48
	1
	34
	2
	13
	3
	48
	4
	35
	5
	8
	6
	21
	7
	13


	0
	31
	1
	9
	2
	8
	3
	33
	4
	18
	5
	48
	6
	6
	7
	32


	0
	33
	1
	35
	2
	37
	3
	12
	4
	16
	5
	47
	6
	44
	7
	18


	0
	11
	1
	24
	2
	27
	3
	7
	4
	34
	5
	47
	6
	43
	7
	42


	0
	45
	1
	16
	2
	34
	3
	47
	4
	33
	5
	42
	6
	19
	7
	14


	0
	33
	1
	28
	2
	10
	3
	37
	4
	47
	5
	35
	6
	27
	7
	8


	0
	29
	1
	44
	2
	35
	3
	35
	4
	39
	5
	44
	6
	29
	7
	9

