40
8
4

	0
	49
	1
	37
	2
	25
	3
	34
	4
	21
	5
	23
	6
	35
	7
	32


	0
	28
	1
	9
	2
	42
	3
	36
	4
	12
	5
	44
	6
	16
	7
	6


	0
	25
	1
	11
	2
	26
	3
	5
	4
	12
	5
	26
	6
	34
	7
	22


	0
	24
	1
	11
	2
	5
	3
	38
	4
	18
	5
	14
	6
	36
	7
	12


	0
	44
	1
	23
	2
	31
	3
	17
	4
	15
	5
	12
	6
	44
	7
	48


	0
	41
	1
	43
	2
	15
	3
	25
	4
	32
	5
	12
	6
	8
	7
	12


	0
	11
	1
	45
	2
	46
	3
	35
	4
	44
	5
	20
	6
	44
	7
	30


	0
	14
	1
	46
	2
	46
	3
	32
	4
	12
	5
	17
	6
	22
	7
	13


	0
	20
	1
	23
	2
	22
	3
	47
	4
	36
	5
	21
	6
	21
	7
	46


	0
	28
	1
	12
	2
	13
	3
	32
	4
	19
	5
	48
	6
	27
	7
	16


	0
	30
	1
	45
	2
	21
	3
	19
	4
	46
	5
	5
	6
	16
	7
	10


	0
	23
	1
	22
	2
	21
	3
	24
	4
	18
	5
	40
	6
	14
	7
	12


	0
	9
	1
	40
	2
	44
	3
	19
	4
	37
	5
	48
	6
	34
	7
	17


	0
	6
	1
	39
	2
	19
	3
	10
	4
	21
	5
	7
	6
	47
	7
	24


	0
	21
	1
	46
	2
	42
	3
	33
	4
	15
	5
	19
	6
	19
	7
	46


	0
	27
	1
	30
	2
	29
	3
	6
	4
	30
	5
	11
	6
	33
	7
	14


	0
	6
	1
	16
	2
	19
	3
	48
	4
	10
	5
	41
	6
	22
	7
	9


	0
	42
	1
	13
	2
	9
	3
	31
	4
	6
	5
	49
	6
	16
	7
	39


	0
	19
	1
	5
	2
	18
	3
	38
	4
	15
	5
	27
	6
	9
	7
	38


	0
	16
	1
	20
	2
	14
	3
	37
	4
	19
	5
	13
	6
	28
	7
	7


	0
	27
	1
	22
	2
	8
	3
	6
	4
	17
	5
	37
	6
	12
	7
	25


	0
	26
	1
	36
	2
	42
	3
	14
	4
	10
	5
	15
	6
	42
	7
	42


	0
	40
	1
	17
	2
	23
	3
	16
	4
	21
	5
	29
	6
	22
	7
	44


	0
	37
	1
	19
	2
	13
	3
	17
	4
	12
	5
	34
	6
	5
	7
	23


	0
	38
	1
	41
	2
	16
	3
	27
	4
	15
	5
	15
	6
	47
	7
	11


	0
	34
	1
	9
	2
	16
	3
	23
	4
	25
	5
	41
	6
	43
	7
	18


	0
	48
	1
	17
	2
	31
	3
	13
	4
	42
	5
	24
	6
	42
	7
	30


	0
	16
	1
	42
	2
	19
	3
	6
	4
	25
	5
	8
	6
	17
	7
	32


	0
	40
	1
	16
	2
	26
	3
	45
	4
	8
	5
	11
	6
	13
	7
	42


	0
	49
	1
	31
	2
	11
	3
	49
	4
	16
	5
	36
	6
	12
	7
	49


	0
	22
	1
	25
	2
	33
	3
	41
	4
	8
	5
	25
	6
	46
	7
	36


	0
	8
	1
	13
	2
	9
	3
	22
	4
	37
	5
	37
	6
	37
	7
	32


	0
	18
	1
	33
	2
	19
	3
	34
	4
	31
	5
	36
	6
	45
	7
	33


	0
	31
	1
	18
	2
	14
	3
	22
	4
	36
	5
	19
	6
	38
	7
	28


	0
	48
	1
	45
	2
	10
	3
	6
	4
	5
	5
	7
	6
	37
	7
	45


	0
	33
	1
	16
	2
	14
	3
	17
	4
	37
	5
	31
	6
	28
	7
	20


	0
	44
	1
	30
	2
	14
	3
	8
	4
	6
	5
	28
	6
	21
	7
	30


	0
	16
	1
	37
	2
	21
	3
	6
	4
	29
	5
	17
	6
	30
	7
	48


	0
	42
	1
	44
	2
	47
	3
	6
	4
	43
	5
	9
	6
	7
	7
	27


	0
	12
	1
	24
	2
	23
	3
	20
	4
	28
	5
	17
	6
	29
	7
	22

