40
4
3

	0
	19
	1
	37
	2
	34
	3
	24


	0
	16
	1
	12
	2
	23
	3
	18


	0
	27
	1
	39
	2
	35
	3
	29


	0
	45
	1
	28
	2
	16
	3
	48


	0
	24
	1
	18
	2
	18
	3
	25


	0
	29
	1
	14
	2
	28
	3
	39


	0
	44
	1
	8
	2
	7
	3
	30


	0
	8
	1
	46
	2
	5
	3
	14


	0
	32
	1
	46
	2
	39
	3
	26


	0
	6
	1
	45
	2
	21
	3
	25


	0
	5
	1
	15
	2
	33
	3
	47


	0
	28
	1
	41
	2
	11
	3
	15


	0
	6
	1
	17
	2
	42
	3
	42


	0
	21
	1
	18
	2
	25
	3
	34


	0
	12
	1
	36
	2
	5
	3
	47


	0
	41
	1
	16
	2
	6
	3
	27


	0
	5
	1
	45
	2
	25
	3
	17


	0
	40
	1
	23
	2
	28
	3
	19


	0
	19
	1
	49
	2
	6
	3
	24


	0
	18
	1
	38
	2
	33
	3
	26


	0
	16
	1
	24
	2
	11
	3
	47


	0
	22
	1
	46
	2
	43
	3
	48


	0
	47
	1
	49
	2
	42
	3
	45


	0
	14
	1
	18
	2
	43
	3
	34


	0
	34
	1
	39
	2
	36
	3
	37


	0
	31
	1
	45
	2
	32
	3
	24


	0
	18
	1
	16
	2
	15
	3
	9


	0
	39
	1
	15
	2
	12
	3
	45


	0
	26
	1
	7
	2
	43
	3
	42


	0
	42
	1
	49
	2
	24
	3
	43


	0
	39
	1
	13
	2
	38
	3
	39


	0
	44
	1
	15
	2
	6
	3
	13


	0
	17
	1
	33
	2
	19
	3
	23


	0
	16
	1
	45
	2
	5
	3
	33


	0
	47
	1
	45
	2
	25
	3
	49


	0
	19
	1
	46
	2
	23
	3
	7


	0
	26
	1
	47
	2
	32
	3
	40


	0
	23
	1
	47
	2
	27
	3
	14


	0
	39
	1
	40
	2
	9
	3
	13


	0
	5
	1
	38
	2
	7
	3
	11

