40
16
3

	0
	47
	1
	27
	2
	26
	3
	15
	4
	14
	5
	24
	6
	8
	7
	44
	8
	42
	9
	48
	10
	46
	11
	18
	12
	18
	13
	37
	14
	31
	15
	29


	0
	40
	1
	16
	2
	42
	3
	21
	4
	36
	5
	27
	6
	28
	7
	37
	8
	7
	9
	9
	10
	27
	11
	37
	12
	11
	13
	25
	14
	30
	15
	12


	0
	38
	1
	48
	2
	36
	3
	47
	4
	36
	5
	18
	6
	14
	7
	8
	8
	24
	9
	35
	10
	45
	11
	6
	12
	15
	13
	42
	14
	7
	15
	42


	0
	45
	1
	10
	2
	44
	3
	47
	4
	43
	5
	9
	6
	42
	7
	11
	8
	20
	9
	23
	10
	18
	11
	48
	12
	36
	13
	49
	14
	23
	15
	17


	0
	15
	1
	38
	2
	36
	3
	26
	4
	5
	5
	15
	6
	25
	7
	39
	8
	18
	9
	9
	10
	46
	11
	7
	12
	10
	13
	7
	14
	9
	15
	49


	0
	30
	1
	32
	2
	29
	3
	23
	4
	42
	5
	20
	6
	11
	7
	34
	8
	21
	9
	32
	10
	40
	11
	43
	12
	26
	13
	42
	14
	35
	15
	19


	0
	42
	1
	13
	2
	40
	3
	48
	4
	38
	5
	27
	6
	29
	7
	40
	8
	42
	9
	16
	10
	29
	11
	24
	12
	45
	13
	37
	14
	25
	15
	16


	0
	38
	1
	40
	2
	45
	3
	10
	4
	43
	5
	33
	6
	14
	7
	10
	8
	40
	9
	25
	10
	29
	11
	22
	12
	5
	13
	47
	14
	25
	15
	43


	0
	46
	1
	41
	2
	11
	3
	16
	4
	38
	5
	27
	6
	20
	7
	7
	8
	10
	9
	24
	10
	25
	11
	30
	12
	48
	13
	44
	14
	12
	15
	36


	0
	28
	1
	9
	2
	43
	3
	15
	4
	13
	5
	30
	6
	32
	7
	23
	8
	22
	9
	12
	10
	29
	11
	46
	12
	47
	13
	34
	14
	12
	15
	24


	0
	33
	1
	35
	2
	20
	3
	45
	4
	20
	5
	40
	6
	6
	7
	5
	8
	9
	9
	13
	10
	29
	11
	18
	12
	42
	13
	21
	14
	23
	15
	10


	0
	46
	1
	19
	2
	9
	3
	15
	4
	31
	5
	26
	6
	48
	7
	25
	8
	12
	9
	42
	10
	20
	11
	36
	12
	23
	13
	16
	14
	5
	15
	41


	0
	15
	1
	30
	2
	8
	3
	36
	4
	46
	5
	44
	6
	19
	7
	49
	8
	22
	9
	11
	10
	10
	11
	10
	12
	32
	13
	47
	14
	21
	15
	34


	0
	32
	1
	31
	2
	49
	3
	29
	4
	21
	5
	6
	6
	7
	7
	45
	8
	11
	9
	31
	10
	31
	11
	35
	12
	31
	13
	34
	14
	6
	15
	20


	0
	30
	1
	47
	2
	28
	3
	25
	4
	43
	5
	40
	6
	44
	7
	7
	8
	28
	9
	29
	10
	28
	11
	32
	12
	12
	13
	46
	14
	8
	15
	47


	0
	34
	1
	34
	2
	28
	3
	42
	4
	15
	5
	8
	6
	5
	7
	17
	8
	30
	9
	43
	10
	49
	11
	37
	12
	12
	13
	40
	14
	9
	15
	6


	0
	40
	1
	25
	2
	36
	3
	23
	4
	41
	5
	32
	6
	27
	7
	8
	8
	34
	9
	13
	10
	30
	11
	35
	12
	6
	13
	22
	14
	9
	15
	34


	0
	24
	1
	20
	2
	45
	3
	29
	4
	48
	5
	23
	6
	9
	7
	27
	8
	25
	9
	7
	10
	23
	11
	20
	12
	35
	13
	43
	14
	47
	15
	34


	0
	41
	1
	43
	2
	31
	3
	9
	4
	12
	5
	43
	6
	35
	7
	16
	8
	19
	9
	18
	10
	13
	11
	13
	12
	40
	13
	15
	14
	41
	15
	36


	0
	38
	1
	9
	2
	23
	3
	23
	4
	36
	5
	33
	6
	16
	7
	42
	8
	18
	9
	27
	10
	30
	11
	34
	12
	14
	13
	13
	14
	33
	15
	12


	0
	26
	1
	48
	2
	27
	3
	43
	4
	10
	5
	11
	6
	42
	7
	15
	8
	49
	9
	45
	10
	29
	11
	5
	12
	28
	13
	49
	14
	33
	15
	21


	0
	48
	1
	16
	2
	42
	3
	40
	4
	33
	5
	42
	6
	6
	7
	33
	8
	13
	9
	39
	10
	41
	11
	34
	12
	7
	13
	42
	14
	15
	15
	15


	0
	47
	1
	31
	2
	27
	3
	12
	4
	34
	5
	17
	6
	32
	7
	39
	8
	12
	9
	37
	10
	13
	11
	22
	12
	49
	13
	45
	14
	19
	15
	46


	0
	35
	1
	24
	2
	48
	3
	35
	4
	13
	5
	24
	6
	33
	7
	23
	8
	40
	9
	43
	10
	12
	11
	20
	12
	34
	13
	26
	14
	34
	15
	40


	0
	47
	1
	7
	2
	9
	3
	32
	4
	19
	5
	30
	6
	6
	7
	39
	8
	30
	9
	16
	10
	37
	11
	17
	12
	6
	13
	21
	14
	33
	15
	19


	0
	48
	1
	32
	2
	8
	3
	35
	4
	28
	5
	46
	6
	26
	7
	18
	8
	39
	9
	44
	10
	31
	11
	41
	12
	43
	13
	33
	14
	23
	15
	44


	0
	49
	1
	11
	2
	35
	3
	9
	4
	5
	5
	22
	6
	32
	7
	39
	8
	47
	9
	39
	10
	14
	11
	37
	12
	41
	13
	11
	14
	41
	15
	24


	0
	31
	1
	18
	2
	22
	3
	38
	4
	25
	5
	7
	6
	13
	7
	15
	8
	22
	9
	10
	10
	24
	11
	35
	12
	25
	13
	27
	14
	36
	15
	43


	0
	7
	1
	7
	2
	5
	3
	49
	4
	9
	5
	28
	6
	17
	7
	46
	8
	5
	9
	25
	10
	43
	11
	23
	12
	28
	13
	33
	14
	15
	15
	31


	0
	6
	1
	25
	2
	35
	3
	46
	4
	35
	5
	40
	6
	27
	7
	39
	8
	33
	9
	23
	10
	9
	11
	39
	12
	44
	13
	12
	14
	34
	15
	15


	0
	20
	1
	9
	2
	10
	3
	33
	4
	23
	5
	33
	6
	20
	7
	30
	8
	47
	9
	35
	10
	44
	11
	33
	12
	7
	13
	22
	14
	40
	15
	9


	0
	49
	1
	9
	2
	40
	3
	21
	4
	14
	5
	31
	6
	29
	7
	24
	8
	18
	9
	21
	10
	38
	11
	47
	12
	43
	13
	10
	14
	12
	15
	48


	0
	32
	1
	31
	2
	15
	3
	39
	4
	45
	5
	16
	6
	24
	7
	7
	8
	27
	9
	30
	10
	17
	11
	29
	12
	11
	13
	31
	14
	10
	15
	37


	0
	18
	1
	7
	2
	40
	3
	37
	4
	17
	5
	9
	6
	49
	7
	23
	8
	42
	9
	27
	10
	17
	11
	27
	12
	33
	13
	9
	14
	40
	15
	11


	0
	15
	1
	36
	2
	15
	3
	49
	4
	38
	5
	22
	6
	46
	7
	19
	8
	38
	9
	33
	10
	46
	11
	43
	12
	46
	13
	44
	14
	32
	15
	21


	0
	43
	1
	35
	2
	19
	3
	49
	4
	34
	5
	31
	6
	8
	7
	24
	8
	37
	9
	39
	10
	10
	11
	37
	12
	27
	13
	12
	14
	29
	15
	39


	0
	19
	1
	19
	2
	16
	3
	6
	4
	25
	5
	6
	6
	18
	7
	22
	8
	11
	9
	34
	10
	8
	11
	17
	12
	42
	13
	47
	14
	30
	15
	22


	0
	23
	1
	10
	2
	39
	3
	41
	4
	48
	5
	38
	6
	40
	7
	17
	8
	48
	9
	5
	10
	34
	11
	41
	12
	39
	13
	30
	14
	43
	15
	7


	0
	14
	1
	45
	2
	41
	3
	46
	4
	22
	5
	45
	6
	14
	7
	21
	8
	34
	9
	35
	10
	9
	11
	27
	12
	29
	13
	21
	14
	41
	15
	10


	0
	5
	1
	24
	2
	17
	3
	49
	4
	28
	5
	28
	6
	14
	7
	12
	8
	8
	9
	15
	10
	46
	11
	19
	12
	48
	13
	33
	14
	19
	15
	18

