40
4
5

	0
	30
	1
	20
	2
	14
	3
	19


	0
	31
	1
	34
	2
	24
	3
	48


	0
	45
	1
	21
	2
	23
	3
	17


	0
	30
	1
	47
	2
	6
	3
	31


	0
	10
	1
	16
	2
	39
	3
	46


	0
	49
	1
	22
	2
	33
	3
	7


	0
	13
	1
	44
	2
	48
	3
	8


	0
	35
	1
	10
	2
	18
	3
	18


	0
	9
	1
	33
	2
	19
	3
	40


	0
	24
	1
	10
	2
	45
	3
	26


	0
	9
	1
	23
	2
	38
	3
	9


	0
	42
	1
	31
	2
	17
	3
	45


	0
	26
	1
	5
	2
	33
	3
	18


	0
	20
	1
	49
	2
	26
	3
	36


	0
	30
	1
	35
	2
	30
	3
	42


	0
	14
	1
	19
	2
	18
	3
	33


	0
	34
	1
	38
	2
	37
	3
	41


	0
	26
	1
	47
	2
	49
	3
	21


	0
	21
	1
	45
	2
	27
	3
	40


	0
	38
	1
	44
	2
	30
	3
	9


	0
	32
	1
	29
	2
	24
	3
	41


	0
	41
	1
	27
	2
	49
	3
	28


	0
	27
	1
	42
	2
	47
	3
	37


	0
	32
	1
	24
	2
	23
	3
	24


	0
	42
	1
	26
	2
	40
	3
	41


	0
	10
	1
	42
	2
	39
	3
	9


	0
	12
	1
	11
	2
	25
	3
	15


	0
	29
	1
	47
	2
	23
	3
	41


	0
	37
	1
	13
	2
	38
	3
	29


	0
	46
	1
	13
	2
	15
	3
	43


	0
	7
	1
	17
	2
	25
	3
	43


	0
	9
	1
	17
	2
	12
	3
	33


	0
	8
	1
	13
	2
	5
	3
	17


	0
	7
	1
	31
	2
	19
	3
	31


	0
	47
	1
	44
	2
	41
	3
	23


	0
	40
	1
	27
	2
	33
	3
	46


	0
	18
	1
	42
	2
	25
	3
	43


	0
	16
	1
	9
	2
	22
	3
	26


	0
	7
	1
	31
	2
	22
	3
	36


	0
	9
	1
	33
	2
	8
	3
	32

