40
16
2

	0
	9
	1
	34
	2
	14
	3
	24
	4
	42
	5
	41
	6
	41
	7
	31
	8
	49
	9
	22
	10
	35
	11
	19
	12
	5
	13
	21
	14
	19
	15
	6


	0
	11
	1
	8
	2
	14
	3
	16
	4
	14
	5
	9
	6
	26
	7
	35
	8
	7
	9
	21
	10
	40
	11
	8
	12
	40
	13
	38
	14
	8
	15
	43


	0
	48
	1
	22
	2
	26
	3
	46
	4
	30
	5
	35
	6
	20
	7
	32
	8
	5
	9
	35
	10
	24
	11
	41
	12
	38
	13
	9
	14
	22
	15
	40


	0
	37
	1
	19
	2
	5
	3
	36
	4
	23
	5
	31
	6
	5
	7
	12
	8
	44
	9
	6
	10
	5
	11
	40
	12
	13
	13
	38
	14
	24
	15
	24


	0
	41
	1
	49
	2
	39
	3
	28
	4
	14
	5
	34
	6
	44
	7
	5
	8
	39
	9
	38
	10
	35
	11
	9
	12
	49
	13
	36
	14
	18
	15
	40


	0
	45
	1
	25
	2
	33
	3
	37
	4
	13
	5
	35
	6
	40
	7
	24
	8
	12
	9
	16
	10
	21
	11
	13
	12
	40
	13
	10
	14
	21
	15
	37


	0
	49
	1
	6
	2
	5
	3
	11
	4
	19
	5
	30
	6
	16
	7
	42
	8
	20
	9
	27
	10
	21
	11
	29
	12
	21
	13
	9
	14
	6
	15
	8


	0
	30
	1
	20
	2
	22
	3
	33
	4
	41
	5
	26
	6
	7
	7
	46
	8
	48
	9
	24
	10
	45
	11
	18
	12
	13
	13
	40
	14
	19
	15
	16


	0
	38
	1
	48
	2
	20
	3
	5
	4
	10
	5
	23
	6
	13
	7
	38
	8
	16
	9
	9
	10
	39
	11
	7
	12
	36
	13
	38
	14
	11
	15
	35


	0
	22
	1
	38
	2
	15
	3
	40
	4
	18
	5
	33
	6
	21
	7
	29
	8
	25
	9
	40
	10
	16
	11
	16
	12
	46
	13
	9
	14
	48
	15
	21


	0
	9
	1
	36
	2
	30
	3
	25
	4
	28
	5
	44
	6
	19
	7
	15
	8
	10
	9
	14
	10
	17
	11
	29
	12
	14
	13
	21
	14
	9
	15
	15


	0
	24
	1
	17
	2
	32
	3
	25
	4
	33
	5
	47
	6
	38
	7
	26
	8
	14
	9
	46
	10
	10
	11
	25
	12
	20
	13
	18
	14
	29
	15
	5


	0
	29
	1
	11
	2
	7
	3
	16
	4
	18
	5
	27
	6
	7
	7
	28
	8
	36
	9
	27
	10
	35
	11
	37
	12
	8
	13
	30
	14
	10
	15
	13


	0
	24
	1
	42
	2
	17
	3
	21
	4
	13
	5
	22
	6
	40
	7
	7
	8
	11
	9
	20
	10
	48
	11
	5
	12
	14
	13
	32
	14
	14
	15
	11


	0
	43
	1
	9
	2
	18
	3
	21
	4
	45
	5
	8
	6
	47
	7
	44
	8
	19
	9
	9
	10
	49
	11
	9
	12
	15
	13
	34
	14
	10
	15
	49


	0
	20
	1
	21
	2
	47
	3
	7
	4
	21
	5
	18
	6
	45
	7
	47
	8
	6
	9
	36
	10
	38
	11
	30
	12
	31
	13
	25
	14
	36
	15
	25


	0
	7
	1
	25
	2
	10
	3
	41
	4
	20
	5
	14
	6
	13
	7
	42
	8
	25
	9
	14
	10
	8
	11
	33
	12
	16
	13
	44
	14
	39
	15
	17


	0
	23
	1
	42
	2
	36
	3
	36
	4
	24
	5
	9
	6
	13
	7
	14
	8
	18
	9
	29
	10
	15
	11
	34
	12
	39
	13
	20
	14
	32
	15
	11


	0
	9
	1
	36
	2
	33
	3
	19
	4
	32
	5
	35
	6
	43
	7
	14
	8
	27
	9
	26
	10
	42
	11
	8
	12
	34
	13
	43
	14
	26
	15
	9


	0
	37
	1
	34
	2
	15
	3
	29
	4
	40
	5
	44
	6
	30
	7
	45
	8
	29
	9
	49
	10
	7
	11
	28
	12
	7
	13
	39
	14
	19
	15
	14


	0
	47
	1
	15
	2
	41
	3
	12
	4
	32
	5
	39
	6
	23
	7
	46
	8
	32
	9
	16
	10
	38
	11
	20
	12
	21
	13
	28
	14
	29
	15
	31


	0
	36
	1
	48
	2
	45
	3
	16
	4
	17
	5
	22
	6
	20
	7
	22
	8
	37
	9
	39
	10
	32
	11
	11
	12
	25
	13
	22
	14
	36
	15
	38


	0
	40
	1
	8
	2
	21
	3
	36
	4
	29
	5
	47
	6
	45
	7
	17
	8
	39
	9
	7
	10
	40
	11
	25
	12
	24
	13
	44
	14
	35
	15
	11


	0
	32
	1
	28
	2
	44
	3
	35
	4
	15
	5
	5
	6
	26
	7
	11
	8
	22
	9
	42
	10
	49
	11
	19
	12
	41
	13
	6
	14
	32
	15
	12


	0
	8
	1
	17
	2
	19
	3
	38
	4
	37
	5
	34
	6
	47
	7
	48
	8
	37
	9
	38
	10
	11
	11
	44
	12
	22
	13
	21
	14
	40
	15
	44


	0
	34
	1
	19
	2
	5
	3
	35
	4
	35
	5
	30
	6
	23
	7
	32
	8
	17
	9
	19
	10
	6
	11
	25
	12
	29
	13
	23
	14
	31
	15
	7


	0
	37
	1
	5
	2
	10
	3
	8
	4
	15
	5
	16
	6
	14
	7
	27
	8
	31
	9
	13
	10
	22
	11
	24
	12
	41
	13
	33
	14
	8
	15
	16


	0
	41
	1
	34
	2
	9
	3
	37
	4
	27
	5
	15
	6
	29
	7
	22
	8
	28
	9
	17
	10
	11
	11
	42
	12
	43
	13
	27
	14
	10
	15
	6


	0
	17
	1
	45
	2
	31
	3
	13
	4
	22
	5
	18
	6
	31
	7
	12
	8
	42
	9
	45
	10
	6
	11
	26
	12
	24
	13
	18
	14
	47
	15
	41


	0
	17
	1
	41
	2
	17
	3
	17
	4
	9
	5
	36
	6
	48
	7
	12
	8
	22
	9
	45
	10
	43
	11
	30
	12
	44
	13
	21
	14
	6
	15
	23


	0
	28
	1
	46
	2
	43
	3
	6
	4
	44
	5
	43
	6
	23
	7
	47
	8
	14
	9
	45
	10
	25
	11
	32
	12
	21
	13
	44
	14
	14
	15
	41


	0
	49
	1
	31
	2
	41
	3
	15
	4
	37
	5
	43
	6
	36
	7
	25
	8
	29
	9
	31
	10
	18
	11
	14
	12
	15
	13
	41
	14
	16
	15
	26


	0
	22
	1
	7
	2
	5
	3
	45
	4
	45
	5
	12
	6
	15
	7
	37
	8
	20
	9
	33
	10
	16
	11
	48
	12
	25
	13
	19
	14
	22
	15
	12


	0
	27
	1
	42
	2
	33
	3
	34
	4
	44
	5
	27
	6
	19
	7
	22
	8
	26
	9
	41
	10
	49
	11
	18
	12
	30
	13
	16
	14
	10
	15
	40


	0
	6
	1
	25
	2
	33
	3
	5
	4
	19
	5
	17
	6
	34
	7
	7
	8
	45
	9
	23
	10
	19
	11
	14
	12
	35
	13
	26
	14
	17
	15
	30


	0
	46
	1
	6
	2
	19
	3
	43
	4
	43
	5
	14
	6
	49
	7
	37
	8
	24
	9
	29
	10
	46
	11
	20
	12
	9
	13
	42
	14
	21
	15
	21


	0
	8
	1
	8
	2
	27
	3
	13
	4
	47
	5
	18
	6
	36
	7
	7
	8
	36
	9
	11
	10
	14
	11
	16
	12
	23
	13
	49
	14
	37
	15
	30


	0
	38
	1
	11
	2
	26
	3
	19
	4
	28
	5
	12
	6
	8
	7
	22
	8
	32
	9
	10
	10
	49
	11
	48
	12
	42
	13
	34
	14
	31
	15
	6


	0
	11
	1
	26
	2
	41
	3
	27
	4
	12
	5
	40
	6
	40
	7
	44
	8
	47
	9
	37
	10
	48
	11
	13
	12
	29
	13
	15
	14
	39
	15
	25


	0
	26
	1
	21
	2
	47
	3
	40
	4
	15
	5
	25
	6
	22
	7
	28
	8
	33
	9
	41
	10
	36
	11
	7
	12
	20
	13
	29
	14
	42
	15
	15

