40
8
2

	0
	6
	1
	25
	2
	19
	3
	22
	4
	45
	5
	24
	6
	27
	7
	20


	0
	37
	1
	22
	2
	13
	3
	16
	4
	23
	5
	29
	6
	5
	7
	23


	0
	48
	1
	32
	2
	6
	3
	22
	4
	7
	5
	39
	6
	24
	7
	44


	0
	25
	1
	48
	2
	18
	3
	48
	4
	9
	5
	21
	6
	27
	7
	22


	0
	10
	1
	37
	2
	45
	3
	26
	4
	34
	5
	29
	6
	29
	7
	17


	0
	30
	1
	25
	2
	13
	3
	21
	4
	46
	5
	15
	6
	39
	7
	40


	0
	15
	1
	35
	2
	15
	3
	32
	4
	48
	5
	8
	6
	38
	7
	48


	0
	9
	1
	6
	2
	34
	3
	49
	4
	36
	5
	20
	6
	23
	7
	38


	0
	22
	1
	28
	2
	38
	3
	15
	4
	47
	5
	45
	6
	22
	7
	45


	0
	30
	1
	28
	2
	12
	3
	41
	4
	25
	5
	38
	6
	12
	7
	28


	0
	31
	1
	21
	2
	40
	3
	11
	4
	13
	5
	45
	6
	30
	7
	45


	0
	31
	1
	16
	2
	16
	3
	30
	4
	46
	5
	29
	6
	36
	7
	44


	0
	7
	1
	20
	2
	15
	3
	43
	4
	24
	5
	44
	6
	46
	7
	49


	0
	13
	1
	5
	2
	49
	3
	14
	4
	8
	5
	17
	6
	12
	7
	46


	0
	11
	1
	12
	2
	48
	3
	27
	4
	48
	5
	32
	6
	28
	7
	15


	0
	29
	1
	45
	2
	29
	3
	31
	4
	44
	5
	15
	6
	8
	7
	31


	0
	25
	1
	27
	2
	7
	3
	23
	4
	14
	5
	18
	6
	19
	7
	26


	0
	30
	1
	48
	2
	42
	3
	30
	4
	12
	5
	39
	6
	30
	7
	38


	0
	18
	1
	8
	2
	25
	3
	40
	4
	19
	5
	31
	6
	24
	7
	18


	0
	28
	1
	18
	2
	9
	3
	18
	4
	33
	5
	32
	6
	47
	7
	10


	0
	31
	1
	49
	2
	9
	3
	22
	4
	17
	5
	5
	6
	32
	7
	47


	0
	36
	1
	48
	2
	13
	3
	36
	4
	6
	5
	25
	6
	47
	7
	45


	0
	38
	1
	33
	2
	8
	3
	21
	4
	7
	5
	37
	6
	23
	7
	37


	0
	37
	1
	47
	2
	35
	3
	5
	4
	34
	5
	43
	6
	41
	7
	28


	0
	11
	1
	44
	2
	6
	3
	25
	4
	13
	5
	49
	6
	9
	7
	28


	0
	10
	1
	31
	2
	46
	3
	23
	4
	47
	5
	35
	6
	5
	7
	46


	0
	17
	1
	33
	2
	6
	3
	7
	4
	38
	5
	16
	6
	40
	7
	14


	0
	18
	1
	27
	2
	20
	3
	46
	4
	8
	5
	9
	6
	30
	7
	41


	0
	26
	1
	32
	2
	42
	3
	42
	4
	34
	5
	13
	6
	11
	7
	15


	0
	23
	1
	7
	2
	40
	3
	39
	4
	46
	5
	39
	6
	5
	7
	41


	0
	47
	1
	26
	2
	34
	3
	10
	4
	37
	5
	45
	6
	23
	7
	13


	0
	10
	1
	25
	2
	26
	3
	31
	4
	24
	5
	6
	6
	6
	7
	17


	0
	6
	1
	24
	2
	5
	3
	9
	4
	37
	5
	35
	6
	48
	7
	49


	0
	25
	1
	26
	2
	9
	3
	20
	4
	25
	5
	10
	6
	36
	7
	34


	0
	46
	1
	27
	2
	36
	3
	12
	4
	11
	5
	44
	6
	47
	7
	48


	0
	29
	1
	26
	2
	40
	3
	25
	4
	22
	5
	8
	6
	45
	7
	30


	0
	30
	1
	27
	2
	43
	3
	17
	4
	20
	5
	39
	6
	24
	7
	23


	0
	30
	1
	31
	2
	18
	3
	25
	4
	40
	5
	16
	6
	13
	7
	7


	0
	11
	1
	30
	2
	5
	3
	7
	4
	30
	5
	34
	6
	30
	7
	14


	0
	5
	1
	30
	2
	47
	3
	6
	4
	5
	5
	33
	6
	16
	7
	36

