40
16
5

	0
	20
	1
	10
	2
	6
	3
	31
	4
	35
	5
	33
	6
	5
	7
	14
	8
	31
	9
	49
	10
	47
	11
	39
	12
	12
	13
	26
	14
	19
	15
	18


	0
	12
	1
	27
	2
	18
	3
	33
	4
	28
	5
	20
	6
	5
	7
	21
	8
	42
	9
	14
	10
	41
	11
	37
	12
	42
	13
	48
	14
	15
	15
	44


	0
	42
	1
	21
	2
	34
	3
	9
	4
	11
	5
	7
	6
	42
	7
	38
	8
	35
	9
	16
	10
	14
	11
	16
	12
	22
	13
	44
	14
	26
	15
	41


	0
	40
	1
	6
	2
	45
	3
	45
	4
	25
	5
	46
	6
	5
	7
	35
	8
	28
	9
	13
	10
	25
	11
	48
	12
	43
	13
	36
	14
	8
	15
	14


	0
	49
	1
	16
	2
	34
	3
	37
	4
	29
	5
	48
	6
	23
	7
	38
	8
	31
	9
	6
	10
	36
	11
	49
	12
	8
	13
	39
	14
	10
	15
	36


	0
	34
	1
	35
	2
	31
	3
	35
	4
	14
	5
	46
	6
	38
	7
	16
	8
	22
	9
	10
	10
	19
	11
	17
	12
	17
	13
	7
	14
	29
	15
	48


	0
	7
	1
	27
	2
	16
	3
	6
	4
	18
	5
	48
	6
	25
	7
	44
	8
	17
	9
	37
	10
	32
	11
	34
	12
	16
	13
	14
	14
	36
	15
	11


	0
	44
	1
	27
	2
	23
	3
	15
	4
	13
	5
	34
	6
	47
	7
	28
	8
	6
	9
	30
	10
	36
	11
	10
	12
	20
	13
	49
	14
	33
	15
	33


	0
	27
	1
	28
	2
	25
	3
	36
	4
	28
	5
	38
	6
	48
	7
	11
	8
	13
	9
	11
	10
	46
	11
	47
	12
	19
	13
	32
	14
	25
	15
	11


	0
	43
	1
	14
	2
	13
	3
	8
	4
	22
	5
	44
	6
	18
	7
	28
	8
	49
	9
	45
	10
	18
	11
	11
	12
	17
	13
	38
	14
	39
	15
	36


	0
	17
	1
	6
	2
	46
	3
	38
	4
	21
	5
	24
	6
	9
	7
	49
	8
	49
	9
	25
	10
	9
	11
	49
	12
	36
	13
	29
	14
	9
	15
	26


	0
	7
	1
	14
	2
	32
	3
	8
	4
	38
	5
	45
	6
	5
	7
	9
	8
	24
	9
	19
	10
	35
	11
	28
	12
	27
	13
	32
	14
	23
	15
	8


	0
	46
	1
	16
	2
	28
	3
	13
	4
	10
	5
	36
	6
	27
	7
	42
	8
	34
	9
	39
	10
	48
	11
	22
	12
	35
	13
	38
	14
	37
	15
	24


	0
	16
	1
	32
	2
	19
	3
	13
	4
	43
	5
	18
	6
	22
	7
	8
	8
	42
	9
	37
	10
	14
	11
	22
	12
	42
	13
	31
	14
	24
	15
	37


	0
	8
	1
	26
	2
	13
	3
	21
	4
	36
	5
	29
	6
	40
	7
	29
	8
	17
	9
	37
	10
	26
	11
	20
	12
	44
	13
	35
	14
	12
	15
	22


	0
	42
	1
	32
	2
	9
	3
	5
	4
	41
	5
	46
	6
	10
	7
	46
	8
	29
	9
	43
	10
	47
	11
	28
	12
	15
	13
	24
	14
	41
	15
	11


	0
	44
	1
	8
	2
	15
	3
	16
	4
	48
	5
	12
	6
	7
	7
	11
	8
	12
	9
	47
	10
	37
	11
	17
	12
	10
	13
	21
	14
	11
	15
	21


	0
	46
	1
	35
	2
	8
	3
	38
	4
	41
	5
	27
	6
	5
	7
	26
	8
	14
	9
	39
	10
	45
	11
	8
	12
	6
	13
	32
	14
	42
	15
	43


	0
	19
	1
	20
	2
	9
	3
	38
	4
	5
	5
	43
	6
	23
	7
	39
	8
	13
	9
	25
	10
	25
	11
	41
	12
	40
	13
	33
	14
	11
	15
	43


	0
	10
	1
	13
	2
	44
	3
	34
	4
	42
	5
	38
	6
	21
	7
	49
	8
	11
	9
	44
	10
	20
	11
	33
	12
	26
	13
	25
	14
	11
	15
	42


	0
	8
	1
	5
	2
	28
	3
	45
	4
	24
	5
	19
	6
	24
	7
	49
	8
	13
	9
	38
	10
	46
	11
	30
	12
	47
	13
	13
	14
	20
	15
	24


	0
	19
	1
	31
	2
	37
	3
	10
	4
	16
	5
	45
	6
	16
	7
	40
	8
	28
	9
	7
	10
	41
	11
	10
	12
	40
	13
	31
	14
	29
	15
	40


	0
	38
	1
	28
	2
	41
	3
	6
	4
	43
	5
	24
	6
	43
	7
	46
	8
	14
	9
	47
	10
	19
	11
	11
	12
	32
	13
	13
	14
	35
	15
	13


	0
	42
	1
	42
	2
	6
	3
	14
	4
	18
	5
	13
	6
	27
	7
	26
	8
	5
	9
	47
	10
	23
	11
	13
	12
	28
	13
	11
	14
	45
	15
	26


	0
	28
	1
	10
	2
	40
	3
	12
	4
	17
	5
	28
	6
	36
	7
	6
	8
	7
	9
	16
	10
	44
	11
	23
	12
	9
	13
	43
	14
	33
	15
	20


	0
	38
	1
	20
	2
	29
	3
	45
	4
	14
	5
	6
	6
	40
	7
	13
	8
	6
	9
	38
	10
	47
	11
	21
	12
	19
	13
	28
	14
	34
	15
	16


	0
	21
	1
	18
	2
	22
	3
	43
	4
	38
	5
	41
	6
	14
	7
	6
	8
	39
	9
	19
	10
	18
	11
	22
	12
	6
	13
	6
	14
	49
	15
	31


	0
	37
	1
	45
	2
	39
	3
	19
	4
	41
	5
	18
	6
	30
	7
	47
	8
	47
	9
	45
	10
	40
	11
	8
	12
	19
	13
	39
	14
	20
	15
	10


	0
	8
	1
	25
	2
	47
	3
	37
	4
	37
	5
	19
	6
	35
	7
	12
	8
	35
	9
	27
	10
	37
	11
	30
	12
	29
	13
	26
	14
	35
	15
	12


	0
	24
	1
	25
	2
	23
	3
	24
	4
	36
	5
	9
	6
	43
	7
	10
	8
	47
	9
	6
	10
	31
	11
	9
	12
	28
	13
	12
	14
	8
	15
	49


	0
	40
	1
	23
	2
	49
	3
	46
	4
	6
	5
	24
	6
	11
	7
	30
	8
	48
	9
	26
	10
	26
	11
	28
	12
	27
	13
	19
	14
	30
	15
	21


	0
	26
	1
	10
	2
	26
	3
	29
	4
	7
	5
	28
	6
	21
	7
	13
	8
	38
	9
	43
	10
	15
	11
	18
	12
	39
	13
	9
	14
	18
	15
	26


	0
	13
	1
	25
	2
	29
	3
	12
	4
	38
	5
	44
	6
	14
	7
	46
	8
	48
	9
	47
	10
	38
	11
	20
	12
	24
	13
	42
	14
	33
	15
	17


	0
	36
	1
	21
	2
	41
	3
	9
	4
	45
	5
	18
	6
	9
	7
	32
	8
	37
	9
	44
	10
	38
	11
	5
	12
	26
	13
	13
	14
	38
	15
	38


	0
	5
	1
	28
	2
	7
	3
	20
	4
	32
	5
	34
	6
	31
	7
	38
	8
	6
	9
	31
	10
	9
	11
	37
	12
	38
	13
	36
	14
	5
	15
	30


	0
	45
	1
	5
	2
	7
	3
	13
	4
	18
	5
	15
	6
	8
	7
	46
	8
	21
	9
	48
	10
	29
	11
	36
	12
	6
	13
	44
	14
	45
	15
	13


	0
	46
	1
	32
	2
	20
	3
	40
	4
	34
	5
	37
	6
	28
	7
	12
	8
	33
	9
	17
	10
	44
	11
	20
	12
	36
	13
	36
	14
	47
	15
	36


	0
	5
	1
	49
	2
	33
	3
	33
	4
	33
	5
	23
	6
	24
	7
	44
	8
	31
	9
	19
	10
	46
	11
	21
	12
	22
	13
	44
	14
	23
	15
	23


	0
	32
	1
	12
	2
	37
	3
	41
	4
	6
	5
	31
	6
	39
	7
	34
	8
	25
	9
	43
	10
	25
	11
	41
	12
	7
	13
	12
	14
	24
	15
	42


	0
	5
	1
	17
	2
	36
	3
	40
	4
	22
	5
	45
	6
	13
	7
	48
	8
	15
	9
	20
	10
	8
	11
	27
	12
	12
	13
	43
	14
	30
	15
	49

