40
4
4

	0
	15
	1
	49
	2
	7
	3
	27


	0
	34
	1
	7
	2
	12
	3
	39


	0
	20
	1
	21
	2
	43
	3
	41


	0
	41
	1
	37
	2
	46
	3
	20


	0
	33
	1
	34
	2
	8
	3
	10


	0
	38
	1
	42
	2
	11
	3
	41


	0
	6
	1
	13
	2
	11
	3
	46


	0
	30
	1
	43
	2
	42
	3
	39


	0
	38
	1
	24
	2
	31
	3
	11


	0
	15
	1
	38
	2
	17
	3
	16


	0
	39
	1
	15
	2
	17
	3
	22


	0
	9
	1
	10
	2
	23
	3
	34


	0
	27
	1
	37
	2
	17
	3
	18


	0
	37
	1
	26
	2
	5
	3
	26


	0
	37
	1
	39
	2
	42
	3
	19


	0
	22
	1
	28
	2
	19
	3
	12


	0
	47
	1
	33
	2
	16
	3
	10


	0
	38
	1
	36
	2
	25
	3
	18


	0
	10
	1
	38
	2
	17
	3
	9


	0
	42
	1
	10
	2
	33
	3
	27


	0
	29
	1
	19
	2
	20
	3
	11


	0
	28
	1
	49
	2
	38
	3
	15


	0
	28
	1
	42
	2
	13
	3
	28


	0
	5
	1
	19
	2
	18
	3
	22


	0
	21
	1
	38
	2
	27
	3
	17


	0
	30
	1
	36
	2
	29
	3
	12


	0
	14
	1
	9
	2
	45
	3
	42


	0
	40
	1
	23
	2
	8
	3
	39


	0
	13
	1
	23
	2
	20
	3
	16


	0
	23
	1
	48
	2
	9
	3
	10


	0
	6
	1
	34
	2
	5
	3
	23


	0
	26
	1
	42
	2
	21
	3
	12


	0
	6
	1
	5
	2
	42
	3
	21


	0
	19
	1
	28
	2
	45
	3
	10


	0
	32
	1
	10
	2
	32
	3
	29


	0
	7
	1
	13
	2
	20
	3
	26


	0
	49
	1
	7
	2
	34
	3
	12


	0
	40
	1
	11
	2
	28
	3
	24


	0
	32
	1
	35
	2
	44
	3
	44


	0
	18
	1
	46
	2
	36
	3
	19

