60
4
4

	0
	48
	1
	32
	2
	16
	3
	10


	0
	49
	1
	44
	2
	42
	3
	28


	0
	35
	1
	19
	2
	29
	3
	41


	0
	6
	1
	11
	2
	15
	3
	7


	0
	34
	1
	48
	2
	47
	3
	45


	0
	28
	1
	49
	2
	38
	3
	26


	0
	15
	1
	37
	2
	44
	3
	35


	0
	12
	1
	22
	2
	20
	3
	44


	0
	29
	1
	34
	2
	27
	3
	45


	0
	10
	1
	49
	2
	25
	3
	35


	0
	18
	1
	47
	2
	46
	3
	35


	0
	14
	1
	16
	2
	46
	3
	43


	0
	15
	1
	47
	2
	9
	3
	49


	0
	7
	1
	14
	2
	47
	3
	22


	0
	15
	1
	5
	2
	34
	3
	34


	0
	43
	1
	26
	2
	17
	3
	33


	0
	10
	1
	23
	2
	26
	3
	40


	0
	38
	1
	26
	2
	8
	3
	25


	0
	46
	1
	15
	2
	29
	3
	33


	0
	14
	1
	48
	2
	11
	3
	13


	0
	37
	1
	7
	2
	46
	3
	21


	0
	28
	1
	11
	2
	8
	3
	18


	0
	29
	1
	32
	2
	9
	3
	34


	0
	44
	1
	29
	2
	14
	3
	17


	0
	35
	1
	44
	2
	8
	3
	31


	0
	6
	1
	37
	2
	37
	3
	16


	0
	24
	1
	47
	2
	8
	3
	38


	0
	19
	1
	49
	2
	18
	3
	16


	0
	30
	1
	5
	2
	11
	3
	19


	0
	28
	1
	22
	2
	38
	3
	47


	0
	19
	1
	26
	2
	41
	3
	49


	0
	19
	1
	39
	2
	9
	3
	14


	0
	39
	1
	39
	2
	32
	3
	25


	0
	27
	1
	28
	2
	15
	3
	33


	0
	26
	1
	26
	2
	6
	3
	29


	0
	43
	1
	34
	2
	42
	3
	16


	0
	39
	1
	40
	2
	45
	3
	23


	0
	35
	1
	18
	2
	9
	3
	39


	0
	37
	1
	25
	2
	49
	3
	35


	0
	14
	1
	9
	2
	21
	3
	9


	0
	8
	1
	36
	2
	31
	3
	40


	0
	35
	1
	33
	2
	8
	3
	28


	0
	42
	1
	7
	2
	28
	3
	29


	0
	25
	1
	34
	2
	23
	3
	28


	0
	29
	1
	32
	2
	36
	3
	12


	0
	26
	1
	40
	2
	44
	3
	25


	0
	34
	1
	22
	2
	43
	3
	17


	0
	28
	1
	31
	2
	26
	3
	32


	0
	37
	1
	17
	2
	41
	3
	28


	0
	26
	1
	21
	2
	13
	3
	30


	0
	14
	1
	48
	2
	27
	3
	28


	0
	49
	1
	6
	2
	40
	3
	42


	0
	36
	1
	49
	2
	13
	3
	9


	0
	46
	1
	29
	2
	35
	3
	7


	0
	25
	1
	23
	2
	46
	3
	31


	0
	25
	1
	18
	2
	18
	3
	11


	0
	31
	1
	10
	2
	9
	3
	18


	0
	22
	1
	47
	2
	16
	3
	18


	0
	38
	1
	39
	2
	39
	3
	39


	0
	33
	1
	34
	2
	26
	3
	11

