60
16
2

	0
	27
	1
	10
	2
	12
	3
	25
	4
	29
	5
	22
	6
	46
	7
	16
	8
	18
	9
	40
	10
	21
	11
	49
	12
	41
	13
	36
	14
	12
	15
	10


	0
	48
	1
	26
	2
	44
	3
	40
	4
	37
	5
	26
	6
	40
	7
	28
	8
	34
	9
	43
	10
	29
	11
	24
	12
	47
	13
	19
	14
	28
	15
	14


	0
	5
	1
	41
	2
	21
	3
	32
	4
	36
	5
	33
	6
	11
	7
	40
	8
	48
	9
	13
	10
	17
	11
	26
	12
	24
	13
	49
	14
	11
	15
	15


	0
	11
	1
	5
	2
	35
	3
	21
	4
	22
	5
	27
	6
	19
	7
	16
	8
	33
	9
	45
	10
	24
	11
	11
	12
	30
	13
	35
	14
	38
	15
	34


	0
	35
	1
	37
	2
	27
	3
	20
	4
	18
	5
	14
	6
	35
	7
	42
	8
	18
	9
	8
	10
	26
	11
	36
	12
	42
	13
	36
	14
	21
	15
	24


	0
	6
	1
	12
	2
	9
	3
	10
	4
	31
	5
	44
	6
	18
	7
	21
	8
	33
	9
	27
	10
	47
	11
	28
	12
	13
	13
	44
	14
	11
	15
	26


	0
	42
	1
	22
	2
	45
	3
	31
	4
	10
	5
	36
	6
	39
	7
	27
	8
	24
	9
	38
	10
	16
	11
	20
	12
	39
	13
	16
	14
	37
	15
	16


	0
	43
	1
	46
	2
	18
	3
	6
	4
	41
	5
	35
	6
	41
	7
	29
	8
	30
	9
	43
	10
	46
	11
	47
	12
	19
	13
	40
	14
	29
	15
	48


	0
	47
	1
	11
	2
	30
	3
	22
	4
	13
	5
	31
	6
	12
	7
	32
	8
	45
	9
	25
	10
	30
	11
	21
	12
	41
	13
	40
	14
	40
	15
	16


	0
	40
	1
	49
	2
	9
	3
	13
	4
	7
	5
	26
	6
	9
	7
	42
	8
	39
	9
	46
	10
	16
	11
	14
	12
	44
	13
	34
	14
	17
	15
	39


	0
	36
	1
	6
	2
	24
	3
	31
	4
	33
	5
	46
	6
	11
	7
	36
	8
	13
	9
	31
	10
	43
	11
	36
	12
	35
	13
	23
	14
	43
	15
	22


	0
	31
	1
	36
	2
	25
	3
	38
	4
	49
	5
	43
	6
	44
	7
	12
	8
	36
	9
	15
	10
	31
	11
	27
	12
	35
	13
	44
	14
	48
	15
	29


	0
	48
	1
	46
	2
	33
	3
	13
	4
	45
	5
	37
	6
	11
	7
	5
	8
	21
	9
	47
	10
	6
	11
	46
	12
	15
	13
	24
	14
	27
	15
	7


	0
	6
	1
	25
	2
	17
	3
	25
	4
	29
	5
	14
	6
	8
	7
	5
	8
	15
	9
	19
	10
	19
	11
	33
	12
	12
	13
	22
	14
	25
	15
	29


	0
	14
	1
	27
	2
	40
	3
	40
	4
	26
	5
	38
	6
	9
	7
	36
	8
	28
	9
	40
	10
	44
	11
	20
	12
	24
	13
	16
	14
	19
	15
	22


	0
	15
	1
	9
	2
	13
	3
	45
	4
	48
	5
	34
	6
	35
	7
	9
	8
	16
	9
	49
	10
	21
	11
	30
	12
	41
	13
	9
	14
	25
	15
	17


	0
	32
	1
	40
	2
	40
	3
	13
	4
	36
	5
	18
	6
	37
	7
	21
	8
	16
	9
	43
	10
	38
	11
	11
	12
	45
	13
	44
	14
	6
	15
	31


	0
	26
	1
	21
	2
	39
	3
	22
	4
	5
	5
	38
	6
	15
	7
	16
	8
	20
	9
	26
	10
	30
	11
	40
	12
	6
	13
	17
	14
	40
	15
	41


	0
	12
	1
	14
	2
	29
	3
	5
	4
	26
	5
	26
	6
	31
	7
	34
	8
	42
	9
	17
	10
	6
	11
	17
	12
	47
	13
	24
	14
	14
	15
	14


	0
	20
	1
	24
	2
	45
	3
	47
	4
	34
	5
	17
	6
	15
	7
	28
	8
	37
	9
	17
	10
	28
	11
	24
	12
	21
	13
	12
	14
	35
	15
	33


	0
	36
	1
	18
	2
	16
	3
	34
	4
	19
	5
	19
	6
	43
	7
	31
	8
	25
	9
	12
	10
	16
	11
	12
	12
	37
	13
	24
	14
	5
	15
	44


	0
	42
	1
	45
	2
	33
	3
	18
	4
	38
	5
	19
	6
	26
	7
	35
	8
	24
	9
	40
	10
	35
	11
	31
	12
	42
	13
	38
	14
	6
	15
	16


	0
	37
	1
	47
	2
	27
	3
	31
	4
	43
	5
	24
	6
	24
	7
	37
	8
	8
	9
	12
	10
	40
	11
	27
	12
	19
	13
	18
	14
	11
	15
	23


	0
	5
	1
	34
	2
	27
	3
	16
	4
	8
	5
	5
	6
	11
	7
	48
	8
	15
	9
	14
	10
	48
	11
	44
	12
	40
	13
	45
	14
	44
	15
	29


	0
	8
	1
	6
	2
	9
	3
	22
	4
	12
	5
	11
	6
	16
	7
	20
	8
	27
	9
	14
	10
	24
	11
	48
	12
	8
	13
	45
	14
	32
	15
	19


	0
	47
	1
	15
	2
	12
	3
	48
	4
	16
	5
	17
	6
	34
	7
	32
	8
	34
	9
	22
	10
	25
	11
	47
	12
	12
	13
	48
	14
	25
	15
	32


	0
	13
	1
	12
	2
	8
	3
	48
	4
	25
	5
	47
	6
	38
	7
	8
	8
	43
	9
	39
	10
	5
	11
	44
	12
	32
	13
	13
	14
	31
	15
	46


	0
	41
	1
	7
	2
	18
	3
	26
	4
	34
	5
	24
	6
	33
	7
	25
	8
	7
	9
	38
	10
	28
	11
	48
	12
	6
	13
	20
	14
	23
	15
	32


	0
	31
	1
	36
	2
	30
	3
	36
	4
	12
	5
	27
	6
	9
	7
	28
	8
	34
	9
	33
	10
	41
	11
	34
	12
	43
	13
	6
	14
	26
	15
	40


	0
	43
	1
	28
	2
	23
	3
	37
	4
	15
	5
	7
	6
	42
	7
	20
	8
	29
	9
	12
	10
	21
	11
	8
	12
	21
	13
	36
	14
	24
	15
	24


	0
	33
	1
	30
	2
	16
	3
	36
	4
	36
	5
	25
	6
	13
	7
	21
	8
	25
	9
	11
	10
	19
	11
	35
	12
	40
	13
	21
	14
	48
	15
	11


	0
	32
	1
	30
	2
	32
	3
	12
	4
	46
	5
	41
	6
	18
	7
	19
	8
	34
	9
	21
	10
	22
	11
	36
	12
	12
	13
	10
	14
	34
	15
	32


	0
	38
	1
	43
	2
	46
	3
	47
	4
	23
	5
	21
	6
	8
	7
	26
	8
	9
	9
	46
	10
	9
	11
	5
	12
	7
	13
	32
	14
	39
	15
	5


	0
	9
	1
	38
	2
	36
	3
	5
	4
	6
	5
	40
	6
	42
	7
	42
	8
	14
	9
	31
	10
	24
	11
	36
	12
	31
	13
	48
	14
	32
	15
	34


	0
	39
	1
	34
	2
	18
	3
	13
	4
	6
	5
	20
	6
	44
	7
	17
	8
	46
	9
	10
	10
	16
	11
	33
	12
	43
	13
	22
	14
	20
	15
	6


	0
	6
	1
	27
	2
	23
	3
	25
	4
	16
	5
	28
	6
	22
	7
	39
	8
	20
	9
	44
	10
	39
	11
	10
	12
	5
	13
	18
	14
	20
	15
	20


	0
	29
	1
	7
	2
	6
	3
	5
	4
	30
	5
	17
	6
	12
	7
	15
	8
	18
	9
	7
	10
	6
	11
	49
	12
	39
	13
	31
	14
	9
	15
	42


	0
	27
	1
	16
	2
	6
	3
	19
	4
	18
	5
	8
	6
	30
	7
	30
	8
	7
	9
	20
	10
	46
	11
	8
	12
	27
	13
	12
	14
	6
	15
	41


	0
	27
	1
	19
	2
	28
	3
	13
	4
	17
	5
	42
	6
	35
	7
	24
	8
	46
	9
	17
	10
	33
	11
	35
	12
	12
	13
	21
	14
	31
	15
	19


	0
	17
	1
	33
	2
	41
	3
	15
	4
	30
	5
	43
	6
	42
	7
	45
	8
	13
	9
	22
	10
	5
	11
	6
	12
	48
	13
	28
	14
	28
	15
	30


	0
	42
	1
	44
	2
	27
	3
	46
	4
	18
	5
	31
	6
	16
	7
	28
	8
	23
	9
	21
	10
	9
	11
	38
	12
	5
	13
	48
	14
	35
	15
	43


	0
	40
	1
	36
	2
	39
	3
	16
	4
	40
	5
	17
	6
	44
	7
	44
	8
	20
	9
	39
	10
	42
	11
	44
	12
	28
	13
	36
	14
	26
	15
	41


	0
	27
	1
	43
	2
	41
	3
	48
	4
	43
	5
	27
	6
	27
	7
	43
	8
	28
	9
	15
	10
	11
	11
	6
	12
	23
	13
	49
	14
	45
	15
	39


	0
	39
	1
	31
	2
	18
	3
	40
	4
	45
	5
	14
	6
	11
	7
	13
	8
	37
	9
	14
	10
	47
	11
	27
	12
	34
	13
	5
	14
	45
	15
	45


	0
	17
	1
	6
	2
	6
	3
	29
	4
	18
	5
	27
	6
	28
	7
	7
	8
	45
	9
	27
	10
	8
	11
	14
	12
	43
	13
	16
	14
	17
	15
	37


	0
	49
	1
	31
	2
	38
	3
	19
	4
	38
	5
	31
	6
	42
	7
	35
	8
	17
	9
	43
	10
	33
	11
	14
	12
	21
	13
	10
	14
	14
	15
	22


	0
	37
	1
	5
	2
	28
	3
	42
	4
	13
	5
	24
	6
	13
	7
	5
	8
	5
	9
	23
	10
	23
	11
	35
	12
	43
	13
	7
	14
	40
	15
	47


	0
	29
	1
	41
	2
	34
	3
	28
	4
	19
	5
	42
	6
	34
	7
	36
	8
	48
	9
	18
	10
	11
	11
	36
	12
	27
	13
	14
	14
	44
	15
	8


	0
	38
	1
	8
	2
	16
	3
	7
	4
	34
	5
	36
	6
	26
	7
	26
	8
	8
	9
	47
	10
	40
	11
	21
	12
	18
	13
	35
	14
	8
	15
	29


	0
	41
	1
	45
	2
	34
	3
	40
	4
	40
	5
	30
	6
	16
	7
	20
	8
	19
	9
	40
	10
	11
	11
	18
	12
	26
	13
	25
	14
	33
	15
	10


	0
	32
	1
	22
	2
	44
	3
	33
	4
	40
	5
	18
	6
	44
	7
	47
	8
	32
	9
	48
	10
	48
	11
	24
	12
	31
	13
	39
	14
	32
	15
	41


	0
	15
	1
	11
	2
	14
	3
	7
	4
	6
	5
	20
	6
	14
	7
	36
	8
	26
	9
	41
	10
	14
	11
	19
	12
	19
	13
	13
	14
	39
	15
	46


	0
	7
	1
	30
	2
	43
	3
	49
	4
	16
	5
	13
	6
	25
	7
	37
	8
	45
	9
	35
	10
	33
	11
	17
	12
	32
	13
	47
	14
	28
	15
	33


	0
	45
	1
	42
	2
	12
	3
	11
	4
	35
	5
	24
	6
	16
	7
	18
	8
	36
	9
	39
	10
	44
	11
	36
	12
	28
	13
	18
	14
	11
	15
	44


	0
	19
	1
	31
	2
	43
	3
	28
	4
	22
	5
	15
	6
	13
	7
	46
	8
	41
	9
	41
	10
	41
	11
	18
	12
	21
	13
	29
	14
	37
	15
	46


	0
	42
	1
	47
	2
	15
	3
	39
	4
	39
	5
	40
	6
	23
	7
	26
	8
	26
	9
	42
	10
	46
	11
	20
	12
	20
	13
	39
	14
	44
	15
	49


	0
	44
	1
	16
	2
	24
	3
	8
	4
	30
	5
	27
	6
	12
	7
	9
	8
	7
	9
	43
	10
	25
	11
	34
	12
	25
	13
	44
	14
	48
	15
	39


	0
	13
	1
	11
	2
	38
	3
	12
	4
	33
	5
	29
	6
	24
	7
	29
	8
	35
	9
	47
	10
	30
	11
	40
	12
	32
	13
	41
	14
	23
	15
	25


	0
	36
	1
	8
	2
	36
	3
	18
	4
	35
	5
	30
	6
	25
	7
	11
	8
	43
	9
	8
	10
	17
	11
	19
	12
	23
	13
	24
	14
	35
	15
	6


	0
	42
	1
	9
	2
	46
	3
	18
	4
	46
	5
	38
	6
	34
	7
	16
	8
	19
	9
	22
	10
	9
	11
	5
	12
	29
	13
	41
	14
	42
	15
	18

