60
16
5

	0
	43
	1
	30
	2
	37
	3
	38
	4
	29
	5
	23
	6
	36
	7
	39
	8
	23
	9
	7
	10
	33
	11
	34
	12
	29
	13
	16
	14
	21
	15
	11


	0
	43
	1
	12
	2
	32
	3
	9
	4
	42
	5
	21
	6
	33
	7
	43
	8
	36
	9
	49
	10
	14
	11
	14
	12
	45
	13
	26
	14
	12
	15
	39


	0
	34
	1
	21
	2
	41
	3
	29
	4
	41
	5
	45
	6
	11
	7
	29
	8
	22
	9
	47
	10
	42
	11
	28
	12
	40
	13
	12
	14
	14
	15
	7


	0
	43
	1
	11
	2
	38
	3
	37
	4
	41
	5
	12
	6
	12
	7
	46
	8
	48
	9
	33
	10
	16
	11
	32
	12
	38
	13
	36
	14
	13
	15
	16


	0
	15
	1
	45
	2
	34
	3
	26
	4
	44
	5
	23
	6
	11
	7
	34
	8
	34
	9
	47
	10
	40
	11
	42
	12
	33
	13
	45
	14
	48
	15
	42


	0
	39
	1
	10
	2
	42
	3
	8
	4
	7
	5
	22
	6
	29
	7
	44
	8
	15
	9
	21
	10
	45
	11
	43
	12
	45
	13
	44
	14
	35
	15
	43


	0
	16
	1
	10
	2
	17
	3
	8
	4
	48
	5
	19
	6
	30
	7
	23
	8
	10
	9
	18
	10
	34
	11
	6
	12
	47
	13
	12
	14
	27
	15
	31


	0
	42
	1
	43
	2
	37
	3
	6
	4
	38
	5
	10
	6
	5
	7
	5
	8
	18
	9
	32
	10
	44
	11
	32
	12
	6
	13
	26
	14
	19
	15
	25


	0
	36
	1
	19
	2
	49
	3
	20
	4
	35
	5
	21
	6
	21
	7
	27
	8
	21
	9
	49
	10
	23
	11
	30
	12
	24
	13
	36
	14
	37
	15
	20


	0
	16
	1
	20
	2
	30
	3
	32
	4
	16
	5
	9
	6
	6
	7
	39
	8
	42
	9
	40
	10
	14
	11
	9
	12
	46
	13
	14
	14
	43
	15
	10


	0
	34
	1
	18
	2
	18
	3
	28
	4
	34
	5
	29
	6
	45
	7
	16
	8
	8
	9
	44
	10
	44
	11
	45
	12
	19
	13
	27
	14
	5
	15
	34


	0
	34
	1
	36
	2
	42
	3
	48
	4
	10
	5
	39
	6
	5
	7
	38
	8
	49
	9
	6
	10
	18
	11
	45
	12
	23
	13
	7
	14
	28
	15
	20


	0
	40
	1
	6
	2
	6
	3
	33
	4
	27
	5
	49
	6
	23
	7
	12
	8
	13
	9
	21
	10
	26
	11
	46
	12
	44
	13
	13
	14
	16
	15
	12


	0
	47
	1
	14
	2
	12
	3
	45
	4
	8
	5
	30
	6
	42
	7
	41
	8
	34
	9
	10
	10
	43
	11
	6
	12
	41
	13
	16
	14
	22
	15
	24


	0
	40
	1
	11
	2
	8
	3
	17
	4
	9
	5
	6
	6
	5
	7
	11
	8
	31
	9
	47
	10
	19
	11
	44
	12
	43
	13
	9
	14
	38
	15
	48


	0
	20
	1
	6
	2
	20
	3
	10
	4
	23
	5
	22
	6
	39
	7
	10
	8
	46
	9
	41
	10
	26
	11
	48
	12
	46
	13
	16
	14
	5
	15
	27


	0
	35
	1
	48
	2
	39
	3
	38
	4
	17
	5
	17
	6
	17
	7
	49
	8
	9
	9
	12
	10
	18
	11
	45
	12
	9
	13
	21
	14
	44
	15
	13


	0
	47
	1
	34
	2
	33
	3
	45
	4
	9
	5
	16
	6
	11
	7
	12
	8
	14
	9
	33
	10
	22
	11
	19
	12
	6
	13
	42
	14
	16
	15
	31


	0
	27
	1
	34
	2
	43
	3
	39
	4
	48
	5
	39
	6
	41
	7
	20
	8
	5
	9
	17
	10
	27
	11
	5
	12
	39
	13
	42
	14
	16
	15
	28


	0
	35
	1
	30
	2
	33
	3
	11
	4
	17
	5
	30
	6
	19
	7
	28
	8
	40
	9
	19
	10
	7
	11
	20
	12
	29
	13
	47
	14
	19
	15
	44


	0
	44
	1
	34
	2
	36
	3
	28
	4
	15
	5
	32
	6
	40
	7
	14
	8
	22
	9
	26
	10
	47
	11
	31
	12
	7
	13
	11
	14
	8
	15
	10


	0
	7
	1
	8
	2
	20
	3
	45
	4
	9
	5
	41
	6
	35
	7
	10
	8
	35
	9
	15
	10
	37
	11
	16
	12
	25
	13
	36
	14
	20
	15
	7


	0
	21
	1
	49
	2
	30
	3
	21
	4
	6
	5
	29
	6
	19
	7
	45
	8
	20
	9
	19
	10
	6
	11
	9
	12
	43
	13
	35
	14
	7
	15
	34


	0
	20
	1
	6
	2
	23
	3
	21
	4
	49
	5
	29
	6
	41
	7
	9
	8
	35
	9
	33
	10
	29
	11
	22
	12
	20
	13
	46
	14
	43
	15
	45


	0
	13
	1
	34
	2
	34
	3
	14
	4
	49
	5
	35
	6
	6
	7
	12
	8
	29
	9
	28
	10
	39
	11
	42
	12
	45
	13
	21
	14
	5
	15
	36


	0
	34
	1
	9
	2
	25
	3
	13
	4
	11
	5
	13
	6
	24
	7
	41
	8
	21
	9
	6
	10
	16
	11
	28
	12
	49
	13
	44
	14
	31
	15
	42


	0
	24
	1
	5
	2
	27
	3
	43
	4
	30
	5
	22
	6
	19
	7
	23
	8
	20
	9
	5
	10
	33
	11
	27
	12
	19
	13
	18
	14
	27
	15
	20


	0
	11
	1
	39
	2
	14
	3
	18
	4
	21
	5
	38
	6
	39
	7
	15
	8
	45
	9
	38
	10
	33
	11
	40
	12
	27
	13
	8
	14
	46
	15
	38


	0
	35
	1
	36
	2
	47
	3
	25
	4
	6
	5
	26
	6
	32
	7
	47
	8
	36
	9
	13
	10
	27
	11
	36
	12
	30
	13
	46
	14
	26
	15
	39


	0
	46
	1
	22
	2
	49
	3
	24
	4
	15
	5
	49
	6
	11
	7
	37
	8
	24
	9
	24
	10
	44
	11
	22
	12
	42
	13
	10
	14
	46
	15
	24


	0
	24
	1
	16
	2
	48
	3
	23
	4
	21
	5
	45
	6
	40
	7
	39
	8
	46
	9
	25
	10
	10
	11
	44
	12
	18
	13
	34
	14
	47
	15
	18


	0
	46
	1
	34
	2
	47
	3
	18
	4
	45
	5
	25
	6
	26
	7
	43
	8
	44
	9
	38
	10
	6
	11
	44
	12
	44
	13
	15
	14
	13
	15
	38


	0
	41
	1
	13
	2
	37
	3
	26
	4
	6
	5
	37
	6
	40
	7
	43
	8
	21
	9
	38
	10
	41
	11
	13
	12
	13
	13
	25
	14
	35
	15
	38


	0
	31
	1
	24
	2
	16
	3
	15
	4
	36
	5
	21
	6
	5
	7
	42
	8
	22
	9
	14
	10
	48
	11
	36
	12
	47
	13
	26
	14
	24
	15
	39


	0
	6
	1
	29
	2
	6
	3
	34
	4
	38
	5
	16
	6
	44
	7
	23
	8
	28
	9
	48
	10
	5
	11
	22
	12
	34
	13
	24
	14
	47
	15
	12


	0
	25
	1
	7
	2
	12
	3
	13
	4
	13
	5
	5
	6
	33
	7
	24
	8
	32
	9
	42
	10
	22
	11
	13
	12
	33
	13
	16
	14
	38
	15
	39


	0
	33
	1
	5
	2
	11
	3
	47
	4
	19
	5
	24
	6
	11
	7
	48
	8
	25
	9
	22
	10
	26
	11
	14
	12
	45
	13
	7
	14
	5
	15
	40


	0
	27
	1
	46
	2
	18
	3
	46
	4
	7
	5
	47
	6
	46
	7
	23
	8
	31
	9
	32
	10
	32
	11
	22
	12
	26
	13
	35
	14
	27
	15
	22


	0
	13
	1
	9
	2
	36
	3
	47
	4
	23
	5
	45
	6
	8
	7
	30
	8
	23
	9
	16
	10
	9
	11
	5
	12
	28
	13
	39
	14
	42
	15
	41


	0
	24
	1
	44
	2
	38
	3
	5
	4
	38
	5
	46
	6
	14
	7
	14
	8
	42
	9
	8
	10
	24
	11
	45
	12
	34
	13
	10
	14
	23
	15
	28


	0
	39
	1
	21
	2
	30
	3
	25
	4
	44
	5
	10
	6
	48
	7
	41
	8
	36
	9
	44
	10
	11
	11
	40
	12
	27
	13
	30
	14
	7
	15
	13


	0
	21
	1
	26
	2
	16
	3
	47
	4
	5
	5
	43
	6
	36
	7
	42
	8
	48
	9
	38
	10
	6
	11
	27
	12
	23
	13
	22
	14
	39
	15
	15


	0
	29
	1
	44
	2
	21
	3
	46
	4
	37
	5
	13
	6
	33
	7
	18
	8
	44
	9
	43
	10
	47
	11
	33
	12
	48
	13
	21
	14
	48
	15
	43


	0
	41
	1
	24
	2
	45
	3
	30
	4
	42
	5
	21
	6
	7
	7
	17
	8
	22
	9
	34
	10
	5
	11
	15
	12
	17
	13
	37
	14
	11
	15
	42


	0
	9
	1
	20
	2
	47
	3
	10
	4
	36
	5
	11
	6
	6
	7
	23
	8
	11
	9
	40
	10
	22
	11
	49
	12
	17
	13
	36
	14
	8
	15
	8


	0
	42
	1
	41
	2
	29
	3
	40
	4
	43
	5
	36
	6
	17
	7
	20
	8
	17
	9
	34
	10
	17
	11
	47
	12
	46
	13
	38
	14
	33
	15
	5


	0
	6
	1
	18
	2
	13
	3
	9
	4
	23
	5
	31
	6
	16
	7
	6
	8
	20
	9
	32
	10
	18
	11
	21
	12
	9
	13
	12
	14
	7
	15
	6


	0
	26
	1
	27
	2
	37
	3
	15
	4
	26
	5
	42
	6
	18
	7
	9
	8
	7
	9
	26
	10
	26
	11
	41
	12
	15
	13
	36
	14
	37
	15
	24


	0
	25
	1
	12
	2
	24
	3
	44
	4
	40
	5
	43
	6
	8
	7
	48
	8
	5
	9
	43
	10
	44
	11
	33
	12
	5
	13
	25
	14
	30
	15
	44


	0
	49
	1
	22
	2
	17
	3
	7
	4
	28
	5
	34
	6
	32
	7
	47
	8
	24
	9
	35
	10
	48
	11
	46
	12
	40
	13
	29
	14
	20
	15
	17


	0
	27
	1
	5
	2
	15
	3
	46
	4
	49
	5
	16
	6
	6
	7
	43
	8
	45
	9
	45
	10
	38
	11
	45
	12
	40
	13
	44
	14
	10
	15
	9


	0
	5
	1
	37
	2
	28
	3
	26
	4
	46
	5
	26
	6
	33
	7
	37
	8
	31
	9
	46
	10
	26
	11
	44
	12
	42
	13
	46
	14
	26
	15
	41


	0
	28
	1
	37
	2
	21
	3
	43
	4
	26
	5
	34
	6
	14
	7
	45
	8
	46
	9
	17
	10
	22
	11
	42
	12
	13
	13
	39
	14
	5
	15
	25


	0
	19
	1
	37
	2
	19
	3
	16
	4
	9
	5
	9
	6
	26
	7
	8
	8
	41
	9
	33
	10
	31
	11
	14
	12
	21
	13
	31
	14
	19
	15
	47


	0
	28
	1
	36
	2
	42
	3
	39
	4
	41
	5
	41
	6
	41
	7
	12
	8
	5
	9
	24
	10
	7
	11
	30
	12
	13
	13
	23
	14
	43
	15
	49


	0
	18
	1
	27
	2
	32
	3
	44
	4
	35
	5
	49
	6
	14
	7
	17
	8
	41
	9
	7
	10
	47
	11
	16
	12
	49
	13
	29
	14
	43
	15
	6


	0
	17
	1
	22
	2
	39
	3
	34
	4
	14
	5
	41
	6
	21
	7
	27
	8
	42
	9
	20
	10
	29
	11
	21
	12
	24
	13
	15
	14
	38
	15
	29


	0
	8
	1
	32
	2
	12
	3
	34
	4
	27
	5
	15
	6
	6
	7
	39
	8
	44
	9
	36
	10
	38
	11
	48
	12
	22
	13
	45
	14
	14
	15
	31


	0
	48
	1
	44
	2
	45
	3
	14
	4
	39
	5
	17
	6
	28
	7
	13
	8
	45
	9
	35
	10
	40
	11
	14
	12
	10
	13
	43
	14
	32
	15
	10


	0
	16
	1
	35
	2
	40
	3
	43
	4
	29
	5
	29
	6
	35
	7
	21
	8
	35
	9
	44
	10
	27
	11
	48
	12
	41
	13
	9
	14
	49
	15
	38

