60
4
2

	0
	33
	1
	47
	2
	25
	3
	16


	0
	28
	1
	20
	2
	40
	3
	47


	0
	21
	1
	33
	2
	23
	3
	9


	0
	14
	1
	43
	2
	5
	3
	7


	0
	24
	1
	18
	2
	20
	3
	26


	0
	39
	1
	21
	2
	11
	3
	32


	0
	29
	1
	41
	2
	23
	3
	26


	0
	20
	1
	10
	2
	36
	3
	44


	0
	43
	1
	35
	2
	42
	3
	25


	0
	33
	1
	14
	2
	42
	3
	8


	0
	5
	1
	9
	2
	6
	3
	17


	0
	42
	1
	25
	2
	25
	3
	18


	0
	44
	1
	16
	2
	35
	3
	36


	0
	41
	1
	45
	2
	18
	3
	44


	0
	5
	1
	12
	2
	24
	3
	40


	0
	6
	1
	37
	2
	26
	3
	41


	0
	21
	1
	21
	2
	12
	3
	11


	0
	25
	1
	9
	2
	49
	3
	40


	0
	24
	1
	15
	2
	28
	3
	26


	0
	30
	1
	29
	2
	44
	3
	15


	0
	43
	1
	45
	2
	9
	3
	48


	0
	8
	1
	49
	2
	7
	3
	14


	0
	36
	1
	47
	2
	28
	3
	25


	0
	31
	1
	36
	2
	7
	3
	41


	0
	13
	1
	31
	2
	33
	3
	23


	0
	26
	1
	34
	2
	15
	3
	27


	0
	5
	1
	5
	2
	34
	3
	15


	0
	24
	1
	39
	2
	16
	3
	44


	0
	37
	1
	24
	2
	37
	3
	39


	0
	45
	1
	25
	2
	17
	3
	7


	0
	19
	1
	27
	2
	45
	3
	48


	0
	35
	1
	44
	2
	35
	3
	22


	0
	6
	1
	30
	2
	29
	3
	8


	0
	47
	1
	23
	2
	26
	3
	26


	0
	48
	1
	30
	2
	28
	3
	25


	0
	37
	1
	48
	2
	19
	3
	16


	0
	32
	1
	19
	2
	35
	3
	15


	0
	22
	1
	25
	2
	31
	3
	34


	0
	31
	1
	32
	2
	22
	3
	12


	0
	33
	1
	37
	2
	23
	3
	7


	0
	11
	1
	15
	2
	25
	3
	6


	0
	31
	1
	28
	2
	42
	3
	30


	0
	14
	1
	38
	2
	44
	3
	23


	0
	39
	1
	48
	2
	21
	3
	14


	0
	26
	1
	10
	2
	23
	3
	25


	0
	16
	1
	24
	2
	26
	3
	45


	0
	29
	1
	48
	2
	35
	3
	46


	0
	49
	1
	27
	2
	10
	3
	32


	0
	12
	1
	35
	2
	42
	3
	35


	0
	21
	1
	44
	2
	44
	3
	7


	0
	6
	1
	43
	2
	11
	3
	17


	0
	12
	1
	26
	2
	32
	3
	48


	0
	35
	1
	46
	2
	19
	3
	23


	0
	12
	1
	29
	2
	5
	3
	23


	0
	33
	1
	35
	2
	7
	3
	20


	0
	35
	1
	8
	2
	12
	3
	18


	0
	36
	1
	12
	2
	16
	3
	5


	0
	21
	1
	9
	2
	28
	3
	48


	0
	31
	1
	14
	2
	28
	3
	38


	0
	18
	1
	5
	2
	11
	3
	40

