60
16
4

	0
	30
	1
	45
	2
	41
	3
	13
	4
	36
	5
	48
	6
	35
	7
	11
	8
	48
	9
	43
	10
	38
	11
	6
	12
	24
	13
	5
	14
	41
	15
	35


	0
	35
	1
	30
	2
	31
	3
	25
	4
	15
	5
	19
	6
	11
	7
	46
	8
	7
	9
	41
	10
	14
	11
	21
	12
	5
	13
	48
	14
	24
	15
	28


	0
	40
	1
	36
	2
	25
	3
	35
	4
	44
	5
	24
	6
	6
	7
	40
	8
	17
	9
	16
	10
	33
	11
	48
	12
	23
	13
	28
	14
	34
	15
	25


	0
	25
	1
	37
	2
	6
	3
	13
	4
	45
	5
	49
	6
	35
	7
	26
	8
	27
	9
	9
	10
	48
	11
	36
	12
	46
	13
	21
	14
	24
	15
	28


	0
	23
	1
	37
	2
	14
	3
	37
	4
	15
	5
	32
	6
	5
	7
	40
	8
	9
	9
	38
	10
	39
	11
	7
	12
	21
	13
	5
	14
	23
	15
	8


	0
	18
	1
	46
	2
	36
	3
	36
	4
	49
	5
	16
	6
	48
	7
	40
	8
	46
	9
	40
	10
	13
	11
	6
	12
	9
	13
	21
	14
	33
	15
	40


	0
	20
	1
	27
	2
	10
	3
	46
	4
	43
	5
	27
	6
	49
	7
	34
	8
	11
	9
	5
	10
	38
	11
	10
	12
	28
	13
	26
	14
	17
	15
	30


	0
	13
	1
	44
	2
	18
	3
	9
	4
	21
	5
	42
	6
	28
	7
	14
	8
	41
	9
	5
	10
	30
	11
	31
	12
	41
	13
	8
	14
	17
	15
	29


	0
	16
	1
	23
	2
	34
	3
	44
	4
	15
	5
	7
	6
	21
	7
	36
	8
	28
	9
	22
	10
	13
	11
	44
	12
	13
	13
	13
	14
	43
	15
	6


	0
	35
	1
	19
	2
	44
	3
	14
	4
	34
	5
	15
	6
	19
	7
	43
	8
	16
	9
	44
	10
	33
	11
	22
	12
	20
	13
	30
	14
	16
	15
	22


	0
	42
	1
	28
	2
	44
	3
	41
	4
	7
	5
	40
	6
	11
	7
	43
	8
	46
	9
	17
	10
	21
	11
	38
	12
	17
	13
	42
	14
	37
	15
	12


	0
	49
	1
	39
	2
	10
	3
	30
	4
	8
	5
	12
	6
	29
	7
	6
	8
	46
	9
	35
	10
	15
	11
	16
	12
	11
	13
	35
	14
	35
	15
	8


	0
	9
	1
	29
	2
	10
	3
	22
	4
	20
	5
	26
	6
	42
	7
	43
	8
	15
	9
	28
	10
	43
	11
	35
	12
	10
	13
	21
	14
	33
	15
	27


	0
	22
	1
	28
	2
	23
	3
	23
	4
	40
	5
	32
	6
	24
	7
	36
	8
	19
	9
	15
	10
	12
	11
	33
	12
	7
	13
	33
	14
	41
	15
	44


	0
	9
	1
	7
	2
	40
	3
	32
	4
	49
	5
	49
	6
	7
	7
	23
	8
	43
	9
	14
	10
	45
	11
	36
	12
	21
	13
	33
	14
	5
	15
	9


	0
	33
	1
	8
	2
	36
	3
	44
	4
	32
	5
	11
	6
	32
	7
	49
	8
	5
	9
	18
	10
	16
	11
	39
	12
	44
	13
	46
	14
	9
	15
	48


	0
	25
	1
	34
	2
	39
	3
	39
	4
	37
	5
	16
	6
	12
	7
	35
	8
	35
	9
	28
	10
	21
	11
	21
	12
	6
	13
	25
	14
	15
	15
	10


	0
	23
	1
	38
	2
	20
	3
	41
	4
	7
	5
	10
	6
	13
	7
	23
	8
	35
	9
	6
	10
	40
	11
	28
	12
	6
	13
	18
	14
	26
	15
	12


	0
	37
	1
	5
	2
	48
	3
	43
	4
	5
	5
	13
	6
	46
	7
	40
	8
	7
	9
	44
	10
	47
	11
	11
	12
	7
	13
	43
	14
	5
	15
	7


	0
	41
	1
	29
	2
	16
	3
	40
	4
	27
	5
	17
	6
	36
	7
	20
	8
	25
	9
	46
	10
	37
	11
	47
	12
	8
	13
	31
	14
	5
	15
	46


	0
	18
	1
	18
	2
	39
	3
	13
	4
	12
	5
	45
	6
	18
	7
	27
	8
	15
	9
	20
	10
	28
	11
	48
	12
	12
	13
	10
	14
	49
	15
	34


	0
	18
	1
	48
	2
	34
	3
	6
	4
	41
	5
	32
	6
	15
	7
	10
	8
	32
	9
	25
	10
	49
	11
	17
	12
	32
	13
	23
	14
	45
	15
	42


	0
	46
	1
	36
	2
	36
	3
	13
	4
	5
	5
	47
	6
	35
	7
	14
	8
	46
	9
	33
	10
	31
	11
	45
	12
	24
	13
	49
	14
	37
	15
	42


	0
	35
	1
	35
	2
	5
	3
	29
	4
	10
	5
	38
	6
	42
	7
	21
	8
	25
	9
	32
	10
	47
	11
	42
	12
	46
	13
	46
	14
	37
	15
	39


	0
	20
	1
	14
	2
	24
	3
	13
	4
	23
	5
	39
	6
	21
	7
	23
	8
	47
	9
	19
	10
	39
	11
	21
	12
	13
	13
	16
	14
	20
	15
	39


	0
	15
	1
	35
	2
	44
	3
	22
	4
	36
	5
	43
	6
	34
	7
	11
	8
	12
	9
	20
	10
	14
	11
	33
	12
	40
	13
	9
	14
	26
	15
	38


	0
	16
	1
	5
	2
	10
	3
	39
	4
	29
	5
	18
	6
	13
	7
	47
	8
	31
	9
	27
	10
	15
	11
	48
	12
	24
	13
	12
	14
	35
	15
	48


	0
	29
	1
	13
	2
	15
	3
	46
	4
	6
	5
	6
	6
	32
	7
	28
	8
	24
	9
	30
	10
	41
	11
	23
	12
	9
	13
	30
	14
	42
	15
	8


	0
	31
	1
	40
	2
	38
	3
	35
	4
	35
	5
	6
	6
	45
	7
	37
	8
	22
	9
	16
	10
	39
	11
	30
	12
	34
	13
	35
	14
	35
	15
	14


	0
	31
	1
	29
	2
	5
	3
	26
	4
	18
	5
	11
	6
	18
	7
	33
	8
	39
	9
	14
	10
	33
	11
	40
	12
	28
	13
	41
	14
	18
	15
	28


	0
	22
	1
	31
	2
	18
	3
	22
	4
	39
	5
	5
	6
	13
	7
	5
	8
	34
	9
	27
	10
	25
	11
	22
	12
	9
	13
	8
	14
	32
	15
	25


	0
	21
	1
	24
	2
	44
	3
	6
	4
	49
	5
	26
	6
	16
	7
	35
	8
	27
	9
	33
	10
	48
	11
	38
	12
	47
	13
	14
	14
	27
	15
	41


	0
	29
	1
	46
	2
	14
	3
	32
	4
	29
	5
	16
	6
	16
	7
	27
	8
	42
	9
	27
	10
	23
	11
	34
	12
	11
	13
	27
	14
	30
	15
	43


	0
	22
	1
	8
	2
	17
	3
	33
	4
	7
	5
	31
	6
	23
	7
	6
	8
	43
	9
	45
	10
	21
	11
	27
	12
	41
	13
	36
	14
	17
	15
	42


	0
	25
	1
	34
	2
	31
	3
	24
	4
	30
	5
	12
	6
	44
	7
	44
	8
	23
	9
	36
	10
	7
	11
	8
	12
	30
	13
	36
	14
	27
	15
	41


	0
	13
	1
	11
	2
	16
	3
	30
	4
	28
	5
	23
	6
	30
	7
	11
	8
	18
	9
	17
	10
	49
	11
	42
	12
	28
	13
	5
	14
	28
	15
	22


	0
	13
	1
	49
	2
	26
	3
	39
	4
	41
	5
	31
	6
	47
	7
	9
	8
	15
	9
	5
	10
	23
	11
	26
	12
	49
	13
	27
	14
	15
	15
	16


	0
	28
	1
	37
	2
	39
	3
	26
	4
	28
	5
	43
	6
	25
	7
	21
	8
	26
	9
	29
	10
	31
	11
	49
	12
	38
	13
	31
	14
	28
	15
	33


	0
	46
	1
	13
	2
	5
	3
	18
	4
	18
	5
	16
	6
	6
	7
	39
	8
	45
	9
	14
	10
	44
	11
	10
	12
	45
	13
	43
	14
	7
	15
	42


	0
	24
	1
	12
	2
	20
	3
	6
	4
	5
	5
	13
	6
	21
	7
	20
	8
	40
	9
	26
	10
	34
	11
	29
	12
	34
	13
	27
	14
	43
	15
	41


	0
	15
	1
	45
	2
	14
	3
	24
	4
	40
	5
	30
	6
	18
	7
	46
	8
	16
	9
	47
	10
	11
	11
	9
	12
	10
	13
	17
	14
	10
	15
	16


	0
	33
	1
	29
	2
	30
	3
	27
	4
	20
	5
	5
	6
	28
	7
	7
	8
	7
	9
	13
	10
	33
	11
	12
	12
	23
	13
	8
	14
	32
	15
	32


	0
	37
	1
	30
	2
	39
	3
	30
	4
	36
	5
	39
	6
	33
	7
	39
	8
	25
	9
	19
	10
	15
	11
	17
	12
	43
	13
	22
	14
	33
	15
	23


	0
	12
	1
	38
	2
	32
	3
	48
	4
	5
	5
	17
	6
	42
	7
	22
	8
	14
	9
	20
	10
	22
	11
	43
	12
	29
	13
	43
	14
	25
	15
	39


	0
	27
	1
	44
	2
	22
	3
	21
	4
	11
	5
	21
	6
	43
	7
	47
	8
	7
	9
	25
	10
	25
	11
	28
	12
	35
	13
	49
	14
	45
	15
	25


	0
	25
	1
	34
	2
	11
	3
	47
	4
	45
	5
	38
	6
	41
	7
	9
	8
	42
	9
	11
	10
	15
	11
	44
	12
	43
	13
	20
	14
	41
	15
	22


	0
	36
	1
	32
	2
	46
	3
	35
	4
	8
	5
	35
	6
	26
	7
	8
	8
	32
	9
	49
	10
	12
	11
	47
	12
	42
	13
	9
	14
	32
	15
	13


	0
	11
	1
	36
	2
	42
	3
	34
	4
	9
	5
	45
	6
	34
	7
	35
	8
	16
	9
	42
	10
	21
	11
	42
	12
	15
	13
	47
	14
	18
	15
	39


	0
	43
	1
	33
	2
	12
	3
	44
	4
	14
	5
	29
	6
	40
	7
	23
	8
	8
	9
	29
	10
	47
	11
	42
	12
	32
	13
	22
	14
	36
	15
	35


	0
	5
	1
	9
	2
	21
	3
	36
	4
	6
	5
	11
	6
	43
	7
	39
	8
	15
	9
	18
	10
	10
	11
	16
	12
	48
	13
	19
	14
	35
	15
	41


	0
	24
	1
	36
	2
	47
	3
	10
	4
	14
	5
	32
	6
	39
	7
	12
	8
	21
	9
	25
	10
	47
	11
	38
	12
	41
	13
	11
	14
	19
	15
	35


	0
	8
	1
	32
	2
	35
	3
	35
	4
	49
	5
	19
	6
	46
	7
	12
	8
	42
	9
	16
	10
	38
	11
	17
	12
	37
	13
	14
	14
	5
	15
	44


	0
	46
	1
	8
	2
	29
	3
	22
	4
	48
	5
	24
	6
	48
	7
	42
	8
	20
	9
	28
	10
	16
	11
	36
	12
	8
	13
	16
	14
	14
	15
	43


	0
	42
	1
	11
	2
	29
	3
	48
	4
	46
	5
	28
	6
	34
	7
	32
	8
	29
	9
	47
	10
	44
	11
	17
	12
	5
	13
	27
	14
	27
	15
	26


	0
	11
	1
	35
	2
	39
	3
	22
	4
	22
	5
	47
	6
	6
	7
	8
	8
	17
	9
	37
	10
	33
	11
	35
	12
	41
	13
	7
	14
	26
	15
	43


	0
	44
	1
	11
	2
	47
	3
	26
	4
	44
	5
	17
	6
	29
	7
	9
	8
	32
	9
	31
	10
	22
	11
	25
	12
	13
	13
	45
	14
	45
	15
	38


	0
	39
	1
	23
	2
	13
	3
	29
	4
	23
	5
	14
	6
	21
	7
	10
	8
	17
	9
	21
	10
	19
	11
	21
	12
	5
	13
	37
	14
	28
	15
	18


	0
	46
	1
	36
	2
	46
	3
	18
	4
	23
	5
	34
	6
	18
	7
	28
	8
	46
	9
	10
	10
	22
	11
	46
	12
	5
	13
	41
	14
	42
	15
	16


	0
	14
	1
	45
	2
	36
	3
	49
	4
	29
	5
	45
	6
	28
	7
	8
	8
	27
	9
	42
	10
	36
	11
	46
	12
	40
	13
	39
	14
	16
	15
	24


	0
	17
	1
	37
	2
	45
	3
	40
	4
	35
	5
	36
	6
	17
	7
	10
	8
	26
	9
	10
	10
	5
	11
	19
	12
	29
	13
	42
	14
	30
	15
	38

