60
16
2

	0
	23
	1
	42
	2
	21
	3
	37
	4
	7
	5
	15
	6
	44
	7
	48
	8
	9
	9
	45
	10
	37
	11
	27
	12
	8
	13
	32
	14
	6
	15
	31


	0
	49
	1
	6
	2
	17
	3
	37
	4
	15
	5
	16
	6
	11
	7
	9
	8
	7
	9
	16
	10
	42
	11
	9
	12
	34
	13
	34
	14
	11
	15
	14


	0
	17
	1
	49
	2
	39
	3
	15
	4
	12
	5
	34
	6
	32
	7
	37
	8
	42
	9
	49
	10
	25
	11
	9
	12
	22
	13
	34
	14
	24
	15
	43


	0
	16
	1
	38
	2
	33
	3
	33
	4
	39
	5
	21
	6
	21
	7
	36
	8
	7
	9
	25
	10
	34
	11
	39
	12
	6
	13
	29
	14
	18
	15
	15


	0
	40
	1
	22
	2
	16
	3
	18
	4
	42
	5
	36
	6
	5
	7
	6
	8
	8
	9
	31
	10
	41
	11
	36
	12
	34
	13
	21
	14
	15
	15
	13


	0
	47
	1
	28
	2
	16
	3
	36
	4
	20
	5
	36
	6
	30
	7
	16
	8
	46
	9
	42
	10
	37
	11
	9
	12
	36
	13
	43
	14
	13
	15
	15


	0
	6
	1
	26
	2
	38
	3
	43
	4
	19
	5
	44
	6
	45
	7
	38
	8
	17
	9
	27
	10
	29
	11
	46
	12
	21
	13
	34
	14
	16
	15
	7


	0
	10
	1
	49
	2
	36
	3
	31
	4
	34
	5
	20
	6
	18
	7
	26
	8
	15
	9
	16
	10
	13
	11
	18
	12
	14
	13
	34
	14
	14
	15
	28


	0
	32
	1
	43
	2
	44
	3
	10
	4
	22
	5
	45
	6
	11
	7
	48
	8
	37
	9
	6
	10
	5
	11
	25
	12
	23
	13
	10
	14
	13
	15
	8


	0
	49
	1
	7
	2
	8
	3
	18
	4
	31
	5
	12
	6
	25
	7
	20
	8
	36
	9
	42
	10
	43
	11
	26
	12
	24
	13
	49
	14
	28
	15
	6


	0
	11
	1
	10
	2
	36
	3
	31
	4
	13
	5
	30
	6
	5
	7
	37
	8
	43
	9
	29
	10
	34
	11
	25
	12
	7
	13
	16
	14
	18
	15
	19


	0
	14
	1
	49
	2
	49
	3
	25
	4
	13
	5
	48
	6
	11
	7
	5
	8
	27
	9
	47
	10
	30
	11
	17
	12
	11
	13
	25
	14
	35
	15
	12


	0
	33
	1
	29
	2
	18
	3
	38
	4
	5
	5
	18
	6
	12
	7
	38
	8
	43
	9
	6
	10
	20
	11
	31
	12
	29
	13
	47
	14
	17
	15
	6


	0
	35
	1
	22
	2
	9
	3
	26
	4
	29
	5
	20
	6
	39
	7
	28
	8
	36
	9
	6
	10
	6
	11
	15
	12
	49
	13
	46
	14
	25
	15
	23


	0
	9
	1
	30
	2
	28
	3
	35
	4
	8
	5
	15
	6
	6
	7
	34
	8
	46
	9
	19
	10
	37
	11
	17
	12
	27
	13
	12
	14
	26
	15
	26


	0
	26
	1
	38
	2
	49
	3
	7
	4
	39
	5
	6
	6
	47
	7
	12
	8
	6
	9
	21
	10
	16
	11
	24
	12
	44
	13
	12
	14
	7
	15
	31


	0
	24
	1
	24
	2
	39
	3
	43
	4
	30
	5
	10
	6
	45
	7
	40
	8
	9
	9
	47
	10
	20
	11
	13
	12
	47
	13
	35
	14
	45
	15
	27


	0
	6
	1
	9
	2
	20
	3
	14
	4
	5
	5
	27
	6
	25
	7
	16
	8
	17
	9
	43
	10
	9
	11
	11
	12
	12
	13
	30
	14
	28
	15
	6


	0
	5
	1
	11
	2
	22
	3
	6
	4
	23
	5
	48
	6
	33
	7
	6
	8
	26
	9
	8
	10
	21
	11
	39
	12
	43
	13
	26
	14
	39
	15
	14


	0
	40
	1
	26
	2
	42
	3
	32
	4
	46
	5
	23
	6
	24
	7
	24
	8
	15
	9
	47
	10
	41
	11
	7
	12
	23
	13
	31
	14
	37
	15
	38


	0
	11
	1
	49
	2
	29
	3
	25
	4
	27
	5
	43
	6
	14
	7
	16
	8
	33
	9
	45
	10
	29
	11
	9
	12
	40
	13
	5
	14
	33
	15
	33


	0
	39
	1
	33
	2
	40
	3
	18
	4
	13
	5
	47
	6
	27
	7
	35
	8
	22
	9
	15
	10
	26
	11
	30
	12
	10
	13
	39
	14
	6
	15
	27


	0
	30
	1
	45
	2
	36
	3
	45
	4
	49
	5
	11
	6
	47
	7
	5
	8
	8
	9
	46
	10
	8
	11
	13
	12
	10
	13
	9
	14
	44
	15
	19


	0
	39
	1
	6
	2
	35
	3
	30
	4
	6
	5
	17
	6
	44
	7
	44
	8
	16
	9
	35
	10
	16
	11
	45
	12
	30
	13
	24
	14
	44
	15
	16


	0
	19
	1
	43
	2
	35
	3
	24
	4
	21
	5
	38
	6
	16
	7
	23
	8
	46
	9
	44
	10
	43
	11
	30
	12
	12
	13
	5
	14
	38
	15
	46


	0
	28
	1
	42
	2
	49
	3
	7
	4
	45
	5
	46
	6
	34
	7
	46
	8
	37
	9
	14
	10
	43
	11
	7
	12
	43
	13
	26
	14
	19
	15
	43


	0
	35
	1
	13
	2
	24
	3
	33
	4
	16
	5
	13
	6
	40
	7
	38
	8
	44
	9
	40
	10
	28
	11
	34
	12
	26
	13
	32
	14
	49
	15
	20


	0
	15
	1
	5
	2
	32
	3
	34
	4
	5
	5
	46
	6
	35
	7
	40
	8
	36
	9
	34
	10
	10
	11
	46
	12
	40
	13
	36
	14
	17
	15
	44


	0
	45
	1
	28
	2
	15
	3
	12
	4
	38
	5
	8
	6
	30
	7
	30
	8
	47
	9
	43
	10
	47
	11
	23
	12
	46
	13
	27
	14
	29
	15
	8


	0
	6
	1
	13
	2
	36
	3
	16
	4
	28
	5
	47
	6
	45
	7
	11
	8
	24
	9
	18
	10
	43
	11
	44
	12
	35
	13
	20
	14
	8
	15
	37


	0
	5
	1
	34
	2
	42
	3
	43
	4
	36
	5
	33
	6
	8
	7
	23
	8
	24
	9
	49
	10
	38
	11
	43
	12
	40
	13
	44
	14
	42
	15
	17


	0
	5
	1
	43
	2
	5
	3
	12
	4
	16
	5
	38
	6
	15
	7
	30
	8
	29
	9
	8
	10
	44
	11
	13
	12
	43
	13
	8
	14
	17
	15
	23


	0
	33
	1
	32
	2
	34
	3
	12
	4
	6
	5
	32
	6
	27
	7
	40
	8
	20
	9
	21
	10
	15
	11
	37
	12
	17
	13
	14
	14
	36
	15
	41


	0
	27
	1
	14
	2
	30
	3
	7
	4
	37
	5
	25
	6
	10
	7
	40
	8
	36
	9
	48
	10
	19
	11
	45
	12
	14
	13
	26
	14
	34
	15
	39


	0
	20
	1
	43
	2
	7
	3
	9
	4
	6
	5
	30
	6
	37
	7
	27
	8
	35
	9
	23
	10
	5
	11
	10
	12
	11
	13
	7
	14
	30
	15
	33


	0
	48
	1
	13
	2
	39
	3
	27
	4
	18
	5
	13
	6
	20
	7
	12
	8
	15
	9
	42
	10
	25
	11
	44
	12
	43
	13
	29
	14
	9
	15
	31


	0
	18
	1
	39
	2
	48
	3
	40
	4
	42
	5
	10
	6
	38
	7
	24
	8
	16
	9
	5
	10
	29
	11
	20
	12
	10
	13
	12
	14
	29
	15
	6


	0
	25
	1
	28
	2
	18
	3
	8
	4
	6
	5
	39
	6
	22
	7
	7
	8
	13
	9
	46
	10
	6
	11
	21
	12
	40
	13
	37
	14
	12
	15
	39


	0
	27
	1
	25
	2
	21
	3
	42
	4
	32
	5
	28
	6
	39
	7
	49
	8
	16
	9
	15
	10
	6
	11
	9
	12
	33
	13
	41
	14
	29
	15
	22


	0
	42
	1
	43
	2
	7
	3
	24
	4
	36
	5
	33
	6
	35
	7
	5
	8
	45
	9
	17
	10
	25
	11
	35
	12
	37
	13
	49
	14
	15
	15
	44


	0
	33
	1
	41
	2
	25
	3
	38
	4
	44
	5
	22
	6
	17
	7
	37
	8
	41
	9
	18
	10
	33
	11
	12
	12
	34
	13
	16
	14
	28
	15
	15


	0
	37
	1
	5
	2
	20
	3
	41
	4
	46
	5
	10
	6
	29
	7
	5
	8
	36
	9
	6
	10
	19
	11
	42
	12
	24
	13
	34
	14
	21
	15
	23


	0
	23
	1
	12
	2
	37
	3
	30
	4
	49
	5
	40
	6
	9
	7
	22
	8
	7
	9
	35
	10
	33
	11
	48
	12
	13
	13
	46
	14
	26
	15
	9


	0
	20
	1
	14
	2
	19
	3
	22
	4
	42
	5
	13
	6
	29
	7
	22
	8
	11
	9
	27
	10
	26
	11
	38
	12
	38
	13
	15
	14
	20
	15
	21


	0
	30
	1
	7
	2
	12
	3
	15
	4
	23
	5
	36
	6
	49
	7
	41
	8
	36
	9
	14
	10
	12
	11
	29
	12
	46
	13
	10
	14
	49
	15
	29


	0
	7
	1
	48
	2
	49
	3
	35
	4
	40
	5
	44
	6
	25
	7
	13
	8
	38
	9
	14
	10
	49
	11
	35
	12
	14
	13
	19
	14
	36
	15
	35


	0
	30
	1
	25
	2
	21
	3
	30
	4
	43
	5
	36
	6
	25
	7
	36
	8
	44
	9
	37
	10
	35
	11
	31
	12
	6
	13
	24
	14
	30
	15
	20


	0
	32
	1
	48
	2
	31
	3
	34
	4
	25
	5
	32
	6
	33
	7
	12
	8
	48
	9
	28
	10
	20
	11
	48
	12
	44
	13
	11
	14
	28
	15
	29


	0
	43
	1
	10
	2
	13
	3
	46
	4
	11
	5
	17
	6
	36
	7
	10
	8
	42
	9
	38
	10
	30
	11
	6
	12
	48
	13
	35
	14
	23
	15
	16


	0
	23
	1
	16
	2
	9
	3
	13
	4
	32
	5
	31
	6
	49
	7
	27
	8
	43
	9
	45
	10
	44
	11
	34
	12
	5
	13
	33
	14
	13
	15
	43


	0
	8
	1
	45
	2
	34
	3
	30
	4
	38
	5
	28
	6
	43
	7
	7
	8
	34
	9
	32
	10
	16
	11
	7
	12
	11
	13
	10
	14
	27
	15
	15


	0
	49
	1
	35
	2
	9
	3
	38
	4
	17
	5
	41
	6
	37
	7
	6
	8
	46
	9
	23
	10
	30
	11
	20
	12
	13
	13
	28
	14
	23
	15
	10


	0
	17
	1
	5
	2
	45
	3
	15
	4
	36
	5
	32
	6
	33
	7
	33
	8
	39
	9
	14
	10
	41
	11
	5
	12
	35
	13
	39
	14
	18
	15
	18


	0
	22
	1
	11
	2
	41
	3
	40
	4
	31
	5
	17
	6
	22
	7
	18
	8
	49
	9
	6
	10
	23
	11
	33
	12
	46
	13
	24
	14
	42
	15
	47


	0
	33
	1
	18
	2
	33
	3
	48
	4
	5
	5
	49
	6
	16
	7
	48
	8
	40
	9
	19
	10
	32
	11
	25
	12
	28
	13
	44
	14
	17
	15
	13


	0
	22
	1
	6
	2
	43
	3
	20
	4
	20
	5
	28
	6
	7
	7
	49
	8
	14
	9
	20
	10
	42
	11
	46
	12
	35
	13
	16
	14
	27
	15
	9


	0
	38
	1
	42
	2
	15
	3
	41
	4
	32
	5
	10
	6
	23
	7
	40
	8
	30
	9
	32
	10
	20
	11
	13
	12
	16
	13
	25
	14
	46
	15
	28


	0
	41
	1
	29
	2
	37
	3
	11
	4
	13
	5
	37
	6
	11
	7
	44
	8
	26
	9
	42
	10
	17
	11
	7
	12
	11
	13
	27
	14
	27
	15
	33


	0
	48
	1
	6
	2
	17
	3
	12
	4
	30
	5
	49
	6
	33
	7
	31
	8
	23
	9
	10
	10
	6
	11
	29
	12
	20
	13
	25
	14
	40
	15
	18


	0
	45
	1
	38
	2
	18
	3
	41
	4
	27
	5
	43
	6
	22
	7
	22
	8
	45
	9
	23
	10
	43
	11
	35
	12
	22
	13
	20
	14
	43
	15
	15

