60
8
4

	0
	28
	1
	15
	2
	27
	3
	26
	4
	44
	5
	18
	6
	15
	7
	47


	0
	23
	1
	47
	2
	22
	3
	26
	4
	8
	5
	13
	6
	20
	7
	40


	0
	20
	1
	26
	2
	33
	3
	28
	4
	5
	5
	13
	6
	47
	7
	21


	0
	36
	1
	46
	2
	30
	3
	12
	4
	34
	5
	14
	6
	18
	7
	44


	0
	40
	1
	29
	2
	48
	3
	38
	4
	38
	5
	8
	6
	12
	7
	22


	0
	22
	1
	27
	2
	29
	3
	24
	4
	41
	5
	15
	6
	14
	7
	8


	0
	19
	1
	17
	2
	26
	3
	19
	4
	46
	5
	10
	6
	28
	7
	5


	0
	12
	1
	33
	2
	40
	3
	43
	4
	6
	5
	32
	6
	28
	7
	36


	0
	21
	1
	13
	2
	48
	3
	17
	4
	12
	5
	34
	6
	18
	7
	20


	0
	32
	1
	37
	2
	41
	3
	13
	4
	25
	5
	16
	6
	39
	7
	29


	0
	17
	1
	7
	2
	33
	3
	33
	4
	30
	5
	41
	6
	28
	7
	10


	0
	49
	1
	34
	2
	11
	3
	42
	4
	27
	5
	17
	6
	40
	7
	29


	0
	32
	1
	15
	2
	5
	3
	26
	4
	9
	5
	33
	6
	36
	7
	42


	0
	27
	1
	23
	2
	18
	3
	8
	4
	5
	5
	34
	6
	13
	7
	21


	0
	16
	1
	41
	2
	16
	3
	41
	4
	16
	5
	11
	6
	27
	7
	10


	0
	43
	1
	26
	2
	38
	3
	13
	4
	44
	5
	8
	6
	28
	7
	15


	0
	40
	1
	34
	2
	45
	3
	46
	4
	22
	5
	19
	6
	47
	7
	39


	0
	10
	1
	26
	2
	48
	3
	23
	4
	49
	5
	31
	6
	7
	7
	25


	0
	32
	1
	15
	2
	12
	3
	13
	4
	20
	5
	7
	6
	7
	7
	11


	0
	17
	1
	41
	2
	22
	3
	13
	4
	37
	5
	27
	6
	32
	7
	44


	0
	5
	1
	43
	2
	33
	3
	40
	4
	49
	5
	47
	6
	26
	7
	39


	0
	32
	1
	27
	2
	24
	3
	47
	4
	38
	5
	31
	6
	36
	7
	23


	0
	46
	1
	45
	2
	18
	3
	46
	4
	27
	5
	47
	6
	37
	7
	14


	0
	23
	1
	26
	2
	33
	3
	49
	4
	16
	5
	35
	6
	48
	7
	35


	0
	45
	1
	19
	2
	33
	3
	8
	4
	44
	5
	28
	6
	38
	7
	41


	0
	15
	1
	6
	2
	17
	3
	16
	4
	22
	5
	35
	6
	27
	7
	12


	0
	47
	1
	47
	2
	33
	3
	36
	4
	10
	5
	22
	6
	32
	7
	36


	0
	26
	1
	26
	2
	48
	3
	42
	4
	22
	5
	33
	6
	11
	7
	36


	0
	9
	1
	48
	2
	5
	3
	15
	4
	21
	5
	33
	6
	36
	7
	47


	0
	5
	1
	23
	2
	38
	3
	33
	4
	41
	5
	10
	6
	16
	7
	19


	0
	5
	1
	26
	2
	37
	3
	12
	4
	41
	5
	11
	6
	28
	7
	23


	0
	18
	1
	27
	2
	13
	3
	16
	4
	44
	5
	42
	6
	19
	7
	9


	0
	26
	1
	41
	2
	49
	3
	12
	4
	24
	5
	39
	6
	49
	7
	18


	0
	24
	1
	36
	2
	38
	3
	27
	4
	42
	5
	46
	6
	32
	7
	24


	0
	23
	1
	40
	2
	12
	3
	32
	4
	27
	5
	10
	6
	5
	7
	12


	0
	12
	1
	47
	2
	26
	3
	46
	4
	15
	5
	20
	6
	35
	7
	26


	0
	22
	1
	7
	2
	20
	3
	22
	4
	20
	5
	5
	6
	8
	7
	47


	0
	46
	1
	35
	2
	48
	3
	30
	4
	30
	5
	41
	6
	6
	7
	36


	0
	35
	1
	35
	2
	35
	3
	7
	4
	49
	5
	39
	6
	30
	7
	48


	0
	34
	1
	48
	2
	16
	3
	6
	4
	46
	5
	41
	6
	8
	7
	48


	0
	16
	1
	32
	2
	25
	3
	26
	4
	32
	5
	23
	6
	17
	7
	25


	0
	43
	1
	33
	2
	39
	3
	25
	4
	23
	5
	35
	6
	34
	7
	46


	0
	25
	1
	19
	2
	34
	3
	23
	4
	47
	5
	35
	6
	21
	7
	24


	0
	30
	1
	16
	2
	40
	3
	24
	4
	41
	5
	30
	6
	40
	7
	16


	0
	32
	1
	5
	2
	42
	3
	34
	4
	35
	5
	22
	6
	35
	7
	43


	0
	42
	1
	6
	2
	27
	3
	19
	4
	42
	5
	39
	6
	30
	7
	17


	0
	23
	1
	24
	2
	25
	3
	10
	4
	28
	5
	25
	6
	49
	7
	12


	0
	45
	1
	37
	2
	13
	3
	10
	4
	24
	5
	13
	6
	26
	7
	6


	0
	41
	1
	27
	2
	13
	3
	39
	4
	41
	5
	33
	6
	44
	7
	40


	0
	34
	1
	41
	2
	5
	3
	38
	4
	48
	5
	10
	6
	21
	7
	30


	0
	13
	1
	48
	2
	38
	3
	28
	4
	40
	5
	22
	6
	17
	7
	6


	0
	49
	1
	29
	2
	20
	3
	22
	4
	36
	5
	12
	6
	37
	7
	31


	0
	40
	1
	10
	2
	29
	3
	25
	4
	43
	5
	9
	6
	23
	7
	44


	0
	41
	1
	40
	2
	9
	3
	18
	4
	42
	5
	35
	6
	15
	7
	33


	0
	49
	1
	16
	2
	13
	3
	42
	4
	42
	5
	32
	6
	34
	7
	7


	0
	21
	1
	48
	2
	41
	3
	31
	4
	30
	5
	45
	6
	6
	7
	8


	0
	16
	1
	49
	2
	12
	3
	20
	4
	32
	5
	41
	6
	29
	7
	21


	0
	25
	1
	23
	2
	16
	3
	34
	4
	37
	5
	49
	6
	41
	7
	7


	0
	15
	1
	32
	2
	18
	3
	33
	4
	45
	5
	28
	6
	7
	7
	7


	0
	40
	1
	44
	2
	49
	3
	35
	4
	10
	5
	15
	6
	8
	7
	22

