60
4
5

	0
	34
	1
	12
	2
	29
	3
	38


	0
	28
	1
	5
	2
	14
	3
	29


	0
	40
	1
	26
	2
	38
	3
	31


	0
	38
	1
	37
	2
	29
	3
	38


	0
	28
	1
	37
	2
	28
	3
	9


	0
	9
	1
	43
	2
	10
	3
	15


	0
	43
	1
	38
	2
	47
	3
	26


	0
	39
	1
	18
	2
	22
	3
	28


	0
	47
	1
	30
	2
	31
	3
	46


	0
	38
	1
	40
	2
	48
	3
	6


	0
	48
	1
	24
	2
	11
	3
	26


	0
	33
	1
	10
	2
	44
	3
	14


	0
	34
	1
	10
	2
	8
	3
	48


	0
	31
	1
	31
	2
	30
	3
	23


	0
	39
	1
	33
	2
	10
	3
	17


	0
	33
	1
	44
	2
	31
	3
	23


	0
	30
	1
	15
	2
	24
	3
	11


	0
	30
	1
	14
	2
	23
	3
	6


	0
	45
	1
	17
	2
	8
	3
	35


	0
	34
	1
	5
	2
	15
	3
	5


	0
	45
	1
	33
	2
	39
	3
	45


	0
	9
	1
	12
	2
	22
	3
	44


	0
	44
	1
	12
	2
	35
	3
	45


	0
	44
	1
	37
	2
	34
	3
	45


	0
	21
	1
	34
	2
	34
	3
	26


	0
	20
	1
	40
	2
	40
	3
	14


	0
	42
	1
	9
	2
	9
	3
	40


	0
	7
	1
	43
	2
	8
	3
	11


	0
	41
	1
	9
	2
	13
	3
	13


	0
	20
	1
	41
	2
	44
	3
	37


	0
	20
	1
	36
	2
	9
	3
	13


	0
	43
	1
	23
	2
	37
	3
	47


	0
	14
	1
	44
	2
	39
	3
	31


	0
	19
	1
	34
	2
	18
	3
	18


	0
	37
	1
	7
	2
	27
	3
	23


	0
	37
	1
	27
	2
	13
	3
	39


	0
	10
	1
	17
	2
	25
	3
	10


	0
	37
	1
	5
	2
	45
	3
	5


	0
	48
	1
	30
	2
	13
	3
	28


	0
	8
	1
	26
	2
	26
	3
	10


	0
	10
	1
	46
	2
	40
	3
	11


	0
	43
	1
	5
	2
	34
	3
	31


	0
	26
	1
	19
	2
	20
	3
	31


	0
	19
	1
	31
	2
	37
	3
	15


	0
	48
	1
	10
	2
	40
	3
	23


	0
	35
	1
	14
	2
	8
	3
	35


	0
	27
	1
	41
	2
	26
	3
	7


	0
	30
	1
	5
	2
	45
	3
	13


	0
	19
	1
	37
	2
	36
	3
	29


	0
	48
	1
	27
	2
	35
	3
	21


	0
	34
	1
	23
	2
	27
	3
	42


	0
	38
	1
	35
	2
	44
	3
	40


	0
	24
	1
	46
	2
	33
	3
	5


	0
	48
	1
	31
	2
	8
	3
	6


	0
	15
	1
	18
	2
	14
	3
	23


	0
	29
	1
	34
	2
	18
	3
	40


	0
	39
	1
	22
	2
	11
	3
	37


	0
	37
	1
	5
	2
	31
	3
	29


	0
	22
	1
	37
	2
	27
	3
	8


	0
	37
	1
	44
	2
	11
	3
	39

