60
8
5

	0
	15
	1
	9
	2
	24
	3
	23
	4
	16
	5
	5
	6
	41
	7
	36


	0
	14
	1
	27
	2
	6
	3
	14
	4
	32
	5
	41
	6
	19
	7
	29


	0
	37
	1
	30
	2
	5
	3
	41
	4
	26
	5
	10
	6
	6
	7
	16


	0
	35
	1
	45
	2
	9
	3
	17
	4
	39
	5
	9
	6
	12
	7
	46


	0
	23
	1
	23
	2
	17
	3
	29
	4
	39
	5
	29
	6
	49
	7
	28


	0
	29
	1
	13
	2
	28
	3
	41
	4
	25
	5
	30
	6
	30
	7
	24


	0
	26
	1
	10
	2
	40
	3
	12
	4
	44
	5
	12
	6
	33
	7
	13


	0
	32
	1
	41
	2
	13
	3
	25
	4
	22
	5
	48
	6
	48
	7
	34


	0
	46
	1
	24
	2
	18
	3
	20
	4
	18
	5
	17
	6
	16
	7
	25


	0
	23
	1
	22
	2
	46
	3
	16
	4
	8
	5
	20
	6
	7
	7
	27


	0
	47
	1
	49
	2
	24
	3
	44
	4
	20
	5
	27
	6
	15
	7
	20


	0
	6
	1
	35
	2
	27
	3
	36
	4
	43
	5
	10
	6
	45
	7
	20


	0
	14
	1
	40
	2
	41
	3
	6
	4
	21
	5
	46
	6
	24
	7
	24


	0
	35
	1
	27
	2
	35
	3
	23
	4
	10
	5
	10
	6
	32
	7
	5


	0
	32
	1
	48
	2
	6
	3
	5
	4
	10
	5
	41
	6
	35
	7
	44


	0
	11
	1
	11
	2
	7
	3
	9
	4
	40
	5
	7
	6
	37
	7
	49


	0
	21
	1
	41
	2
	45
	3
	17
	4
	49
	5
	29
	6
	21
	7
	21


	0
	44
	1
	29
	2
	29
	3
	48
	4
	13
	5
	22
	6
	46
	7
	36


	0
	25
	1
	35
	2
	36
	3
	25
	4
	21
	5
	10
	6
	38
	7
	46


	0
	9
	1
	27
	2
	42
	3
	34
	4
	8
	5
	28
	6
	9
	7
	32


	0
	23
	1
	25
	2
	19
	3
	8
	4
	22
	5
	29
	6
	30
	7
	40


	0
	23
	1
	16
	2
	31
	3
	13
	4
	49
	5
	42
	6
	24
	7
	32


	0
	22
	1
	41
	2
	5
	3
	36
	4
	45
	5
	5
	6
	36
	7
	23


	0
	25
	1
	6
	2
	18
	3
	15
	4
	27
	5
	34
	6
	17
	7
	23


	0
	48
	1
	38
	2
	27
	3
	37
	4
	5
	5
	6
	6
	11
	7
	43


	0
	36
	1
	20
	2
	43
	3
	13
	4
	13
	5
	7
	6
	19
	7
	47


	0
	9
	1
	27
	2
	14
	3
	7
	4
	23
	5
	24
	6
	25
	7
	45


	0
	8
	1
	29
	2
	47
	3
	17
	4
	19
	5
	22
	6
	22
	7
	14


	0
	40
	1
	20
	2
	41
	3
	22
	4
	24
	5
	14
	6
	15
	7
	36


	0
	30
	1
	36
	2
	44
	3
	7
	4
	13
	5
	32
	6
	28
	7
	49


	0
	28
	1
	31
	2
	27
	3
	25
	4
	37
	5
	43
	6
	19
	7
	9


	0
	46
	1
	36
	2
	26
	3
	43
	4
	23
	5
	29
	6
	8
	7
	41


	0
	6
	1
	14
	2
	18
	3
	6
	4
	41
	5
	44
	6
	33
	7
	46


	0
	24
	1
	29
	2
	27
	3
	11
	4
	8
	5
	18
	6
	34
	7
	35


	0
	15
	1
	45
	2
	46
	3
	10
	4
	26
	5
	38
	6
	32
	7
	42


	0
	16
	1
	41
	2
	16
	3
	13
	4
	6
	5
	22
	6
	12
	7
	9


	0
	28
	1
	36
	2
	34
	3
	24
	4
	48
	5
	9
	6
	29
	7
	14


	0
	42
	1
	42
	2
	22
	3
	9
	4
	32
	5
	5
	6
	18
	7
	39


	0
	46
	1
	40
	2
	13
	3
	8
	4
	14
	5
	45
	6
	30
	7
	13


	0
	30
	1
	6
	2
	24
	3
	41
	4
	25
	5
	25
	6
	32
	7
	34


	0
	47
	1
	36
	2
	23
	3
	46
	4
	47
	5
	35
	6
	33
	7
	39


	0
	10
	1
	37
	2
	7
	3
	36
	4
	47
	5
	29
	6
	21
	7
	38


	0
	6
	1
	32
	2
	16
	3
	11
	4
	30
	5
	26
	6
	36
	7
	47


	0
	6
	1
	27
	2
	33
	3
	37
	4
	44
	5
	34
	6
	34
	7
	48


	0
	42
	1
	26
	2
	36
	3
	29
	4
	38
	5
	19
	6
	21
	7
	39


	0
	7
	1
	35
	2
	32
	3
	16
	4
	29
	5
	19
	6
	7
	7
	40


	0
	11
	1
	13
	2
	41
	3
	39
	4
	43
	5
	24
	6
	30
	7
	11


	0
	12
	1
	31
	2
	36
	3
	26
	4
	46
	5
	35
	6
	47
	7
	44


	0
	33
	1
	33
	2
	44
	3
	31
	4
	41
	5
	37
	6
	6
	7
	39


	0
	12
	1
	40
	2
	13
	3
	46
	4
	33
	5
	10
	6
	39
	7
	6


	0
	16
	1
	6
	2
	19
	3
	29
	4
	8
	5
	41
	6
	39
	7
	9


	0
	26
	1
	39
	2
	28
	3
	37
	4
	11
	5
	41
	6
	20
	7
	24


	0
	9
	1
	48
	2
	29
	3
	28
	4
	8
	5
	38
	6
	32
	7
	30


	0
	10
	1
	24
	2
	22
	3
	22
	4
	6
	5
	7
	6
	13
	7
	45


	0
	18
	1
	7
	2
	38
	3
	12
	4
	8
	5
	6
	6
	5
	7
	42


	0
	26
	1
	6
	2
	46
	3
	30
	4
	31
	5
	32
	6
	48
	7
	45


	0
	43
	1
	36
	2
	11
	3
	37
	4
	20
	5
	23
	6
	34
	7
	12


	0
	5
	1
	31
	2
	34
	3
	26
	4
	14
	5
	32
	6
	28
	7
	8


	0
	35
	1
	46
	2
	12
	3
	43
	4
	24
	5
	18
	6
	7
	7
	46


	0
	6
	1
	25
	2
	47
	3
	8
	4
	36
	5
	42
	6
	39
	7
	20

