60
16
3

	0
	39
	1
	20
	2
	6
	3
	35
	4
	38
	5
	28
	6
	25
	7
	29
	8
	22
	9
	43
	10
	24
	11
	6
	12
	15
	13
	19
	14
	41
	15
	49


	0
	32
	1
	31
	2
	33
	3
	24
	4
	36
	5
	22
	6
	10
	7
	39
	8
	7
	9
	17
	10
	22
	11
	6
	12
	48
	13
	48
	14
	31
	15
	46


	0
	22
	1
	36
	2
	27
	3
	5
	4
	20
	5
	10
	6
	36
	7
	13
	8
	7
	9
	43
	10
	6
	11
	13
	12
	38
	13
	14
	14
	40
	15
	48


	0
	31
	1
	44
	2
	18
	3
	43
	4
	13
	5
	33
	6
	27
	7
	25
	8
	42
	9
	38
	10
	27
	11
	39
	12
	44
	13
	25
	14
	44
	15
	25


	0
	20
	1
	13
	2
	26
	3
	8
	4
	38
	5
	6
	6
	8
	7
	29
	8
	5
	9
	42
	10
	39
	11
	17
	12
	5
	13
	21
	14
	31
	15
	46


	0
	37
	1
	7
	2
	29
	3
	18
	4
	36
	5
	28
	6
	17
	7
	49
	8
	19
	9
	32
	10
	49
	11
	11
	12
	12
	13
	7
	14
	23
	15
	19


	0
	41
	1
	46
	2
	43
	3
	39
	4
	35
	5
	39
	6
	7
	7
	9
	8
	36
	9
	25
	10
	14
	11
	47
	12
	23
	13
	40
	14
	36
	15
	27


	0
	45
	1
	20
	2
	46
	3
	43
	4
	46
	5
	27
	6
	39
	7
	13
	8
	47
	9
	17
	10
	25
	11
	24
	12
	45
	13
	38
	14
	23
	15
	26


	0
	33
	1
	17
	2
	9
	3
	11
	4
	37
	5
	43
	6
	43
	7
	24
	8
	14
	9
	30
	10
	32
	11
	12
	12
	13
	13
	5
	14
	25
	15
	19


	0
	6
	1
	5
	2
	37
	3
	16
	4
	22
	5
	8
	6
	15
	7
	10
	8
	39
	9
	27
	10
	8
	11
	37
	12
	10
	13
	27
	14
	44
	15
	35


	0
	44
	1
	15
	2
	16
	3
	36
	4
	30
	5
	9
	6
	30
	7
	18
	8
	38
	9
	10
	10
	28
	11
	5
	12
	13
	13
	13
	14
	26
	15
	33


	0
	8
	1
	42
	2
	13
	3
	14
	4
	19
	5
	7
	6
	16
	7
	43
	8
	24
	9
	5
	10
	11
	11
	34
	12
	38
	13
	10
	14
	35
	15
	42


	0
	17
	1
	6
	2
	39
	3
	17
	4
	11
	5
	46
	6
	43
	7
	28
	8
	30
	9
	19
	10
	41
	11
	36
	12
	45
	13
	37
	14
	32
	15
	11


	0
	17
	1
	39
	2
	12
	3
	44
	4
	49
	5
	30
	6
	39
	7
	44
	8
	37
	9
	8
	10
	25
	11
	48
	12
	7
	13
	47
	14
	16
	15
	48


	0
	16
	1
	41
	2
	47
	3
	24
	4
	35
	5
	25
	6
	11
	7
	41
	8
	24
	9
	41
	10
	13
	11
	16
	12
	47
	13
	25
	14
	15
	15
	34


	0
	21
	1
	15
	2
	23
	3
	14
	4
	11
	5
	41
	6
	43
	7
	35
	8
	26
	9
	48
	10
	30
	11
	27
	12
	29
	13
	24
	14
	48
	15
	21


	0
	48
	1
	11
	2
	30
	3
	40
	4
	44
	5
	33
	6
	37
	7
	7
	8
	12
	9
	18
	10
	48
	11
	49
	12
	17
	13
	40
	14
	26
	15
	42


	0
	18
	1
	13
	2
	9
	3
	20
	4
	10
	5
	8
	6
	42
	7
	12
	8
	13
	9
	23
	10
	47
	11
	31
	12
	6
	13
	27
	14
	46
	15
	35


	0
	45
	1
	43
	2
	46
	3
	28
	4
	40
	5
	9
	6
	25
	7
	38
	8
	44
	9
	39
	10
	26
	11
	33
	12
	47
	13
	6
	14
	22
	15
	32


	0
	49
	1
	38
	2
	29
	3
	32
	4
	30
	5
	38
	6
	26
	7
	33
	8
	25
	9
	14
	10
	18
	11
	45
	12
	21
	13
	36
	14
	46
	15
	40


	0
	43
	1
	7
	2
	7
	3
	25
	4
	5
	5
	26
	6
	19
	7
	22
	8
	19
	9
	24
	10
	29
	11
	49
	12
	18
	13
	33
	14
	39
	15
	13


	0
	41
	1
	37
	2
	40
	3
	23
	4
	28
	5
	17
	6
	31
	7
	20
	8
	41
	9
	32
	10
	43
	11
	5
	12
	48
	13
	34
	14
	20
	15
	39


	0
	16
	1
	6
	2
	31
	3
	21
	4
	20
	5
	39
	6
	41
	7
	35
	8
	42
	9
	41
	10
	10
	11
	14
	12
	46
	13
	9
	14
	38
	15
	10


	0
	30
	1
	22
	2
	9
	3
	34
	4
	35
	5
	22
	6
	14
	7
	8
	8
	38
	9
	38
	10
	48
	11
	48
	12
	14
	13
	33
	14
	35
	15
	38


	0
	26
	1
	32
	2
	12
	3
	30
	4
	17
	5
	44
	6
	49
	7
	30
	8
	20
	9
	39
	10
	26
	11
	34
	12
	8
	13
	22
	14
	30
	15
	7


	0
	41
	1
	8
	2
	11
	3
	22
	4
	26
	5
	23
	6
	32
	7
	28
	8
	41
	9
	37
	10
	12
	11
	40
	12
	7
	13
	36
	14
	38
	15
	38


	0
	18
	1
	15
	2
	46
	3
	21
	4
	32
	5
	28
	6
	42
	7
	28
	8
	9
	9
	20
	10
	44
	11
	46
	12
	20
	13
	26
	14
	14
	15
	45


	0
	47
	1
	39
	2
	49
	3
	10
	4
	27
	5
	15
	6
	41
	7
	13
	8
	15
	9
	5
	10
	18
	11
	18
	12
	10
	13
	20
	14
	34
	15
	12


	0
	42
	1
	15
	2
	47
	3
	36
	4
	24
	5
	47
	6
	16
	7
	9
	8
	30
	9
	30
	10
	16
	11
	48
	12
	30
	13
	43
	14
	31
	15
	48


	0
	7
	1
	45
	2
	25
	3
	10
	4
	37
	5
	42
	6
	6
	7
	14
	8
	25
	9
	45
	10
	28
	11
	10
	12
	15
	13
	11
	14
	45
	15
	23


	0
	44
	1
	38
	2
	12
	3
	19
	4
	32
	5
	29
	6
	35
	7
	34
	8
	14
	9
	20
	10
	27
	11
	33
	12
	45
	13
	6
	14
	40
	15
	39


	0
	45
	1
	12
	2
	15
	3
	18
	4
	48
	5
	24
	6
	11
	7
	28
	8
	38
	9
	35
	10
	47
	11
	20
	12
	16
	13
	23
	14
	29
	15
	35


	0
	24
	1
	24
	2
	42
	3
	20
	4
	36
	5
	16
	6
	18
	7
	44
	8
	16
	9
	43
	10
	42
	11
	43
	12
	37
	13
	40
	14
	47
	15
	41


	0
	11
	1
	36
	2
	47
	3
	28
	4
	38
	5
	38
	6
	41
	7
	28
	8
	47
	9
	19
	10
	22
	11
	47
	12
	29
	13
	8
	14
	44
	15
	31


	0
	44
	1
	11
	2
	27
	3
	21
	4
	20
	5
	33
	6
	13
	7
	21
	8
	28
	9
	44
	10
	23
	11
	35
	12
	46
	13
	27
	14
	21
	15
	23


	0
	18
	1
	28
	2
	24
	3
	28
	4
	24
	5
	27
	6
	13
	7
	44
	8
	14
	9
	11
	10
	33
	11
	43
	12
	35
	13
	40
	14
	40
	15
	49


	0
	16
	1
	13
	2
	43
	3
	46
	4
	43
	5
	10
	6
	49
	7
	15
	8
	40
	9
	47
	10
	26
	11
	17
	12
	44
	13
	11
	14
	19
	15
	19


	0
	14
	1
	9
	2
	38
	3
	31
	4
	8
	5
	36
	6
	38
	7
	31
	8
	38
	9
	49
	10
	32
	11
	18
	12
	8
	13
	12
	14
	27
	15
	10


	0
	42
	1
	23
	2
	47
	3
	49
	4
	44
	5
	40
	6
	16
	7
	44
	8
	15
	9
	10
	10
	28
	11
	37
	12
	7
	13
	40
	14
	30
	15
	25


	0
	39
	1
	11
	2
	31
	3
	34
	4
	25
	5
	40
	6
	47
	7
	33
	8
	47
	9
	34
	10
	43
	11
	39
	12
	14
	13
	22
	14
	28
	15
	41


	0
	13
	1
	41
	2
	10
	3
	45
	4
	17
	5
	40
	6
	10
	7
	32
	8
	15
	9
	33
	10
	12
	11
	29
	12
	39
	13
	44
	14
	12
	15
	12


	0
	37
	1
	42
	2
	9
	3
	25
	4
	13
	5
	9
	6
	47
	7
	37
	8
	45
	9
	9
	10
	41
	11
	9
	12
	6
	13
	29
	14
	38
	15
	25


	0
	34
	1
	46
	2
	44
	3
	44
	4
	31
	5
	34
	6
	39
	7
	24
	8
	35
	9
	9
	10
	23
	11
	45
	12
	42
	13
	42
	14
	5
	15
	40


	0
	18
	1
	49
	2
	32
	3
	36
	4
	31
	5
	31
	6
	23
	7
	17
	8
	21
	9
	44
	10
	27
	11
	14
	12
	7
	13
	11
	14
	12
	15
	12


	0
	36
	1
	8
	2
	6
	3
	43
	4
	38
	5
	45
	6
	39
	7
	48
	8
	10
	9
	16
	10
	22
	11
	17
	12
	39
	13
	40
	14
	35
	15
	18


	0
	29
	1
	18
	2
	10
	3
	45
	4
	42
	5
	10
	6
	5
	7
	16
	8
	6
	9
	33
	10
	40
	11
	21
	12
	12
	13
	35
	14
	18
	15
	22


	0
	21
	1
	11
	2
	29
	3
	26
	4
	41
	5
	22
	6
	33
	7
	10
	8
	6
	9
	5
	10
	42
	11
	16
	12
	47
	13
	27
	14
	41
	15
	15


	0
	21
	1
	19
	2
	7
	3
	34
	4
	31
	5
	18
	6
	17
	7
	35
	8
	41
	9
	14
	10
	6
	11
	8
	12
	23
	13
	33
	14
	23
	15
	22


	0
	5
	1
	19
	2
	35
	3
	17
	4
	24
	5
	27
	6
	38
	7
	45
	8
	37
	9
	41
	10
	6
	11
	23
	12
	31
	13
	33
	14
	25
	15
	13


	0
	29
	1
	16
	2
	6
	3
	8
	4
	25
	5
	20
	6
	8
	7
	9
	8
	12
	9
	40
	10
	45
	11
	7
	12
	36
	13
	42
	14
	28
	15
	41


	0
	22
	1
	49
	2
	36
	3
	19
	4
	16
	5
	24
	6
	44
	7
	20
	8
	42
	9
	46
	10
	14
	11
	30
	12
	34
	13
	23
	14
	30
	15
	18


	0
	13
	1
	47
	2
	49
	3
	38
	4
	33
	5
	13
	6
	25
	7
	11
	8
	29
	9
	44
	10
	22
	11
	21
	12
	49
	13
	49
	14
	28
	15
	21


	0
	30
	1
	28
	2
	45
	3
	31
	4
	19
	5
	45
	6
	45
	7
	15
	8
	14
	9
	24
	10
	25
	11
	16
	12
	31
	13
	14
	14
	43
	15
	31


	0
	32
	1
	10
	2
	41
	3
	40
	4
	24
	5
	45
	6
	11
	7
	41
	8
	31
	9
	36
	10
	8
	11
	11
	12
	37
	13
	30
	14
	44
	15
	18


	0
	36
	1
	47
	2
	49
	3
	36
	4
	25
	5
	12
	6
	16
	7
	12
	8
	9
	9
	10
	10
	25
	11
	45
	12
	44
	13
	39
	14
	37
	15
	40


	0
	19
	1
	28
	2
	23
	3
	23
	4
	25
	5
	41
	6
	14
	7
	9
	8
	44
	9
	30
	10
	49
	11
	10
	12
	8
	13
	47
	14
	49
	15
	38


	0
	24
	1
	49
	2
	20
	3
	16
	4
	31
	5
	44
	6
	17
	7
	20
	8
	44
	9
	17
	10
	38
	11
	39
	12
	27
	13
	32
	14
	11
	15
	20


	0
	22
	1
	41
	2
	41
	3
	20
	4
	23
	5
	17
	6
	45
	7
	33
	8
	44
	9
	23
	10
	6
	11
	40
	12
	8
	13
	46
	14
	47
	15
	38


	0
	9
	1
	29
	2
	21
	3
	18
	4
	11
	5
	42
	6
	49
	7
	42
	8
	20
	9
	21
	10
	20
	11
	13
	12
	29
	13
	12
	14
	21
	15
	24


	0
	35
	1
	23
	2
	31
	3
	14
	4
	32
	5
	17
	6
	10
	7
	34
	8
	44
	9
	45
	10
	32
	11
	11
	12
	32
	13
	24
	14
	15
	15
	24

