60
16
2

	0
	15
	1
	43
	2
	8
	3
	34
	4
	9
	5
	5
	6
	24
	7
	6
	8
	33
	9
	35
	10
	42
	11
	36
	12
	16
	13
	14
	14
	7
	15
	46


	0
	25
	1
	31
	2
	19
	3
	13
	4
	19
	5
	10
	6
	9
	7
	12
	8
	33
	9
	12
	10
	47
	11
	12
	12
	48
	13
	40
	14
	24
	15
	28


	0
	9
	1
	37
	2
	38
	3
	19
	4
	42
	5
	38
	6
	11
	7
	45
	8
	6
	9
	42
	10
	12
	11
	23
	12
	43
	13
	23
	14
	49
	15
	45


	0
	22
	1
	41
	2
	20
	3
	7
	4
	14
	5
	36
	6
	30
	7
	12
	8
	15
	9
	37
	10
	8
	11
	10
	12
	41
	13
	18
	14
	9
	15
	22


	0
	41
	1
	30
	2
	41
	3
	8
	4
	26
	5
	15
	6
	26
	7
	28
	8
	5
	9
	6
	10
	25
	11
	25
	12
	42
	13
	11
	14
	10
	15
	37


	0
	26
	1
	32
	2
	27
	3
	26
	4
	25
	5
	43
	6
	44
	7
	45
	8
	35
	9
	30
	10
	31
	11
	12
	12
	35
	13
	45
	14
	7
	15
	35


	0
	39
	1
	6
	2
	45
	3
	44
	4
	30
	5
	19
	6
	30
	7
	23
	8
	38
	9
	24
	10
	14
	11
	34
	12
	31
	13
	18
	14
	42
	15
	18


	0
	47
	1
	17
	2
	27
	3
	25
	4
	5
	5
	34
	6
	11
	7
	25
	8
	21
	9
	5
	10
	45
	11
	39
	12
	26
	13
	39
	14
	41
	15
	8


	0
	16
	1
	18
	2
	38
	3
	7
	4
	16
	5
	12
	6
	46
	7
	39
	8
	24
	9
	49
	10
	7
	11
	40
	12
	25
	13
	22
	14
	24
	15
	5


	0
	15
	1
	44
	2
	5
	3
	44
	4
	19
	5
	49
	6
	36
	7
	32
	8
	22
	9
	29
	10
	14
	11
	39
	12
	23
	13
	6
	14
	24
	15
	40


	0
	24
	1
	37
	2
	34
	3
	42
	4
	24
	5
	21
	6
	21
	7
	47
	8
	48
	9
	46
	10
	49
	11
	49
	12
	45
	13
	39
	14
	38
	15
	48


	0
	30
	1
	30
	2
	42
	3
	9
	4
	44
	5
	9
	6
	22
	7
	31
	8
	19
	9
	12
	10
	46
	11
	45
	12
	25
	13
	22
	14
	38
	15
	10


	0
	23
	1
	33
	2
	17
	3
	48
	4
	42
	5
	20
	6
	42
	7
	19
	8
	8
	9
	48
	10
	19
	11
	31
	12
	40
	13
	31
	14
	29
	15
	19


	0
	10
	1
	44
	2
	11
	3
	33
	4
	35
	5
	43
	6
	36
	7
	28
	8
	35
	9
	7
	10
	29
	11
	32
	12
	33
	13
	16
	14
	8
	15
	26


	0
	31
	1
	8
	2
	45
	3
	17
	4
	46
	5
	15
	6
	34
	7
	36
	8
	15
	9
	9
	10
	24
	11
	25
	12
	26
	13
	40
	14
	9
	15
	35


	0
	5
	1
	27
	2
	29
	3
	25
	4
	30
	5
	29
	6
	49
	7
	24
	8
	8
	9
	22
	10
	48
	11
	24
	12
	36
	13
	6
	14
	7
	15
	10


	0
	18
	1
	9
	2
	27
	3
	11
	4
	48
	5
	11
	6
	6
	7
	8
	8
	30
	9
	44
	10
	40
	11
	7
	12
	16
	13
	5
	14
	43
	15
	21


	0
	18
	1
	26
	2
	10
	3
	17
	4
	48
	5
	37
	6
	34
	7
	8
	8
	17
	9
	49
	10
	19
	11
	5
	12
	14
	13
	26
	14
	20
	15
	39


	0
	13
	1
	6
	2
	41
	3
	47
	4
	33
	5
	29
	6
	9
	7
	40
	8
	45
	9
	22
	10
	40
	11
	43
	12
	34
	13
	20
	14
	23
	15
	47


	0
	41
	1
	42
	2
	28
	3
	43
	4
	24
	5
	11
	6
	14
	7
	26
	8
	8
	9
	38
	10
	32
	11
	18
	12
	18
	13
	19
	14
	13
	15
	43


	0
	32
	1
	16
	2
	32
	3
	26
	4
	9
	5
	45
	6
	29
	7
	27
	8
	45
	9
	47
	10
	20
	11
	7
	12
	35
	13
	11
	14
	39
	15
	7


	0
	26
	1
	10
	2
	16
	3
	21
	4
	38
	5
	45
	6
	21
	7
	15
	8
	10
	9
	41
	10
	47
	11
	40
	12
	15
	13
	13
	14
	44
	15
	8


	0
	14
	1
	5
	2
	40
	3
	16
	4
	14
	5
	26
	6
	49
	7
	40
	8
	49
	9
	48
	10
	48
	11
	21
	12
	25
	13
	11
	14
	6
	15
	41


	0
	7
	1
	44
	2
	10
	3
	49
	4
	6
	5
	24
	6
	32
	7
	48
	8
	41
	9
	23
	10
	33
	11
	40
	12
	21
	13
	19
	14
	33
	15
	10


	0
	49
	1
	42
	2
	37
	3
	48
	4
	29
	5
	48
	6
	22
	7
	36
	8
	29
	9
	7
	10
	21
	11
	33
	12
	11
	13
	7
	14
	37
	15
	15


	0
	21
	1
	20
	2
	24
	3
	17
	4
	34
	5
	49
	6
	47
	7
	26
	8
	40
	9
	22
	10
	18
	11
	7
	12
	37
	13
	28
	14
	45
	15
	17


	0
	17
	1
	32
	2
	41
	3
	37
	4
	44
	5
	19
	6
	42
	7
	32
	8
	13
	9
	27
	10
	37
	11
	49
	12
	34
	13
	10
	14
	27
	15
	38


	0
	34
	1
	23
	2
	32
	3
	14
	4
	46
	5
	36
	6
	26
	7
	13
	8
	12
	9
	26
	10
	41
	11
	27
	12
	42
	13
	35
	14
	49
	15
	35


	0
	25
	1
	31
	2
	7
	3
	20
	4
	19
	5
	44
	6
	17
	7
	49
	8
	34
	9
	26
	10
	36
	11
	35
	12
	35
	13
	22
	14
	14
	15
	19


	0
	41
	1
	48
	2
	10
	3
	31
	4
	8
	5
	20
	6
	20
	7
	48
	8
	29
	9
	7
	10
	47
	11
	34
	12
	33
	13
	17
	14
	35
	15
	49


	0
	15
	1
	34
	2
	10
	3
	35
	4
	34
	5
	31
	6
	45
	7
	25
	8
	27
	9
	29
	10
	25
	11
	31
	12
	34
	13
	48
	14
	5
	15
	31


	0
	5
	1
	8
	2
	41
	3
	49
	4
	35
	5
	20
	6
	19
	7
	5
	8
	43
	9
	48
	10
	24
	11
	35
	12
	5
	13
	24
	14
	24
	15
	11


	0
	35
	1
	36
	2
	36
	3
	9
	4
	31
	5
	34
	6
	11
	7
	24
	8
	35
	9
	23
	10
	10
	11
	14
	12
	28
	13
	23
	14
	29
	15
	11


	0
	35
	1
	19
	2
	13
	3
	42
	4
	35
	5
	49
	6
	20
	7
	48
	8
	23
	9
	33
	10
	32
	11
	28
	12
	10
	13
	16
	14
	47
	15
	6


	0
	48
	1
	26
	2
	44
	3
	47
	4
	40
	5
	29
	6
	6
	7
	48
	8
	17
	9
	12
	10
	11
	11
	8
	12
	15
	13
	42
	14
	16
	15
	5


	0
	12
	1
	25
	2
	21
	3
	45
	4
	5
	5
	25
	6
	26
	7
	10
	8
	45
	9
	18
	10
	29
	11
	11
	12
	32
	13
	22
	14
	20
	15
	24


	0
	20
	1
	16
	2
	43
	3
	42
	4
	11
	5
	41
	6
	9
	7
	30
	8
	41
	9
	40
	10
	17
	11
	17
	12
	27
	13
	32
	14
	7
	15
	25


	0
	27
	1
	14
	2
	11
	3
	22
	4
	49
	5
	34
	6
	46
	7
	35
	8
	43
	9
	18
	10
	7
	11
	44
	12
	12
	13
	18
	14
	49
	15
	16


	0
	5
	1
	47
	2
	12
	3
	34
	4
	38
	5
	38
	6
	5
	7
	5
	8
	45
	9
	10
	10
	17
	11
	37
	12
	33
	13
	22
	14
	23
	15
	44


	0
	38
	1
	6
	2
	8
	3
	22
	4
	10
	5
	39
	6
	24
	7
	28
	8
	35
	9
	10
	10
	34
	11
	10
	12
	49
	13
	24
	14
	17
	15
	5


	0
	25
	1
	25
	2
	33
	3
	34
	4
	20
	5
	44
	6
	46
	7
	23
	8
	26
	9
	42
	10
	30
	11
	38
	12
	44
	13
	44
	14
	21
	15
	9


	0
	25
	1
	12
	2
	41
	3
	33
	4
	26
	5
	22
	6
	5
	7
	12
	8
	17
	9
	25
	10
	41
	11
	33
	12
	47
	13
	26
	14
	22
	15
	17


	0
	25
	1
	23
	2
	26
	3
	19
	4
	17
	5
	16
	6
	41
	7
	43
	8
	28
	9
	44
	10
	28
	11
	9
	12
	40
	13
	23
	14
	5
	15
	5


	0
	39
	1
	30
	2
	15
	3
	42
	4
	46
	5
	30
	6
	27
	7
	22
	8
	32
	9
	44
	10
	26
	11
	15
	12
	42
	13
	22
	14
	41
	15
	40


	0
	43
	1
	15
	2
	24
	3
	27
	4
	42
	5
	6
	6
	28
	7
	12
	8
	43
	9
	25
	10
	5
	11
	43
	12
	19
	13
	14
	14
	6
	15
	34


	0
	9
	1
	5
	2
	29
	3
	19
	4
	37
	5
	45
	6
	31
	7
	48
	8
	46
	9
	42
	10
	32
	11
	33
	12
	23
	13
	27
	14
	14
	15
	45


	0
	40
	1
	36
	2
	29
	3
	38
	4
	44
	5
	32
	6
	31
	7
	44
	8
	36
	9
	22
	10
	30
	11
	32
	12
	38
	13
	47
	14
	32
	15
	37


	0
	5
	1
	38
	2
	11
	3
	44
	4
	33
	5
	8
	6
	29
	7
	46
	8
	41
	9
	31
	10
	42
	11
	45
	12
	34
	13
	9
	14
	47
	15
	32


	0
	6
	1
	47
	2
	12
	3
	27
	4
	10
	5
	34
	6
	5
	7
	8
	8
	14
	9
	6
	10
	5
	11
	17
	12
	16
	13
	21
	14
	9
	15
	49


	0
	17
	1
	8
	2
	30
	3
	33
	4
	20
	5
	15
	6
	21
	7
	12
	8
	7
	9
	36
	10
	13
	11
	49
	12
	29
	13
	9
	14
	7
	15
	34


	0
	11
	1
	22
	2
	42
	3
	10
	4
	48
	5
	8
	6
	41
	7
	13
	8
	21
	9
	45
	10
	14
	11
	7
	12
	34
	13
	40
	14
	21
	15
	15


	0
	49
	1
	47
	2
	39
	3
	9
	4
	48
	5
	38
	6
	20
	7
	33
	8
	30
	9
	18
	10
	46
	11
	39
	12
	49
	13
	24
	14
	23
	15
	42


	0
	6
	1
	19
	2
	14
	3
	16
	4
	42
	5
	8
	6
	48
	7
	32
	8
	46
	9
	35
	10
	16
	11
	7
	12
	35
	13
	18
	14
	11
	15
	34


	0
	36
	1
	49
	2
	40
	3
	18
	4
	45
	5
	7
	6
	31
	7
	48
	8
	45
	9
	20
	10
	10
	11
	30
	12
	27
	13
	26
	14
	30
	15
	26


	0
	48
	1
	8
	2
	25
	3
	6
	4
	21
	5
	5
	6
	40
	7
	5
	8
	12
	9
	15
	10
	49
	11
	24
	12
	29
	13
	39
	14
	41
	15
	49


	0
	43
	1
	43
	2
	24
	3
	30
	4
	27
	5
	39
	6
	40
	7
	37
	8
	13
	9
	8
	10
	47
	11
	44
	12
	20
	13
	22
	14
	31
	15
	33


	0
	35
	1
	9
	2
	35
	3
	23
	4
	20
	5
	35
	6
	36
	7
	36
	8
	14
	9
	16
	10
	34
	11
	23
	12
	27
	13
	48
	14
	32
	15
	35


	0
	21
	1
	34
	2
	42
	3
	36
	4
	35
	5
	19
	6
	46
	7
	32
	8
	43
	9
	25
	10
	46
	11
	25
	12
	17
	13
	6
	14
	45
	15
	8


	0
	23
	1
	13
	2
	21
	3
	44
	4
	18
	5
	44
	6
	20
	7
	40
	8
	12
	9
	40
	10
	29
	11
	31
	12
	21
	13
	45
	14
	26
	15
	44


	0
	16
	1
	13
	2
	7
	3
	15
	4
	37
	5
	40
	6
	41
	7
	10
	8
	17
	9
	18
	10
	16
	11
	14
	12
	25
	13
	33
	14
	8
	15
	23

