60
4
3

	0
	28
	1
	19
	2
	18
	3
	10


	0
	12
	1
	48
	2
	12
	3
	9


	0
	48
	1
	35
	2
	27
	3
	32


	0
	32
	1
	17
	2
	20
	3
	17


	0
	32
	1
	16
	2
	5
	3
	40


	0
	15
	1
	44
	2
	6
	3
	29


	0
	45
	1
	35
	2
	42
	3
	32


	0
	9
	1
	43
	2
	24
	3
	43


	0
	25
	1
	34
	2
	38
	3
	23


	0
	12
	1
	45
	2
	32
	3
	39


	0
	35
	1
	22
	2
	19
	3
	8


	0
	20
	1
	27
	2
	30
	3
	17


	0
	42
	1
	29
	2
	39
	3
	43


	0
	46
	1
	28
	2
	24
	3
	5


	0
	6
	1
	8
	2
	17
	3
	28


	0
	21
	1
	7
	2
	5
	3
	25


	0
	19
	1
	17
	2
	22
	3
	26


	0
	42
	1
	45
	2
	10
	3
	23


	0
	35
	1
	5
	2
	9
	3
	45


	0
	18
	1
	14
	2
	49
	3
	8


	0
	40
	1
	38
	2
	31
	3
	7


	0
	11
	1
	24
	2
	46
	3
	42


	0
	43
	1
	45
	2
	23
	3
	37


	0
	8
	1
	26
	2
	13
	3
	17


	0
	10
	1
	30
	2
	47
	3
	5


	0
	34
	1
	15
	2
	9
	3
	41


	0
	23
	1
	19
	2
	47
	3
	49


	0
	40
	1
	19
	2
	8
	3
	15


	0
	21
	1
	31
	2
	14
	3
	22


	0
	43
	1
	15
	2
	12
	3
	41


	0
	39
	1
	17
	2
	27
	3
	23


	0
	31
	1
	13
	2
	13
	3
	5


	0
	32
	1
	8
	2
	48
	3
	36


	0
	22
	1
	40
	2
	36
	3
	5


	0
	8
	1
	40
	2
	5
	3
	11


	0
	40
	1
	21
	2
	11
	3
	29


	0
	14
	1
	17
	2
	5
	3
	41


	0
	39
	1
	20
	2
	48
	3
	30


	0
	41
	1
	19
	2
	49
	3
	43


	0
	9
	1
	12
	2
	46
	3
	47


	0
	22
	1
	36
	2
	35
	3
	27


	0
	41
	1
	9
	2
	13
	3
	22


	0
	25
	1
	7
	2
	35
	3
	28


	0
	14
	1
	39
	2
	46
	3
	5


	0
	32
	1
	36
	2
	6
	3
	30


	0
	42
	1
	38
	2
	27
	3
	36


	0
	38
	1
	28
	2
	12
	3
	16


	0
	48
	1
	18
	2
	23
	3
	22


	0
	22
	1
	27
	2
	16
	3
	12


	0
	35
	1
	38
	2
	48
	3
	15


	0
	28
	1
	28
	2
	37
	3
	20


	0
	38
	1
	38
	2
	21
	3
	25


	0
	41
	1
	32
	2
	9
	3
	21


	0
	18
	1
	48
	2
	21
	3
	8


	0
	17
	1
	16
	2
	29
	3
	35


	0
	9
	1
	37
	2
	15
	3
	42


	0
	46
	1
	28
	2
	13
	3
	40


	0
	18
	1
	42
	2
	41
	3
	28


	0
	15
	1
	29
	2
	6
	3
	29


	0
	42
	1
	37
	2
	26
	3
	5

