60
16
5

	0
	10
	1
	35
	2
	46
	3
	42
	4
	30
	5
	38
	6
	24
	7
	12
	8
	13
	9
	18
	10
	6
	11
	5
	12
	30
	13
	44
	14
	41
	15
	27


	0
	45
	1
	41
	2
	35
	3
	29
	4
	32
	5
	30
	6
	42
	7
	22
	8
	33
	9
	18
	10
	45
	11
	16
	12
	40
	13
	9
	14
	34
	15
	25


	0
	20
	1
	9
	2
	40
	3
	49
	4
	7
	5
	34
	6
	41
	7
	42
	8
	11
	9
	9
	10
	48
	11
	19
	12
	38
	13
	13
	14
	33
	15
	36


	0
	49
	1
	29
	2
	19
	3
	25
	4
	18
	5
	23
	6
	46
	7
	9
	8
	24
	9
	46
	10
	6
	11
	30
	12
	12
	13
	17
	14
	14
	15
	13


	0
	32
	1
	9
	2
	46
	3
	45
	4
	16
	5
	38
	6
	11
	7
	7
	8
	46
	9
	26
	10
	27
	11
	17
	12
	35
	13
	11
	14
	23
	15
	16


	0
	28
	1
	19
	2
	34
	3
	43
	4
	21
	5
	17
	6
	46
	7
	47
	8
	16
	9
	16
	10
	33
	11
	42
	12
	49
	13
	21
	14
	8
	15
	8


	0
	20
	1
	8
	2
	8
	3
	22
	4
	10
	5
	44
	6
	18
	7
	21
	8
	42
	9
	12
	10
	5
	11
	37
	12
	32
	13
	32
	14
	7
	15
	18


	0
	19
	1
	21
	2
	17
	3
	40
	4
	37
	5
	23
	6
	13
	7
	6
	8
	6
	9
	18
	10
	7
	11
	23
	12
	43
	13
	27
	14
	36
	15
	22


	0
	42
	1
	36
	2
	38
	3
	34
	4
	25
	5
	16
	6
	17
	7
	13
	8
	10
	9
	40
	10
	11
	11
	10
	12
	38
	13
	11
	14
	13
	15
	49


	0
	16
	1
	12
	2
	25
	3
	10
	4
	7
	5
	6
	6
	47
	7
	5
	8
	41
	9
	44
	10
	40
	11
	49
	12
	26
	13
	28
	14
	17
	15
	5


	0
	37
	1
	36
	2
	13
	3
	45
	4
	30
	5
	24
	6
	17
	7
	27
	8
	44
	9
	16
	10
	10
	11
	10
	12
	6
	13
	26
	14
	23
	15
	29


	0
	19
	1
	26
	2
	33
	3
	17
	4
	25
	5
	24
	6
	44
	7
	16
	8
	33
	9
	35
	10
	34
	11
	27
	12
	43
	13
	16
	14
	12
	15
	22


	0
	23
	1
	9
	2
	18
	3
	9
	4
	32
	5
	39
	6
	38
	7
	45
	8
	28
	9
	5
	10
	43
	11
	30
	12
	46
	13
	17
	14
	29
	15
	8


	0
	41
	1
	10
	2
	22
	3
	37
	4
	14
	5
	20
	6
	44
	7
	47
	8
	48
	9
	9
	10
	39
	11
	24
	12
	23
	13
	23
	14
	21
	15
	6


	0
	29
	1
	17
	2
	12
	3
	47
	4
	34
	5
	28
	6
	27
	7
	14
	8
	27
	9
	26
	10
	6
	11
	29
	12
	45
	13
	25
	14
	7
	15
	15


	0
	32
	1
	29
	2
	33
	3
	28
	4
	47
	5
	14
	6
	8
	7
	47
	8
	48
	9
	18
	10
	32
	11
	46
	12
	28
	13
	41
	14
	46
	15
	5


	0
	7
	1
	48
	2
	49
	3
	47
	4
	16
	5
	28
	6
	27
	7
	25
	8
	5
	9
	26
	10
	13
	11
	35
	12
	11
	13
	45
	14
	9
	15
	29


	0
	21
	1
	38
	2
	28
	3
	14
	4
	18
	5
	25
	6
	34
	7
	43
	8
	44
	9
	19
	10
	33
	11
	16
	12
	41
	13
	40
	14
	9
	15
	5


	0
	21
	1
	36
	2
	20
	3
	15
	4
	5
	5
	30
	6
	42
	7
	42
	8
	5
	9
	47
	10
	19
	11
	10
	12
	27
	13
	43
	14
	28
	15
	16


	0
	13
	1
	48
	2
	18
	3
	39
	4
	35
	5
	43
	6
	21
	7
	9
	8
	9
	9
	21
	10
	36
	11
	49
	12
	28
	13
	46
	14
	30
	15
	31


	0
	39
	1
	37
	2
	44
	3
	30
	4
	6
	5
	49
	6
	17
	7
	12
	8
	10
	9
	12
	10
	41
	11
	9
	12
	29
	13
	13
	14
	49
	15
	12


	0
	19
	1
	41
	2
	40
	3
	12
	4
	8
	5
	28
	6
	7
	7
	45
	8
	28
	9
	19
	10
	39
	11
	26
	12
	38
	13
	28
	14
	38
	15
	22


	0
	14
	1
	16
	2
	32
	3
	6
	4
	18
	5
	9
	6
	13
	7
	37
	8
	34
	9
	40
	10
	46
	11
	29
	12
	36
	13
	5
	14
	5
	15
	8


	0
	28
	1
	32
	2
	42
	3
	34
	4
	24
	5
	47
	6
	48
	7
	9
	8
	27
	9
	8
	10
	21
	11
	16
	12
	7
	13
	12
	14
	8
	15
	20


	0
	15
	1
	7
	2
	7
	3
	34
	4
	25
	5
	30
	6
	5
	7
	46
	8
	47
	9
	16
	10
	19
	11
	9
	12
	8
	13
	44
	14
	44
	15
	31


	0
	33
	1
	26
	2
	39
	3
	47
	4
	49
	5
	20
	6
	14
	7
	29
	8
	32
	9
	28
	10
	45
	11
	14
	12
	17
	13
	36
	14
	43
	15
	21


	0
	27
	1
	44
	2
	26
	3
	44
	4
	44
	5
	14
	6
	39
	7
	49
	8
	45
	9
	8
	10
	16
	11
	10
	12
	26
	13
	16
	14
	14
	15
	30


	0
	34
	1
	43
	2
	36
	3
	28
	4
	21
	5
	38
	6
	35
	7
	17
	8
	9
	9
	13
	10
	21
	11
	5
	12
	13
	13
	35
	14
	24
	15
	41


	0
	16
	1
	39
	2
	45
	3
	30
	4
	48
	5
	31
	6
	41
	7
	24
	8
	5
	9
	44
	10
	28
	11
	28
	12
	37
	13
	49
	14
	46
	15
	22


	0
	8
	1
	48
	2
	24
	3
	47
	4
	31
	5
	44
	6
	46
	7
	38
	8
	24
	9
	35
	10
	40
	11
	11
	12
	19
	13
	41
	14
	29
	15
	13


	0
	22
	1
	42
	2
	43
	3
	23
	4
	33
	5
	33
	6
	12
	7
	43
	8
	48
	9
	41
	10
	7
	11
	30
	12
	6
	13
	7
	14
	26
	15
	28


	0
	27
	1
	22
	2
	36
	3
	7
	4
	25
	5
	25
	6
	27
	7
	42
	8
	30
	9
	14
	10
	27
	11
	5
	12
	43
	13
	21
	14
	31
	15
	33


	0
	37
	1
	12
	2
	12
	3
	42
	4
	18
	5
	15
	6
	33
	7
	30
	8
	32
	9
	13
	10
	7
	11
	32
	12
	39
	13
	7
	14
	46
	15
	23


	0
	25
	1
	14
	2
	48
	3
	42
	4
	28
	5
	37
	6
	10
	7
	49
	8
	43
	9
	21
	10
	47
	11
	29
	12
	8
	13
	12
	14
	29
	15
	8


	0
	27
	1
	6
	2
	7
	3
	11
	4
	39
	5
	15
	6
	21
	7
	31
	8
	49
	9
	22
	10
	9
	11
	49
	12
	27
	13
	24
	14
	12
	15
	26


	0
	24
	1
	38
	2
	18
	3
	32
	4
	5
	5
	29
	6
	8
	7
	36
	8
	11
	9
	45
	10
	19
	11
	22
	12
	20
	13
	41
	14
	19
	15
	37


	0
	17
	1
	6
	2
	32
	3
	5
	4
	43
	5
	6
	6
	6
	7
	33
	8
	37
	9
	12
	10
	36
	11
	5
	12
	49
	13
	16
	14
	45
	15
	32


	0
	36
	1
	23
	2
	29
	3
	46
	4
	12
	5
	6
	6
	39
	7
	16
	8
	35
	9
	14
	10
	12
	11
	16
	12
	26
	13
	14
	14
	12
	15
	18


	0
	43
	1
	47
	2
	19
	3
	12
	4
	48
	5
	39
	6
	20
	7
	22
	8
	22
	9
	32
	10
	37
	11
	24
	12
	38
	13
	21
	14
	34
	15
	16


	0
	38
	1
	41
	2
	25
	3
	42
	4
	33
	5
	31
	6
	33
	7
	28
	8
	5
	9
	30
	10
	26
	11
	14
	12
	32
	13
	10
	14
	41
	15
	38


	0
	40
	1
	44
	2
	48
	3
	15
	4
	22
	5
	21
	6
	18
	7
	10
	8
	12
	9
	5
	10
	44
	11
	41
	12
	36
	13
	19
	14
	24
	15
	16


	0
	15
	1
	45
	2
	21
	3
	42
	4
	13
	5
	24
	6
	41
	7
	49
	8
	46
	9
	38
	10
	10
	11
	15
	12
	30
	13
	46
	14
	47
	15
	44


	0
	41
	1
	18
	2
	34
	3
	22
	4
	31
	5
	27
	6
	9
	7
	37
	8
	33
	9
	45
	10
	11
	11
	36
	12
	37
	13
	26
	14
	25
	15
	37


	0
	40
	1
	40
	2
	26
	3
	47
	4
	42
	5
	34
	6
	8
	7
	21
	8
	21
	9
	20
	10
	28
	11
	18
	12
	21
	13
	8
	14
	32
	15
	15


	0
	7
	1
	27
	2
	32
	3
	25
	4
	12
	5
	30
	6
	13
	7
	47
	8
	37
	9
	48
	10
	25
	11
	6
	12
	36
	13
	9
	14
	9
	15
	27


	0
	21
	1
	18
	2
	31
	3
	14
	4
	47
	5
	7
	6
	8
	7
	22
	8
	44
	9
	40
	10
	23
	11
	33
	12
	32
	13
	19
	14
	13
	15
	23


	0
	32
	1
	31
	2
	17
	3
	6
	4
	28
	5
	38
	6
	23
	7
	25
	8
	39
	9
	7
	10
	34
	11
	49
	12
	43
	13
	42
	14
	46
	15
	27


	0
	34
	1
	36
	2
	20
	3
	30
	4
	15
	5
	12
	6
	11
	7
	19
	8
	39
	9
	14
	10
	26
	11
	28
	12
	11
	13
	31
	14
	46
	15
	13


	0
	48
	1
	14
	2
	26
	3
	40
	4
	35
	5
	41
	6
	42
	7
	22
	8
	44
	9
	38
	10
	49
	11
	38
	12
	17
	13
	26
	14
	49
	15
	5


	0
	30
	1
	11
	2
	15
	3
	13
	4
	16
	5
	19
	6
	32
	7
	36
	8
	47
	9
	30
	10
	45
	11
	8
	12
	17
	13
	10
	14
	15
	15
	39


	0
	41
	1
	20
	2
	20
	3
	35
	4
	11
	5
	41
	6
	17
	7
	6
	8
	9
	9
	20
	10
	46
	11
	8
	12
	45
	13
	13
	14
	23
	15
	18


	0
	8
	1
	40
	2
	19
	3
	16
	4
	19
	5
	31
	6
	47
	7
	43
	8
	24
	9
	25
	10
	36
	11
	14
	12
	41
	13
	23
	14
	27
	15
	21


	0
	12
	1
	48
	2
	11
	3
	41
	4
	47
	5
	41
	6
	39
	7
	39
	8
	11
	9
	40
	10
	11
	11
	47
	12
	14
	13
	17
	14
	47
	15
	19


	0
	28
	1
	16
	2
	40
	3
	21
	4
	28
	5
	31
	6
	9
	7
	9
	8
	30
	9
	12
	10
	6
	11
	46
	12
	6
	13
	14
	14
	31
	15
	30


	0
	16
	1
	22
	2
	17
	3
	47
	4
	47
	5
	14
	6
	33
	7
	26
	8
	7
	9
	45
	10
	41
	11
	13
	12
	45
	13
	24
	14
	34
	15
	47


	0
	41
	1
	7
	2
	40
	3
	26
	4
	36
	5
	16
	6
	20
	7
	13
	8
	29
	9
	43
	10
	13
	11
	8
	12
	20
	13
	26
	14
	36
	15
	13


	0
	28
	1
	9
	2
	20
	3
	13
	4
	10
	5
	31
	6
	12
	7
	19
	8
	24
	9
	10
	10
	44
	11
	21
	12
	41
	13
	24
	14
	46
	15
	19


	0
	25
	1
	11
	2
	10
	3
	16
	4
	13
	5
	23
	6
	31
	7
	43
	8
	31
	9
	35
	10
	26
	11
	10
	12
	30
	13
	19
	14
	40
	15
	25


	0
	37
	1
	10
	2
	36
	3
	48
	4
	28
	5
	6
	6
	19
	7
	24
	8
	46
	9
	33
	10
	39
	11
	9
	12
	42
	13
	26
	14
	41
	15
	47


	0
	37
	1
	37
	2
	33
	3
	24
	4
	36
	5
	19
	6
	11
	7
	25
	8
	27
	9
	45
	10
	12
	11
	10
	12
	33
	13
	30
	14
	38
	15
	40

