60
16
2

	0
	11
	1
	27
	2
	34
	3
	19
	4
	22
	5
	11
	6
	44
	7
	25
	8
	31
	9
	9
	10
	16
	11
	26
	12
	11
	13
	39
	14
	32
	15
	13


	0
	20
	1
	17
	2
	23
	3
	10
	4
	21
	5
	26
	6
	49
	7
	31
	8
	28
	9
	40
	10
	6
	11
	31
	12
	32
	13
	39
	14
	25
	15
	43


	0
	21
	1
	30
	2
	28
	3
	23
	4
	48
	5
	38
	6
	23
	7
	38
	8
	6
	9
	23
	10
	12
	11
	34
	12
	18
	13
	49
	14
	6
	15
	23


	0
	37
	1
	44
	2
	43
	3
	5
	4
	22
	5
	21
	6
	33
	7
	44
	8
	6
	9
	21
	10
	48
	11
	29
	12
	5
	13
	33
	14
	29
	15
	42


	0
	11
	1
	19
	2
	6
	3
	24
	4
	25
	5
	25
	6
	31
	7
	17
	8
	20
	9
	41
	10
	39
	11
	32
	12
	21
	13
	39
	14
	21
	15
	32


	0
	32
	1
	33
	2
	12
	3
	20
	4
	29
	5
	29
	6
	10
	7
	31
	8
	12
	9
	26
	10
	48
	11
	35
	12
	29
	13
	26
	14
	46
	15
	49


	0
	34
	1
	35
	2
	16
	3
	13
	4
	7
	5
	37
	6
	41
	7
	34
	8
	10
	9
	45
	10
	40
	11
	44
	12
	18
	13
	45
	14
	5
	15
	20


	0
	32
	1
	16
	2
	29
	3
	40
	4
	40
	5
	49
	6
	9
	7
	37
	8
	40
	9
	20
	10
	33
	11
	37
	12
	30
	13
	8
	14
	38
	15
	25


	0
	21
	1
	25
	2
	30
	3
	46
	4
	12
	5
	13
	6
	23
	7
	9
	8
	22
	9
	33
	10
	38
	11
	8
	12
	32
	13
	16
	14
	10
	15
	15


	0
	29
	1
	33
	2
	46
	3
	24
	4
	42
	5
	31
	6
	16
	7
	37
	8
	24
	9
	49
	10
	31
	11
	20
	12
	9
	13
	44
	14
	49
	15
	9


	0
	48
	1
	25
	2
	13
	3
	6
	4
	30
	5
	41
	6
	25
	7
	25
	8
	18
	9
	40
	10
	5
	11
	45
	12
	43
	13
	8
	14
	32
	15
	25


	0
	34
	1
	5
	2
	9
	3
	37
	4
	33
	5
	27
	6
	35
	7
	5
	8
	27
	9
	48
	10
	23
	11
	21
	12
	35
	13
	47
	14
	27
	15
	24


	0
	34
	1
	34
	2
	10
	3
	21
	4
	5
	5
	32
	6
	31
	7
	45
	8
	7
	9
	34
	10
	14
	11
	22
	12
	45
	13
	23
	14
	16
	15
	49


	0
	5
	1
	9
	2
	11
	3
	49
	4
	32
	5
	32
	6
	7
	7
	49
	8
	38
	9
	26
	10
	20
	11
	15
	12
	6
	13
	32
	14
	41
	15
	38


	0
	19
	1
	21
	2
	22
	3
	30
	4
	41
	5
	7
	6
	11
	7
	28
	8
	22
	9
	7
	10
	20
	11
	10
	12
	5
	13
	22
	14
	31
	15
	27


	0
	32
	1
	48
	2
	29
	3
	17
	4
	19
	5
	23
	6
	31
	7
	11
	8
	20
	9
	45
	10
	47
	11
	13
	12
	18
	13
	9
	14
	25
	15
	21


	0
	35
	1
	25
	2
	11
	3
	8
	4
	27
	5
	5
	6
	31
	7
	46
	8
	32
	9
	16
	10
	28
	11
	47
	12
	26
	13
	12
	14
	20
	15
	22


	0
	44
	1
	13
	2
	47
	3
	20
	4
	29
	5
	12
	6
	23
	7
	34
	8
	21
	9
	48
	10
	24
	11
	26
	12
	30
	13
	31
	14
	9
	15
	42


	0
	16
	1
	19
	2
	43
	3
	12
	4
	30
	5
	16
	6
	45
	7
	48
	8
	17
	9
	39
	10
	23
	11
	12
	12
	45
	13
	22
	14
	45
	15
	7


	0
	20
	1
	36
	2
	10
	3
	43
	4
	30
	5
	7
	6
	30
	7
	24
	8
	28
	9
	30
	10
	40
	11
	37
	12
	27
	13
	36
	14
	45
	15
	43


	0
	18
	1
	23
	2
	34
	3
	34
	4
	8
	5
	49
	6
	41
	7
	27
	8
	8
	9
	21
	10
	30
	11
	7
	12
	12
	13
	10
	14
	40
	15
	28


	0
	43
	1
	7
	2
	14
	3
	10
	4
	12
	5
	41
	6
	27
	7
	9
	8
	28
	9
	39
	10
	46
	11
	16
	12
	32
	13
	37
	14
	11
	15
	47


	0
	34
	1
	41
	2
	12
	3
	16
	4
	10
	5
	21
	6
	32
	7
	5
	8
	41
	9
	45
	10
	46
	11
	23
	12
	31
	13
	12
	14
	27
	15
	8


	0
	26
	1
	36
	2
	5
	3
	7
	4
	30
	5
	40
	6
	28
	7
	10
	8
	31
	9
	40
	10
	32
	11
	18
	12
	17
	13
	9
	14
	27
	15
	44


	0
	12
	1
	16
	2
	48
	3
	30
	4
	25
	5
	33
	6
	36
	7
	37
	8
	15
	9
	6
	10
	45
	11
	35
	12
	15
	13
	7
	14
	6
	15
	36


	0
	39
	1
	45
	2
	30
	3
	33
	4
	10
	5
	24
	6
	44
	7
	21
	8
	33
	9
	38
	10
	6
	11
	11
	12
	21
	13
	44
	14
	28
	15
	40


	0
	16
	1
	21
	2
	10
	3
	29
	4
	23
	5
	7
	6
	12
	7
	45
	8
	19
	9
	45
	10
	36
	11
	25
	12
	5
	13
	26
	14
	19
	15
	18


	0
	14
	1
	30
	2
	18
	3
	18
	4
	15
	5
	45
	6
	30
	7
	19
	8
	32
	9
	5
	10
	10
	11
	24
	12
	35
	13
	26
	14
	19
	15
	13


	0
	18
	1
	30
	2
	7
	3
	14
	4
	9
	5
	15
	6
	27
	7
	8
	8
	45
	9
	20
	10
	13
	11
	40
	12
	28
	13
	10
	14
	14
	15
	44


	0
	28
	1
	18
	2
	47
	3
	26
	4
	41
	5
	35
	6
	46
	7
	44
	8
	47
	9
	6
	10
	6
	11
	28
	12
	40
	13
	39
	14
	27
	15
	17


	0
	8
	1
	41
	2
	11
	3
	18
	4
	30
	5
	26
	6
	26
	7
	45
	8
	20
	9
	29
	10
	16
	11
	28
	12
	14
	13
	13
	14
	10
	15
	18


	0
	40
	1
	46
	2
	13
	3
	7
	4
	40
	5
	32
	6
	22
	7
	16
	8
	7
	9
	8
	10
	11
	11
	42
	12
	43
	13
	36
	14
	7
	15
	15


	0
	21
	1
	44
	2
	8
	3
	16
	4
	28
	5
	29
	6
	6
	7
	33
	8
	36
	9
	35
	10
	14
	11
	19
	12
	17
	13
	8
	14
	12
	15
	44


	0
	40
	1
	13
	2
	30
	3
	49
	4
	43
	5
	5
	6
	12
	7
	42
	8
	36
	9
	44
	10
	38
	11
	11
	12
	6
	13
	26
	14
	25
	15
	48


	0
	37
	1
	21
	2
	14
	3
	15
	4
	21
	5
	8
	6
	22
	7
	15
	8
	7
	9
	8
	10
	22
	11
	30
	12
	20
	13
	17
	14
	14
	15
	42


	0
	32
	1
	23
	2
	46
	3
	42
	4
	10
	5
	37
	6
	48
	7
	16
	8
	6
	9
	15
	10
	8
	11
	26
	12
	44
	13
	30
	14
	11
	15
	46


	0
	15
	1
	38
	2
	30
	3
	10
	4
	20
	5
	28
	6
	19
	7
	30
	8
	42
	9
	40
	10
	32
	11
	15
	12
	19
	13
	44
	14
	7
	15
	17


	0
	17
	1
	49
	2
	22
	3
	48
	4
	33
	5
	30
	6
	32
	7
	24
	8
	21
	9
	22
	10
	42
	11
	15
	12
	45
	13
	35
	14
	43
	15
	32


	0
	49
	1
	13
	2
	39
	3
	25
	4
	16
	5
	15
	6
	5
	7
	11
	8
	35
	9
	35
	10
	34
	11
	26
	12
	23
	13
	31
	14
	5
	15
	43


	0
	47
	1
	33
	2
	35
	3
	11
	4
	24
	5
	8
	6
	27
	7
	19
	8
	43
	9
	26
	10
	37
	11
	25
	12
	29
	13
	48
	14
	45
	15
	8


	0
	29
	1
	8
	2
	18
	3
	8
	4
	47
	5
	47
	6
	7
	7
	16
	8
	36
	9
	8
	10
	48
	11
	34
	12
	46
	13
	10
	14
	19
	15
	46


	0
	49
	1
	16
	2
	5
	3
	29
	4
	48
	5
	39
	6
	20
	7
	40
	8
	46
	9
	32
	10
	9
	11
	20
	12
	38
	13
	27
	14
	17
	15
	8


	0
	35
	1
	18
	2
	31
	3
	42
	4
	44
	5
	12
	6
	14
	7
	44
	8
	34
	9
	22
	10
	33
	11
	13
	12
	23
	13
	45
	14
	41
	15
	38


	0
	40
	1
	13
	2
	29
	3
	28
	4
	33
	5
	27
	6
	23
	7
	12
	8
	10
	9
	8
	10
	41
	11
	37
	12
	18
	13
	37
	14
	38
	15
	16


	0
	19
	1
	9
	2
	32
	3
	39
	4
	8
	5
	38
	6
	15
	7
	37
	8
	20
	9
	33
	10
	47
	11
	22
	12
	46
	13
	41
	14
	20
	15
	23


	0
	35
	1
	39
	2
	13
	3
	27
	4
	15
	5
	47
	6
	14
	7
	23
	8
	44
	9
	28
	10
	42
	11
	43
	12
	28
	13
	22
	14
	49
	15
	49


	0
	33
	1
	36
	2
	9
	3
	33
	4
	34
	5
	25
	6
	45
	7
	28
	8
	8
	9
	21
	10
	16
	11
	46
	12
	30
	13
	45
	14
	21
	15
	24


	0
	11
	1
	39
	2
	36
	3
	16
	4
	47
	5
	6
	6
	9
	7
	25
	8
	33
	9
	7
	10
	49
	11
	13
	12
	38
	13
	36
	14
	13
	15
	26


	0
	15
	1
	36
	2
	34
	3
	40
	4
	19
	5
	27
	6
	6
	7
	30
	8
	14
	9
	18
	10
	19
	11
	29
	12
	30
	13
	41
	14
	36
	15
	29


	0
	47
	1
	6
	2
	19
	3
	5
	4
	9
	5
	29
	6
	9
	7
	15
	8
	31
	9
	26
	10
	14
	11
	36
	12
	7
	13
	27
	14
	21
	15
	13


	0
	38
	1
	47
	2
	26
	3
	23
	4
	21
	5
	21
	6
	46
	7
	34
	8
	31
	9
	35
	10
	10
	11
	26
	12
	32
	13
	46
	14
	41
	15
	35


	0
	28
	1
	38
	2
	24
	3
	9
	4
	8
	5
	10
	6
	12
	7
	44
	8
	13
	9
	26
	10
	41
	11
	48
	12
	19
	13
	36
	14
	27
	15
	9


	0
	11
	1
	24
	2
	32
	3
	30
	4
	9
	5
	28
	6
	5
	7
	37
	8
	32
	9
	22
	10
	37
	11
	8
	12
	35
	13
	49
	14
	40
	15
	10


	0
	38
	1
	38
	2
	30
	3
	41
	4
	46
	5
	7
	6
	42
	7
	38
	8
	13
	9
	26
	10
	28
	11
	38
	12
	32
	13
	35
	14
	44
	15
	17


	0
	29
	1
	28
	2
	47
	3
	38
	4
	20
	5
	6
	6
	15
	7
	12
	8
	7
	9
	19
	10
	40
	11
	44
	12
	41
	13
	16
	14
	30
	15
	16


	0
	42
	1
	12
	2
	37
	3
	19
	4
	24
	5
	48
	6
	35
	7
	24
	8
	38
	9
	28
	10
	47
	11
	49
	12
	40
	13
	32
	14
	12
	15
	10


	0
	36
	1
	43
	2
	40
	3
	24
	4
	48
	5
	7
	6
	26
	7
	26
	8
	43
	9
	44
	10
	39
	11
	47
	12
	28
	13
	15
	14
	7
	15
	41


	0
	7
	1
	21
	2
	9
	3
	17
	4
	21
	5
	29
	6
	36
	7
	45
	8
	5
	9
	29
	10
	33
	11
	45
	12
	17
	13
	33
	14
	8
	15
	10


	0
	10
	1
	11
	2
	26
	3
	43
	4
	11
	5
	18
	6
	41
	7
	26
	8
	11
	9
	27
	10
	5
	11
	16
	12
	17
	13
	16
	14
	17
	15
	37


	0
	41
	1
	14
	2
	43
	3
	26
	4
	43
	5
	22
	6
	30
	7
	26
	8
	37
	9
	17
	10
	17
	11
	14
	12
	16
	13
	24
	14
	32
	15
	10

