60
16
4

	0
	44
	1
	6
	2
	15
	3
	16
	4
	30
	5
	14
	6
	12
	7
	8
	8
	12
	9
	41
	10
	15
	11
	11
	12
	18
	13
	24
	14
	40
	15
	17


	0
	10
	1
	20
	2
	27
	3
	5
	4
	11
	5
	45
	6
	15
	7
	29
	8
	15
	9
	49
	10
	10
	11
	26
	12
	11
	13
	29
	14
	17
	15
	44


	0
	34
	1
	25
	2
	32
	3
	26
	4
	37
	5
	44
	6
	33
	7
	46
	8
	31
	9
	18
	10
	39
	11
	49
	12
	49
	13
	24
	14
	33
	15
	32


	0
	21
	1
	39
	2
	9
	3
	19
	4
	10
	5
	33
	6
	25
	7
	35
	8
	45
	9
	23
	10
	42
	11
	43
	12
	19
	13
	49
	14
	39
	15
	13


	0
	22
	1
	40
	2
	49
	3
	29
	4
	27
	5
	31
	6
	39
	7
	48
	8
	9
	9
	25
	10
	9
	11
	36
	12
	32
	13
	22
	14
	14
	15
	26


	0
	46
	1
	21
	2
	19
	3
	26
	4
	39
	5
	19
	6
	16
	7
	47
	8
	47
	9
	40
	10
	26
	11
	28
	12
	35
	13
	5
	14
	8
	15
	33


	0
	31
	1
	22
	2
	16
	3
	23
	4
	23
	5
	15
	6
	29
	7
	19
	8
	31
	9
	42
	10
	28
	11
	20
	12
	36
	13
	33
	14
	27
	15
	32


	0
	21
	1
	10
	2
	19
	3
	5
	4
	27
	5
	22
	6
	34
	7
	43
	8
	9
	9
	45
	10
	45
	11
	22
	12
	21
	13
	46
	14
	11
	15
	6


	0
	9
	1
	43
	2
	46
	3
	13
	4
	42
	5
	15
	6
	36
	7
	29
	8
	36
	9
	12
	10
	29
	11
	15
	12
	19
	13
	26
	14
	15
	15
	16


	0
	24
	1
	8
	2
	34
	3
	49
	4
	10
	5
	33
	6
	15
	7
	13
	8
	40
	9
	14
	10
	16
	11
	34
	12
	46
	13
	26
	14
	15
	15
	31


	0
	19
	1
	15
	2
	21
	3
	32
	4
	17
	5
	33
	6
	34
	7
	28
	8
	45
	9
	17
	10
	19
	11
	14
	12
	5
	13
	32
	14
	34
	15
	12


	0
	23
	1
	26
	2
	24
	3
	38
	4
	33
	5
	17
	6
	19
	7
	15
	8
	25
	9
	36
	10
	42
	11
	39
	12
	18
	13
	41
	14
	32
	15
	27


	0
	44
	1
	18
	2
	21
	3
	6
	4
	37
	5
	29
	6
	40
	7
	7
	8
	15
	9
	40
	10
	12
	11
	42
	12
	11
	13
	33
	14
	19
	15
	34


	0
	25
	1
	20
	2
	37
	3
	8
	4
	37
	5
	43
	6
	47
	7
	29
	8
	10
	9
	12
	10
	47
	11
	31
	12
	39
	13
	43
	14
	30
	15
	31


	0
	48
	1
	37
	2
	10
	3
	25
	4
	30
	5
	20
	6
	48
	7
	33
	8
	36
	9
	44
	10
	11
	11
	38
	12
	23
	13
	46
	14
	31
	15
	43


	0
	13
	1
	43
	2
	45
	3
	22
	4
	22
	5
	25
	6
	8
	7
	26
	8
	23
	9
	31
	10
	6
	11
	12
	12
	5
	13
	32
	14
	49
	15
	26


	0
	12
	1
	35
	2
	27
	3
	11
	4
	11
	5
	42
	6
	8
	7
	43
	8
	8
	9
	32
	10
	24
	11
	36
	12
	24
	13
	41
	14
	33
	15
	7


	0
	37
	1
	43
	2
	27
	3
	47
	4
	46
	5
	37
	6
	21
	7
	13
	8
	8
	9
	10
	10
	35
	11
	30
	12
	18
	13
	12
	14
	9
	15
	15


	0
	14
	1
	20
	2
	30
	3
	29
	4
	9
	5
	45
	6
	24
	7
	7
	8
	29
	9
	38
	10
	28
	11
	39
	12
	24
	13
	34
	14
	34
	15
	33


	0
	43
	1
	26
	2
	36
	3
	9
	4
	14
	5
	17
	6
	9
	7
	34
	8
	17
	9
	45
	10
	25
	11
	25
	12
	16
	13
	44
	14
	15
	15
	16


	0
	43
	1
	21
	2
	33
	3
	19
	4
	18
	5
	28
	6
	21
	7
	40
	8
	26
	9
	35
	10
	9
	11
	37
	12
	46
	13
	32
	14
	48
	15
	19


	0
	7
	1
	45
	2
	20
	3
	27
	4
	37
	5
	25
	6
	24
	7
	23
	8
	49
	9
	39
	10
	40
	11
	35
	12
	37
	13
	5
	14
	41
	15
	22


	0
	40
	1
	33
	2
	43
	3
	22
	4
	9
	5
	23
	6
	36
	7
	7
	8
	31
	9
	41
	10
	17
	11
	33
	12
	29
	13
	38
	14
	22
	15
	7


	0
	45
	1
	20
	2
	10
	3
	31
	4
	39
	5
	14
	6
	14
	7
	7
	8
	18
	9
	29
	10
	44
	11
	40
	12
	19
	13
	45
	14
	18
	15
	46


	0
	47
	1
	18
	2
	30
	3
	43
	4
	39
	5
	45
	6
	29
	7
	23
	8
	40
	9
	8
	10
	5
	11
	37
	12
	49
	13
	6
	14
	28
	15
	12


	0
	21
	1
	27
	2
	24
	3
	41
	4
	20
	5
	23
	6
	46
	7
	29
	8
	21
	9
	31
	10
	16
	11
	31
	12
	40
	13
	14
	14
	14
	15
	35


	0
	29
	1
	15
	2
	15
	3
	19
	4
	15
	5
	22
	6
	7
	7
	34
	8
	14
	9
	14
	10
	46
	11
	43
	12
	32
	13
	36
	14
	49
	15
	7


	0
	17
	1
	28
	2
	10
	3
	11
	4
	26
	5
	26
	6
	17
	7
	37
	8
	34
	9
	45
	10
	31
	11
	7
	12
	20
	13
	16
	14
	12
	15
	19


	0
	10
	1
	34
	2
	33
	3
	20
	4
	18
	5
	29
	6
	32
	7
	48
	8
	17
	9
	5
	10
	31
	11
	40
	12
	28
	13
	10
	14
	44
	15
	26


	0
	11
	1
	41
	2
	40
	3
	28
	4
	22
	5
	41
	6
	48
	7
	28
	8
	14
	9
	26
	10
	22
	11
	23
	12
	45
	13
	44
	14
	5
	15
	39


	0
	24
	1
	8
	2
	6
	3
	49
	4
	9
	5
	9
	6
	12
	7
	19
	8
	28
	9
	21
	10
	16
	11
	36
	12
	32
	13
	35
	14
	48
	15
	14


	0
	27
	1
	22
	2
	21
	3
	20
	4
	44
	5
	28
	6
	14
	7
	11
	8
	45
	9
	43
	10
	33
	11
	16
	12
	14
	13
	45
	14
	25
	15
	41


	0
	13
	1
	28
	2
	13
	3
	15
	4
	11
	5
	23
	6
	23
	7
	22
	8
	11
	9
	23
	10
	33
	11
	47
	12
	28
	13
	22
	14
	16
	15
	41


	0
	25
	1
	41
	2
	30
	3
	9
	4
	25
	5
	20
	6
	29
	7
	42
	8
	12
	9
	29
	10
	48
	11
	13
	12
	40
	13
	35
	14
	11
	15
	32


	0
	46
	1
	16
	2
	12
	3
	36
	4
	20
	5
	46
	6
	48
	7
	9
	8
	12
	9
	46
	10
	41
	11
	8
	12
	29
	13
	20
	14
	43
	15
	26


	0
	44
	1
	32
	2
	26
	3
	41
	4
	28
	5
	37
	6
	9
	7
	22
	8
	15
	9
	31
	10
	20
	11
	23
	12
	9
	13
	30
	14
	26
	15
	14


	0
	6
	1
	9
	2
	13
	3
	48
	4
	14
	5
	17
	6
	48
	7
	19
	8
	40
	9
	27
	10
	47
	11
	8
	12
	8
	13
	45
	14
	9
	15
	42


	0
	10
	1
	6
	2
	11
	3
	13
	4
	13
	5
	45
	6
	15
	7
	32
	8
	9
	9
	5
	10
	43
	11
	5
	12
	42
	13
	29
	14
	29
	15
	37


	0
	10
	1
	35
	2
	39
	3
	11
	4
	21
	5
	17
	6
	27
	7
	16
	8
	6
	9
	17
	10
	23
	11
	9
	12
	39
	13
	34
	14
	5
	15
	15


	0
	39
	1
	40
	2
	45
	3
	46
	4
	48
	5
	13
	6
	44
	7
	38
	8
	37
	9
	21
	10
	32
	11
	22
	12
	44
	13
	13
	14
	42
	15
	25


	0
	18
	1
	19
	2
	48
	3
	12
	4
	46
	5
	24
	6
	12
	7
	37
	8
	24
	9
	21
	10
	5
	11
	13
	12
	22
	13
	34
	14
	8
	15
	27


	0
	36
	1
	47
	2
	34
	3
	9
	4
	46
	5
	20
	6
	20
	7
	13
	8
	33
	9
	43
	10
	27
	11
	29
	12
	32
	13
	20
	14
	18
	15
	45


	0
	28
	1
	49
	2
	17
	3
	31
	4
	34
	5
	28
	6
	27
	7
	12
	8
	30
	9
	31
	10
	30
	11
	25
	12
	11
	13
	26
	14
	41
	15
	24


	0
	9
	1
	38
	2
	42
	3
	48
	4
	40
	5
	35
	6
	7
	7
	24
	8
	5
	9
	6
	10
	8
	11
	21
	12
	36
	13
	44
	14
	44
	15
	11


	0
	43
	1
	29
	2
	27
	3
	11
	4
	32
	5
	46
	6
	39
	7
	5
	8
	28
	9
	14
	10
	29
	11
	21
	12
	12
	13
	14
	14
	19
	15
	24


	0
	14
	1
	15
	2
	48
	3
	17
	4
	20
	5
	39
	6
	26
	7
	34
	8
	48
	9
	17
	10
	38
	11
	9
	12
	36
	13
	41
	14
	40
	15
	11


	0
	15
	1
	30
	2
	41
	3
	39
	4
	49
	5
	9
	6
	12
	7
	47
	8
	7
	9
	38
	10
	8
	11
	26
	12
	31
	13
	40
	14
	39
	15
	39


	0
	31
	1
	36
	2
	20
	3
	35
	4
	36
	5
	17
	6
	11
	7
	40
	8
	14
	9
	34
	10
	27
	11
	12
	12
	25
	13
	7
	14
	49
	15
	7


	0
	19
	1
	27
	2
	11
	3
	24
	4
	48
	5
	23
	6
	7
	7
	12
	8
	13
	9
	11
	10
	16
	11
	33
	12
	47
	13
	31
	14
	28
	15
	24


	0
	21
	1
	28
	2
	38
	3
	21
	4
	41
	5
	26
	6
	33
	7
	22
	8
	22
	9
	23
	10
	13
	11
	18
	12
	42
	13
	48
	14
	42
	15
	38


	0
	47
	1
	16
	2
	18
	3
	45
	4
	33
	5
	14
	6
	9
	7
	49
	8
	45
	9
	8
	10
	26
	11
	41
	12
	21
	13
	15
	14
	7
	15
	9


	0
	19
	1
	27
	2
	32
	3
	29
	4
	45
	5
	29
	6
	33
	7
	49
	8
	33
	9
	39
	10
	18
	11
	44
	12
	27
	13
	49
	14
	29
	15
	5


	0
	39
	1
	38
	2
	43
	3
	30
	4
	33
	5
	11
	6
	33
	7
	33
	8
	38
	9
	6
	10
	36
	11
	44
	12
	17
	13
	27
	14
	39
	15
	12


	0
	49
	1
	29
	2
	36
	3
	43
	4
	11
	5
	45
	6
	6
	7
	25
	8
	10
	9
	18
	10
	28
	11
	26
	12
	6
	13
	39
	14
	18
	15
	38


	0
	22
	1
	31
	2
	15
	3
	30
	4
	23
	5
	8
	6
	25
	7
	14
	8
	23
	9
	27
	10
	39
	11
	41
	12
	23
	13
	42
	14
	22
	15
	45


	0
	35
	1
	30
	2
	45
	3
	38
	4
	10
	5
	31
	6
	34
	7
	6
	8
	36
	9
	9
	10
	24
	11
	17
	12
	35
	13
	16
	14
	47
	15
	28


	0
	5
	1
	6
	2
	11
	3
	46
	4
	46
	5
	31
	6
	31
	7
	29
	8
	28
	9
	19
	10
	37
	11
	46
	12
	21
	13
	10
	14
	40
	15
	20


	0
	42
	1
	36
	2
	18
	3
	49
	4
	38
	5
	21
	6
	13
	7
	14
	8
	32
	9
	8
	10
	13
	11
	33
	12
	24
	13
	42
	14
	11
	15
	36


	0
	23
	1
	14
	2
	27
	3
	22
	4
	30
	5
	25
	6
	14
	7
	12
	8
	34
	9
	11
	10
	9
	11
	12
	12
	39
	13
	14
	14
	11
	15
	5


	0
	39
	1
	44
	2
	23
	3
	17
	4
	47
	5
	49
	6
	45
	7
	34
	8
	30
	9
	43
	10
	20
	11
	33
	12
	13
	13
	40
	14
	45
	15
	25

