60
16
2

	0
	7
	1
	22
	2
	17
	3
	43
	4
	5
	5
	28
	6
	42
	7
	15
	8
	19
	9
	13
	10
	29
	11
	40
	12
	6
	13
	37
	14
	44
	15
	11


	0
	23
	1
	17
	2
	39
	3
	37
	4
	18
	5
	16
	6
	19
	7
	37
	8
	15
	9
	23
	10
	40
	11
	16
	12
	47
	13
	36
	14
	30
	15
	43


	0
	42
	1
	31
	2
	35
	3
	42
	4
	36
	5
	46
	6
	33
	7
	26
	8
	24
	9
	40
	10
	23
	11
	12
	12
	23
	13
	5
	14
	47
	15
	32


	0
	17
	1
	35
	2
	42
	3
	9
	4
	36
	5
	29
	6
	10
	7
	12
	8
	35
	9
	20
	10
	13
	11
	41
	12
	15
	13
	45
	14
	14
	15
	16


	0
	30
	1
	36
	2
	8
	3
	38
	4
	28
	5
	38
	6
	15
	7
	16
	8
	19
	9
	39
	10
	22
	11
	6
	12
	10
	13
	14
	14
	35
	15
	14


	0
	45
	1
	21
	2
	17
	3
	22
	4
	19
	5
	18
	6
	43
	7
	6
	8
	25
	9
	6
	10
	44
	11
	16
	12
	48
	13
	7
	14
	10
	15
	47


	0
	7
	1
	16
	2
	29
	3
	37
	4
	8
	5
	32
	6
	37
	7
	31
	8
	14
	9
	16
	10
	35
	11
	29
	12
	16
	13
	23
	14
	41
	15
	13


	0
	31
	1
	24
	2
	28
	3
	18
	4
	30
	5
	27
	6
	12
	7
	49
	8
	7
	9
	39
	10
	41
	11
	23
	12
	10
	13
	10
	14
	27
	15
	18


	0
	26
	1
	31
	2
	11
	3
	32
	4
	30
	5
	10
	6
	39
	7
	22
	8
	21
	9
	17
	10
	19
	11
	42
	12
	7
	13
	6
	14
	6
	15
	31


	0
	23
	1
	27
	2
	10
	3
	41
	4
	28
	5
	12
	6
	46
	7
	45
	8
	8
	9
	17
	10
	10
	11
	41
	12
	46
	13
	26
	14
	34
	15
	36


	0
	35
	1
	47
	2
	32
	3
	19
	4
	40
	5
	23
	6
	40
	7
	9
	8
	29
	9
	34
	10
	6
	11
	6
	12
	48
	13
	30
	14
	36
	15
	46


	0
	17
	1
	49
	2
	10
	3
	15
	4
	47
	5
	32
	6
	22
	7
	36
	8
	44
	9
	27
	10
	16
	11
	29
	12
	44
	13
	23
	14
	47
	15
	16


	0
	29
	1
	46
	2
	25
	3
	10
	4
	34
	5
	23
	6
	16
	7
	7
	8
	37
	9
	38
	10
	18
	11
	25
	12
	21
	13
	46
	14
	49
	15
	40


	0
	40
	1
	5
	2
	28
	3
	12
	4
	19
	5
	11
	6
	39
	7
	15
	8
	26
	9
	20
	10
	24
	11
	44
	12
	49
	13
	47
	14
	23
	15
	47


	0
	25
	1
	12
	2
	7
	3
	12
	4
	21
	5
	39
	6
	43
	7
	19
	8
	45
	9
	7
	10
	17
	11
	37
	12
	44
	13
	17
	14
	10
	15
	27


	0
	14
	1
	46
	2
	36
	3
	17
	4
	49
	5
	48
	6
	39
	7
	40
	8
	31
	9
	23
	10
	46
	11
	19
	12
	38
	13
	37
	14
	46
	15
	21


	0
	37
	1
	48
	2
	21
	3
	28
	4
	23
	5
	38
	6
	30
	7
	24
	8
	39
	9
	33
	10
	47
	11
	38
	12
	23
	13
	37
	14
	26
	15
	37


	0
	30
	1
	47
	2
	25
	3
	5
	4
	11
	5
	45
	6
	6
	7
	28
	8
	39
	9
	13
	10
	14
	11
	24
	12
	45
	13
	10
	14
	43
	15
	35


	0
	8
	1
	32
	2
	9
	3
	45
	4
	20
	5
	36
	6
	43
	7
	15
	8
	27
	9
	49
	10
	47
	11
	36
	12
	5
	13
	16
	14
	24
	15
	29


	0
	5
	1
	37
	2
	24
	3
	17
	4
	27
	5
	10
	6
	11
	7
	19
	8
	27
	9
	37
	10
	23
	11
	35
	12
	29
	13
	32
	14
	41
	15
	46


	0
	30
	1
	38
	2
	42
	3
	25
	4
	13
	5
	29
	6
	43
	7
	37
	8
	30
	9
	33
	10
	36
	11
	39
	12
	9
	13
	27
	14
	23
	15
	7


	0
	46
	1
	23
	2
	9
	3
	45
	4
	33
	5
	19
	6
	41
	7
	45
	8
	28
	9
	6
	10
	28
	11
	33
	12
	46
	13
	8
	14
	27
	15
	15


	0
	25
	1
	49
	2
	37
	3
	35
	4
	17
	5
	40
	6
	34
	7
	12
	8
	34
	9
	11
	10
	27
	11
	37
	12
	27
	13
	32
	14
	12
	15
	47


	0
	35
	1
	12
	2
	39
	3
	31
	4
	48
	5
	21
	6
	18
	7
	31
	8
	43
	9
	28
	10
	35
	11
	22
	12
	34
	13
	13
	14
	6
	15
	43


	0
	5
	1
	27
	2
	5
	3
	27
	4
	41
	5
	9
	6
	42
	7
	18
	8
	26
	9
	13
	10
	23
	11
	20
	12
	33
	13
	37
	14
	25
	15
	38


	0
	23
	1
	24
	2
	49
	3
	23
	4
	26
	5
	9
	6
	47
	7
	36
	8
	42
	9
	42
	10
	30
	11
	19
	12
	9
	13
	28
	14
	43
	15
	28


	0
	24
	1
	31
	2
	20
	3
	18
	4
	35
	5
	24
	6
	12
	7
	26
	8
	32
	9
	43
	10
	49
	11
	42
	12
	6
	13
	6
	14
	36
	15
	20


	0
	43
	1
	44
	2
	29
	3
	28
	4
	41
	5
	9
	6
	17
	7
	41
	8
	5
	9
	47
	10
	13
	11
	36
	12
	38
	13
	14
	14
	7
	15
	47


	0
	49
	1
	9
	2
	15
	3
	48
	4
	32
	5
	49
	6
	27
	7
	15
	8
	47
	9
	19
	10
	40
	11
	30
	12
	45
	13
	42
	14
	9
	15
	16


	0
	36
	1
	28
	2
	41
	3
	37
	4
	42
	5
	35
	6
	19
	7
	5
	8
	16
	9
	5
	10
	24
	11
	30
	12
	27
	13
	21
	14
	9
	15
	17


	0
	32
	1
	20
	2
	47
	3
	19
	4
	8
	5
	8
	6
	15
	7
	18
	8
	34
	9
	5
	10
	43
	11
	13
	12
	46
	13
	27
	14
	29
	15
	24


	0
	23
	1
	19
	2
	5
	3
	31
	4
	46
	5
	39
	6
	6
	7
	19
	8
	13
	9
	18
	10
	33
	11
	24
	12
	15
	13
	33
	14
	20
	15
	48


	0
	9
	1
	49
	2
	36
	3
	17
	4
	14
	5
	12
	6
	36
	7
	33
	8
	12
	9
	48
	10
	21
	11
	25
	12
	45
	13
	11
	14
	35
	15
	20


	0
	6
	1
	10
	2
	5
	3
	30
	4
	39
	5
	5
	6
	47
	7
	14
	8
	37
	9
	19
	10
	28
	11
	16
	12
	14
	13
	25
	14
	36
	15
	16


	0
	41
	1
	43
	2
	48
	3
	40
	4
	5
	5
	35
	6
	41
	7
	40
	8
	5
	9
	47
	10
	41
	11
	32
	12
	15
	13
	35
	14
	7
	15
	13


	0
	16
	1
	17
	2
	28
	3
	26
	4
	19
	5
	22
	6
	25
	7
	18
	8
	45
	9
	14
	10
	44
	11
	41
	12
	36
	13
	13
	14
	14
	15
	21


	0
	16
	1
	41
	2
	26
	3
	15
	4
	12
	5
	23
	6
	33
	7
	11
	8
	21
	9
	20
	10
	44
	11
	45
	12
	45
	13
	37
	14
	33
	15
	35


	0
	36
	1
	47
	2
	43
	3
	19
	4
	22
	5
	44
	6
	30
	7
	21
	8
	33
	9
	12
	10
	37
	11
	18
	12
	8
	13
	38
	14
	7
	15
	12


	0
	48
	1
	21
	2
	21
	3
	33
	4
	14
	5
	45
	6
	7
	7
	25
	8
	12
	9
	38
	10
	35
	11
	9
	12
	45
	13
	36
	14
	23
	15
	11


	0
	47
	1
	12
	2
	49
	3
	29
	4
	9
	5
	32
	6
	26
	7
	38
	8
	6
	9
	19
	10
	17
	11
	25
	12
	32
	13
	41
	14
	8
	15
	8


	0
	14
	1
	15
	2
	33
	3
	47
	4
	7
	5
	42
	6
	42
	7
	29
	8
	10
	9
	37
	10
	12
	11
	8
	12
	46
	13
	30
	14
	20
	15
	22


	0
	41
	1
	33
	2
	17
	3
	22
	4
	25
	5
	25
	6
	19
	7
	42
	8
	24
	9
	20
	10
	23
	11
	45
	12
	14
	13
	43
	14
	40
	15
	38


	0
	38
	1
	7
	2
	14
	3
	47
	4
	49
	5
	8
	6
	31
	7
	10
	8
	21
	9
	21
	10
	48
	11
	36
	12
	11
	13
	16
	14
	28
	15
	10


	0
	23
	1
	35
	2
	40
	3
	16
	4
	26
	5
	42
	6
	49
	7
	22
	8
	17
	9
	23
	10
	42
	11
	40
	12
	46
	13
	16
	14
	25
	15
	45


	0
	37
	1
	36
	2
	31
	3
	13
	4
	25
	5
	42
	6
	23
	7
	24
	8
	20
	9
	47
	10
	26
	11
	29
	12
	43
	13
	24
	14
	14
	15
	38


	0
	11
	1
	36
	2
	27
	3
	26
	4
	30
	5
	47
	6
	12
	7
	44
	8
	27
	9
	14
	10
	35
	11
	49
	12
	42
	13
	47
	14
	17
	15
	37


	0
	8
	1
	45
	2
	43
	3
	30
	4
	47
	5
	34
	6
	24
	7
	25
	8
	45
	9
	7
	10
	18
	11
	19
	12
	39
	13
	19
	14
	21
	15
	33


	0
	28
	1
	29
	2
	11
	3
	5
	4
	12
	5
	10
	6
	45
	7
	6
	8
	37
	9
	32
	10
	46
	11
	17
	12
	28
	13
	34
	14
	40
	15
	30


	0
	30
	1
	6
	2
	16
	3
	14
	4
	40
	5
	45
	6
	18
	7
	41
	8
	36
	9
	18
	10
	49
	11
	43
	12
	36
	13
	46
	14
	33
	15
	37


	0
	26
	1
	47
	2
	34
	3
	49
	4
	12
	5
	8
	6
	37
	7
	36
	8
	39
	9
	47
	10
	38
	11
	24
	12
	35
	13
	34
	14
	41
	15
	43


	0
	42
	1
	10
	2
	28
	3
	41
	4
	37
	5
	42
	6
	26
	7
	16
	8
	49
	9
	41
	10
	23
	11
	7
	12
	48
	13
	30
	14
	26
	15
	34


	0
	45
	1
	17
	2
	46
	3
	31
	4
	29
	5
	9
	6
	10
	7
	7
	8
	35
	9
	8
	10
	22
	11
	18
	12
	31
	13
	29
	14
	22
	15
	29


	0
	34
	1
	36
	2
	6
	3
	36
	4
	32
	5
	17
	6
	17
	7
	7
	8
	11
	9
	42
	10
	9
	11
	29
	12
	37
	13
	20
	14
	15
	15
	12


	0
	25
	1
	38
	2
	12
	3
	23
	4
	34
	5
	45
	6
	9
	7
	28
	8
	41
	9
	23
	10
	27
	11
	19
	12
	10
	13
	47
	14
	40
	15
	34


	0
	30
	1
	45
	2
	21
	3
	13
	4
	45
	5
	42
	6
	40
	7
	14
	8
	48
	9
	43
	10
	7
	11
	34
	12
	44
	13
	47
	14
	30
	15
	45


	0
	22
	1
	23
	2
	30
	3
	16
	4
	12
	5
	12
	6
	39
	7
	30
	8
	30
	9
	9
	10
	47
	11
	45
	12
	12
	13
	46
	14
	35
	15
	46


	0
	30
	1
	29
	2
	12
	3
	6
	4
	28
	5
	16
	6
	32
	7
	21
	8
	13
	9
	33
	10
	26
	11
	40
	12
	47
	13
	19
	14
	11
	15
	24


	0
	47
	1
	43
	2
	48
	3
	7
	4
	48
	5
	39
	6
	16
	7
	31
	8
	36
	9
	36
	10
	35
	11
	27
	12
	9
	13
	41
	14
	42
	15
	17


	0
	10
	1
	44
	2
	17
	3
	11
	4
	40
	5
	23
	6
	9
	7
	11
	8
	13
	9
	12
	10
	41
	11
	20
	12
	13
	13
	19
	14
	34
	15
	13


	0
	47
	1
	34
	2
	6
	3
	23
	4
	40
	5
	21
	6
	28
	7
	6
	8
	30
	9
	25
	10
	7
	11
	37
	12
	15
	13
	34
	14
	12
	15
	13

