60
8
3

	0
	25
	1
	7
	2
	49
	3
	20
	4
	45
	5
	29
	6
	26
	7
	20


	0
	5
	1
	33
	2
	41
	3
	32
	4
	24
	5
	36
	6
	44
	7
	36


	0
	34
	1
	12
	2
	27
	3
	46
	4
	38
	5
	31
	6
	7
	7
	20


	0
	6
	1
	20
	2
	44
	3
	12
	4
	49
	5
	49
	6
	35
	7
	13


	0
	5
	1
	6
	2
	31
	3
	20
	4
	41
	5
	15
	6
	11
	7
	49


	0
	26
	1
	39
	2
	27
	3
	17
	4
	48
	5
	20
	6
	24
	7
	33


	0
	29
	1
	6
	2
	44
	3
	12
	4
	43
	5
	49
	6
	18
	7
	26


	0
	24
	1
	13
	2
	33
	3
	12
	4
	41
	5
	21
	6
	38
	7
	15


	0
	38
	1
	32
	2
	12
	3
	29
	4
	34
	5
	9
	6
	13
	7
	22


	0
	46
	1
	24
	2
	43
	3
	21
	4
	33
	5
	34
	6
	29
	7
	30


	0
	6
	1
	32
	2
	44
	3
	13
	4
	45
	5
	43
	6
	7
	7
	28


	0
	46
	1
	24
	2
	10
	3
	27
	4
	28
	5
	47
	6
	29
	7
	22


	0
	46
	1
	26
	2
	49
	3
	15
	4
	33
	5
	30
	6
	36
	7
	9


	0
	44
	1
	18
	2
	12
	3
	13
	4
	39
	5
	44
	6
	44
	7
	14


	0
	9
	1
	22
	2
	24
	3
	15
	4
	40
	5
	19
	6
	37
	7
	32


	0
	41
	1
	5
	2
	27
	3
	45
	4
	48
	5
	34
	6
	14
	7
	14


	0
	30
	1
	24
	2
	25
	3
	32
	4
	48
	5
	6
	6
	38
	7
	34


	0
	30
	1
	25
	2
	40
	3
	23
	4
	5
	5
	44
	6
	47
	7
	17


	0
	42
	1
	14
	2
	10
	3
	17
	4
	21
	5
	40
	6
	33
	7
	27


	0
	37
	1
	14
	2
	44
	3
	17
	4
	18
	5
	28
	6
	12
	7
	31


	0
	18
	1
	33
	2
	12
	3
	22
	4
	46
	5
	16
	6
	36
	7
	31


	0
	31
	1
	24
	2
	26
	3
	31
	4
	15
	5
	10
	6
	43
	7
	33


	0
	38
	1
	43
	2
	13
	3
	10
	4
	19
	5
	25
	6
	20
	7
	9


	0
	17
	1
	43
	2
	45
	3
	6
	4
	24
	5
	30
	6
	28
	7
	35


	0
	36
	1
	22
	2
	35
	3
	46
	4
	16
	5
	48
	6
	41
	7
	33


	0
	31
	1
	18
	2
	6
	3
	21
	4
	34
	5
	49
	6
	30
	7
	7


	0
	10
	1
	28
	2
	42
	3
	28
	4
	5
	5
	20
	6
	10
	7
	40


	0
	25
	1
	30
	2
	28
	3
	35
	4
	15
	5
	20
	6
	49
	7
	38


	0
	46
	1
	7
	2
	35
	3
	39
	4
	47
	5
	25
	6
	29
	7
	30


	0
	11
	1
	10
	2
	44
	3
	35
	4
	37
	5
	39
	6
	44
	7
	34


	0
	13
	1
	43
	2
	9
	3
	30
	4
	21
	5
	28
	6
	11
	7
	35


	0
	36
	1
	6
	2
	35
	3
	33
	4
	47
	5
	31
	6
	11
	7
	14


	0
	48
	1
	49
	2
	6
	3
	37
	4
	12
	5
	46
	6
	25
	7
	10


	0
	43
	1
	40
	2
	27
	3
	31
	4
	34
	5
	49
	6
	42
	7
	12


	0
	33
	1
	22
	2
	36
	3
	24
	4
	17
	5
	15
	6
	21
	7
	30


	0
	27
	1
	6
	2
	45
	3
	22
	4
	16
	5
	26
	6
	27
	7
	18


	0
	28
	1
	34
	2
	25
	3
	26
	4
	15
	5
	20
	6
	43
	7
	27


	0
	34
	1
	37
	2
	20
	3
	28
	4
	48
	5
	28
	6
	6
	7
	47


	0
	8
	1
	10
	2
	31
	3
	47
	4
	14
	5
	42
	6
	7
	7
	15


	0
	43
	1
	31
	2
	25
	3
	40
	4
	47
	5
	40
	6
	39
	7
	44


	0
	10
	1
	39
	2
	45
	3
	45
	4
	9
	5
	26
	6
	30
	7
	41


	0
	43
	1
	48
	2
	39
	3
	37
	4
	10
	5
	36
	6
	13
	7
	27


	0
	9
	1
	15
	2
	25
	3
	37
	4
	26
	5
	31
	6
	11
	7
	5


	0
	25
	1
	12
	2
	29
	3
	30
	4
	34
	5
	30
	6
	47
	7
	21


	0
	43
	1
	34
	2
	37
	3
	9
	4
	32
	5
	33
	6
	28
	7
	36


	0
	33
	1
	48
	2
	29
	3
	39
	4
	12
	5
	30
	6
	7
	7
	25


	0
	28
	1
	16
	2
	47
	3
	43
	4
	24
	5
	5
	6
	7
	7
	47


	0
	41
	1
	26
	2
	44
	3
	20
	4
	10
	5
	44
	6
	29
	7
	7


	0
	42
	1
	21
	2
	28
	3
	37
	4
	37
	5
	6
	6
	7
	7
	28


	0
	42
	1
	12
	2
	23
	3
	12
	4
	9
	5
	49
	6
	9
	7
	44


	0
	17
	1
	36
	2
	26
	3
	27
	4
	30
	5
	38
	6
	19
	7
	19


	0
	16
	1
	28
	2
	17
	3
	17
	4
	22
	5
	26
	6
	5
	7
	22


	0
	43
	1
	47
	2
	38
	3
	10
	4
	15
	5
	28
	6
	29
	7
	7


	0
	21
	1
	18
	2
	42
	3
	27
	4
	21
	5
	33
	6
	21
	7
	41


	0
	47
	1
	39
	2
	43
	3
	31
	4
	33
	5
	12
	6
	6
	7
	16


	0
	41
	1
	18
	2
	39
	3
	23
	4
	37
	5
	47
	6
	5
	7
	42


	0
	6
	1
	29
	2
	34
	3
	37
	4
	33
	5
	43
	6
	47
	7
	46


	0
	8
	1
	25
	2
	15
	3
	26
	4
	30
	5
	31
	6
	41
	7
	41


	0
	6
	1
	21
	2
	5
	3
	28
	4
	44
	5
	14
	6
	6
	7
	34


	0
	13
	1
	12
	2
	27
	3
	28
	4
	28
	5
	13
	6
	40
	7
	9

