60
4
5

	0
	42
	1
	12
	2
	43
	3
	24


	0
	5
	1
	39
	2
	20
	3
	44


	0
	16
	1
	27
	2
	12
	3
	17


	0
	16
	1
	48
	2
	49
	3
	24


	0
	33
	1
	44
	2
	17
	3
	47


	0
	18
	1
	5
	2
	22
	3
	13


	0
	5
	1
	17
	2
	23
	3
	45


	0
	47
	1
	36
	2
	15
	3
	34


	0
	20
	1
	26
	2
	33
	3
	11


	0
	12
	1
	17
	2
	18
	3
	16


	0
	16
	1
	33
	2
	25
	3
	20


	0
	23
	1
	26
	2
	40
	3
	44


	0
	33
	1
	41
	2
	32
	3
	5


	0
	31
	1
	37
	2
	39
	3
	22


	0
	30
	1
	37
	2
	5
	3
	5


	0
	25
	1
	17
	2
	46
	3
	19


	0
	22
	1
	26
	2
	24
	3
	47


	0
	41
	1
	31
	2
	46
	3
	46


	0
	10
	1
	36
	2
	13
	3
	15


	0
	45
	1
	6
	2
	18
	3
	34


	0
	6
	1
	30
	2
	47
	3
	14


	0
	40
	1
	7
	2
	18
	3
	34


	0
	28
	1
	11
	2
	25
	3
	35


	0
	42
	1
	43
	2
	34
	3
	17


	0
	43
	1
	14
	2
	21
	3
	42


	0
	5
	1
	8
	2
	20
	3
	38


	0
	13
	1
	35
	2
	36
	3
	22


	0
	8
	1
	34
	2
	15
	3
	32


	0
	31
	1
	36
	2
	23
	3
	35


	0
	35
	1
	38
	2
	40
	3
	16


	0
	13
	1
	48
	2
	47
	3
	15


	0
	31
	1
	16
	2
	19
	3
	35


	0
	41
	1
	39
	2
	15
	3
	36


	0
	6
	1
	6
	2
	43
	3
	11


	0
	16
	1
	13
	2
	22
	3
	32


	0
	32
	1
	20
	2
	8
	3
	30


	0
	24
	1
	42
	2
	25
	3
	27


	0
	26
	1
	27
	2
	37
	3
	8


	0
	12
	1
	15
	2
	49
	3
	15


	0
	46
	1
	33
	2
	40
	3
	42


	0
	8
	1
	10
	2
	24
	3
	32


	0
	17
	1
	12
	2
	41
	3
	23


	0
	15
	1
	37
	2
	40
	3
	28


	0
	30
	1
	25
	2
	49
	3
	48


	0
	46
	1
	15
	2
	34
	3
	26


	0
	30
	1
	30
	2
	49
	3
	30


	0
	20
	1
	44
	2
	43
	3
	26


	0
	44
	1
	40
	2
	15
	3
	19


	0
	8
	1
	33
	2
	14
	3
	44


	0
	16
	1
	20
	2
	11
	3
	33


	0
	48
	1
	33
	2
	12
	3
	29


	0
	35
	1
	35
	2
	40
	3
	7


	0
	37
	1
	33
	2
	45
	3
	15


	0
	17
	1
	49
	2
	31
	3
	22


	0
	21
	1
	33
	2
	37
	3
	40


	0
	16
	1
	35
	2
	36
	3
	7


	0
	5
	1
	49
	2
	42
	3
	28


	0
	16
	1
	45
	2
	36
	3
	25


	0
	16
	1
	9
	2
	30
	3
	37


	0
	37
	1
	44
	2
	24
	3
	44

