60
16
3

	0
	33
	1
	18
	2
	21
	3
	8
	4
	35
	5
	36
	6
	29
	7
	42
	8
	28
	9
	47
	10
	5
	11
	18
	12
	31
	13
	10
	14
	14
	15
	31


	0
	7
	1
	6
	2
	47
	3
	38
	4
	25
	5
	43
	6
	36
	7
	32
	8
	46
	9
	32
	10
	24
	11
	12
	12
	34
	13
	16
	14
	48
	15
	31


	0
	27
	1
	5
	2
	35
	3
	15
	4
	28
	5
	28
	6
	26
	7
	10
	8
	12
	9
	26
	10
	19
	11
	11
	12
	37
	13
	31
	14
	39
	15
	41


	0
	11
	1
	10
	2
	48
	3
	40
	4
	33
	5
	20
	6
	18
	7
	9
	8
	44
	9
	49
	10
	37
	11
	43
	12
	5
	13
	12
	14
	25
	15
	45


	0
	28
	1
	18
	2
	15
	3
	10
	4
	37
	5
	17
	6
	27
	7
	44
	8
	29
	9
	44
	10
	23
	11
	31
	12
	13
	13
	22
	14
	6
	15
	16


	0
	45
	1
	17
	2
	44
	3
	43
	4
	42
	5
	45
	6
	6
	7
	8
	8
	45
	9
	22
	10
	21
	11
	25
	12
	40
	13
	40
	14
	37
	15
	19


	0
	47
	1
	32
	2
	8
	3
	15
	4
	13
	5
	39
	6
	44
	7
	21
	8
	20
	9
	25
	10
	5
	11
	40
	12
	30
	13
	43
	14
	47
	15
	49


	0
	17
	1
	17
	2
	30
	3
	22
	4
	25
	5
	28
	6
	45
	7
	11
	8
	31
	9
	30
	10
	46
	11
	40
	12
	36
	13
	45
	14
	33
	15
	31


	0
	11
	1
	13
	2
	26
	3
	23
	4
	26
	5
	31
	6
	46
	7
	23
	8
	29
	9
	6
	10
	12
	11
	7
	12
	32
	13
	6
	14
	20
	15
	23


	0
	44
	1
	45
	2
	15
	3
	33
	4
	31
	5
	49
	6
	31
	7
	16
	8
	22
	9
	46
	10
	46
	11
	22
	12
	14
	13
	42
	14
	33
	15
	44


	0
	45
	1
	12
	2
	46
	3
	23
	4
	22
	5
	28
	6
	23
	7
	21
	8
	29
	9
	35
	10
	44
	11
	49
	12
	34
	13
	10
	14
	26
	15
	35


	0
	8
	1
	22
	2
	17
	3
	42
	4
	49
	5
	6
	6
	5
	7
	16
	8
	42
	9
	29
	10
	5
	11
	28
	12
	33
	13
	45
	14
	8
	15
	37


	0
	13
	1
	34
	2
	12
	3
	33
	4
	26
	5
	35
	6
	33
	7
	35
	8
	19
	9
	35
	10
	20
	11
	16
	12
	49
	13
	12
	14
	33
	15
	38


	0
	42
	1
	15
	2
	14
	3
	39
	4
	11
	5
	31
	6
	37
	7
	15
	8
	47
	9
	22
	10
	31
	11
	17
	12
	48
	13
	10
	14
	45
	15
	27


	0
	11
	1
	39
	2
	22
	3
	8
	4
	26
	5
	44
	6
	17
	7
	15
	8
	44
	9
	22
	10
	37
	11
	26
	12
	10
	13
	5
	14
	43
	15
	22


	0
	23
	1
	13
	2
	15
	3
	41
	4
	30
	5
	6
	6
	24
	7
	10
	8
	24
	9
	15
	10
	37
	11
	12
	12
	45
	13
	11
	14
	16
	15
	42


	0
	25
	1
	11
	2
	38
	3
	48
	4
	28
	5
	14
	6
	26
	7
	40
	8
	45
	9
	35
	10
	10
	11
	30
	12
	10
	13
	31
	14
	31
	15
	49


	0
	42
	1
	8
	2
	11
	3
	28
	4
	9
	5
	5
	6
	40
	7
	22
	8
	35
	9
	11
	10
	11
	11
	47
	12
	48
	13
	19
	14
	20
	15
	23


	0
	34
	1
	45
	2
	36
	3
	37
	4
	20
	5
	14
	6
	15
	7
	5
	8
	38
	9
	23
	10
	22
	11
	28
	12
	6
	13
	37
	14
	19
	15
	46


	0
	45
	1
	12
	2
	39
	3
	5
	4
	41
	5
	7
	6
	49
	7
	39
	8
	20
	9
	24
	10
	29
	11
	34
	12
	24
	13
	12
	14
	34
	15
	9


	0
	42
	1
	27
	2
	8
	3
	10
	4
	48
	5
	24
	6
	18
	7
	14
	8
	27
	9
	17
	10
	31
	11
	36
	12
	18
	13
	5
	14
	26
	15
	49


	0
	20
	1
	40
	2
	15
	3
	38
	4
	46
	5
	35
	6
	28
	7
	39
	8
	12
	9
	44
	10
	17
	11
	19
	12
	15
	13
	30
	14
	13
	15
	35


	0
	7
	1
	46
	2
	5
	3
	6
	4
	21
	5
	46
	6
	19
	7
	11
	8
	17
	9
	18
	10
	13
	11
	44
	12
	27
	13
	43
	14
	28
	15
	49


	0
	22
	1
	46
	2
	40
	3
	24
	4
	14
	5
	30
	6
	43
	7
	10
	8
	49
	9
	24
	10
	21
	11
	39
	12
	12
	13
	11
	14
	28
	15
	37


	0
	48
	1
	19
	2
	31
	3
	26
	4
	17
	5
	41
	6
	12
	7
	45
	8
	29
	9
	30
	10
	15
	11
	42
	12
	26
	13
	19
	14
	34
	15
	20


	0
	18
	1
	21
	2
	23
	3
	27
	4
	18
	5
	38
	6
	39
	7
	48
	8
	26
	9
	14
	10
	32
	11
	24
	12
	45
	13
	34
	14
	35
	15
	43


	0
	21
	1
	34
	2
	22
	3
	9
	4
	15
	5
	15
	6
	17
	7
	5
	8
	45
	9
	37
	10
	12
	11
	31
	12
	22
	13
	25
	14
	43
	15
	23


	0
	42
	1
	17
	2
	35
	3
	8
	4
	13
	5
	32
	6
	37
	7
	5
	8
	37
	9
	13
	10
	34
	11
	38
	12
	31
	13
	47
	14
	37
	15
	45


	0
	45
	1
	47
	2
	12
	3
	29
	4
	11
	5
	22
	6
	5
	7
	25
	8
	23
	9
	30
	10
	34
	11
	36
	12
	32
	13
	29
	14
	23
	15
	44


	0
	26
	1
	48
	2
	11
	3
	34
	4
	30
	5
	34
	6
	31
	7
	42
	8
	44
	9
	36
	10
	41
	11
	22
	12
	47
	13
	14
	14
	31
	15
	43


	0
	10
	1
	35
	2
	12
	3
	41
	4
	18
	5
	47
	6
	10
	7
	21
	8
	45
	9
	9
	10
	39
	11
	33
	12
	43
	13
	11
	14
	25
	15
	44


	0
	38
	1
	33
	2
	35
	3
	49
	4
	33
	5
	41
	6
	27
	7
	11
	8
	38
	9
	13
	10
	12
	11
	23
	12
	15
	13
	13
	14
	12
	15
	49


	0
	8
	1
	20
	2
	24
	3
	43
	4
	5
	5
	5
	6
	31
	7
	35
	8
	10
	9
	22
	10
	35
	11
	27
	12
	43
	13
	21
	14
	32
	15
	20


	0
	34
	1
	38
	2
	19
	3
	26
	4
	32
	5
	45
	6
	49
	7
	46
	8
	39
	9
	41
	10
	34
	11
	7
	12
	36
	13
	24
	14
	6
	15
	8


	0
	14
	1
	40
	2
	24
	3
	25
	4
	9
	5
	42
	6
	41
	7
	48
	8
	35
	9
	21
	10
	36
	11
	13
	12
	46
	13
	9
	14
	9
	15
	5


	0
	9
	1
	34
	2
	40
	3
	48
	4
	46
	5
	21
	6
	17
	7
	11
	8
	16
	9
	7
	10
	35
	11
	41
	12
	25
	13
	47
	14
	28
	15
	49


	0
	38
	1
	42
	2
	8
	3
	47
	4
	24
	5
	30
	6
	6
	7
	13
	8
	19
	9
	16
	10
	36
	11
	10
	12
	19
	13
	43
	14
	20
	15
	23


	0
	34
	1
	37
	2
	22
	3
	25
	4
	29
	5
	37
	6
	28
	7
	12
	8
	21
	9
	31
	10
	34
	11
	28
	12
	41
	13
	43
	14
	28
	15
	39


	0
	21
	1
	13
	2
	19
	3
	21
	4
	21
	5
	38
	6
	19
	7
	29
	8
	13
	9
	33
	10
	40
	11
	45
	12
	37
	13
	48
	14
	8
	15
	36


	0
	37
	1
	47
	2
	17
	3
	22
	4
	32
	5
	38
	6
	41
	7
	47
	8
	42
	9
	15
	10
	32
	11
	46
	12
	18
	13
	6
	14
	14
	15
	34


	0
	21
	1
	13
	2
	28
	3
	5
	4
	12
	5
	36
	6
	16
	7
	47
	8
	49
	9
	16
	10
	38
	11
	30
	12
	48
	13
	34
	14
	49
	15
	42


	0
	20
	1
	5
	2
	17
	3
	5
	4
	18
	5
	26
	6
	30
	7
	8
	8
	12
	9
	12
	10
	32
	11
	33
	12
	23
	13
	37
	14
	38
	15
	10


	0
	24
	1
	36
	2
	8
	3
	20
	4
	31
	5
	42
	6
	17
	7
	42
	8
	14
	9
	6
	10
	29
	11
	12
	12
	10
	13
	32
	14
	40
	15
	31


	0
	16
	1
	10
	2
	12
	3
	37
	4
	17
	5
	20
	6
	11
	7
	47
	8
	26
	9
	38
	10
	48
	11
	33
	12
	30
	13
	11
	14
	31
	15
	24


	0
	41
	1
	46
	2
	43
	3
	46
	4
	24
	5
	33
	6
	5
	7
	21
	8
	38
	9
	31
	10
	23
	11
	46
	12
	38
	13
	27
	14
	19
	15
	18


	0
	23
	1
	42
	2
	14
	3
	43
	4
	10
	5
	29
	6
	42
	7
	39
	8
	12
	9
	32
	10
	13
	11
	19
	12
	34
	13
	23
	14
	36
	15
	15


	0
	21
	1
	7
	2
	44
	3
	39
	4
	13
	5
	21
	6
	7
	7
	39
	8
	35
	9
	41
	10
	31
	11
	29
	12
	24
	13
	47
	14
	29
	15
	21


	0
	38
	1
	42
	2
	36
	3
	20
	4
	17
	5
	16
	6
	16
	7
	17
	8
	39
	9
	34
	10
	8
	11
	18
	12
	27
	13
	24
	14
	6
	15
	14


	0
	44
	1
	34
	2
	17
	3
	43
	4
	5
	5
	43
	6
	15
	7
	33
	8
	32
	9
	5
	10
	11
	11
	6
	12
	41
	13
	39
	14
	20
	15
	29


	0
	30
	1
	48
	2
	27
	3
	21
	4
	40
	5
	18
	6
	11
	7
	21
	8
	43
	9
	6
	10
	41
	11
	41
	12
	36
	13
	18
	14
	7
	15
	43


	0
	40
	1
	38
	2
	39
	3
	7
	4
	49
	5
	37
	6
	13
	7
	30
	8
	49
	9
	48
	10
	33
	11
	18
	12
	21
	13
	44
	14
	47
	15
	42


	0
	38
	1
	35
	2
	15
	3
	46
	4
	20
	5
	14
	6
	41
	7
	13
	8
	43
	9
	11
	10
	49
	11
	24
	12
	16
	13
	24
	14
	9
	15
	44


	0
	17
	1
	7
	2
	8
	3
	28
	4
	25
	5
	40
	6
	44
	7
	48
	8
	5
	9
	9
	10
	38
	11
	48
	12
	17
	13
	41
	14
	35
	15
	32


	0
	41
	1
	11
	2
	14
	3
	46
	4
	39
	5
	11
	6
	32
	7
	21
	8
	30
	9
	26
	10
	28
	11
	5
	12
	21
	13
	41
	14
	11
	15
	19


	0
	35
	1
	18
	2
	8
	3
	38
	4
	6
	5
	27
	6
	38
	7
	35
	8
	25
	9
	29
	10
	27
	11
	21
	12
	14
	13
	49
	14
	17
	15
	44


	0
	12
	1
	16
	2
	35
	3
	49
	4
	6
	5
	19
	6
	47
	7
	11
	8
	49
	9
	10
	10
	44
	11
	13
	12
	38
	13
	19
	14
	13
	15
	46


	0
	5
	1
	37
	2
	10
	3
	18
	4
	13
	5
	21
	6
	6
	7
	28
	8
	10
	9
	31
	10
	7
	11
	29
	12
	9
	13
	33
	14
	35
	15
	35


	0
	44
	1
	40
	2
	25
	3
	9
	4
	22
	5
	24
	6
	42
	7
	38
	8
	25
	9
	17
	10
	47
	11
	39
	12
	40
	13
	9
	14
	26
	15
	40


	0
	28
	1
	29
	2
	44
	3
	9
	4
	28
	5
	36
	6
	33
	7
	10
	8
	19
	9
	44
	10
	44
	11
	32
	12
	5
	13
	27
	14
	10
	15
	48


	0
	47
	1
	8
	2
	22
	3
	34
	4
	38
	5
	48
	6
	28
	7
	5
	8
	27
	9
	48
	10
	46
	11
	33
	12
	46
	13
	31
	14
	34
	15
	14

