60
8
3

	0
	33
	1
	22
	2
	33
	3
	40
	4
	19
	5
	36
	6
	5
	7
	7


	0
	16
	1
	21
	2
	17
	3
	38
	4
	15
	5
	46
	6
	34
	7
	35


	0
	44
	1
	27
	2
	48
	3
	35
	4
	32
	5
	10
	6
	25
	7
	46


	0
	21
	1
	13
	2
	8
	3
	18
	4
	34
	5
	6
	6
	29
	7
	47


	0
	43
	1
	35
	2
	27
	3
	38
	4
	29
	5
	39
	6
	43
	7
	44


	0
	19
	1
	32
	2
	24
	3
	10
	4
	22
	5
	17
	6
	7
	7
	35


	0
	17
	1
	6
	2
	43
	3
	19
	4
	7
	5
	33
	6
	8
	7
	44


	0
	44
	1
	28
	2
	30
	3
	34
	4
	22
	5
	18
	6
	13
	7
	17


	0
	21
	1
	16
	2
	30
	3
	19
	4
	21
	5
	21
	6
	17
	7
	31


	0
	31
	1
	7
	2
	34
	3
	41
	4
	28
	5
	47
	6
	42
	7
	9


	0
	8
	1
	42
	2
	19
	3
	45
	4
	36
	5
	10
	6
	35
	7
	10


	0
	35
	1
	42
	2
	31
	3
	14
	4
	39
	5
	29
	6
	32
	7
	42


	0
	34
	1
	44
	2
	20
	3
	24
	4
	9
	5
	19
	6
	8
	7
	44


	0
	19
	1
	32
	2
	34
	3
	5
	4
	24
	5
	6
	6
	42
	7
	27


	0
	28
	1
	5
	2
	26
	3
	7
	4
	36
	5
	47
	6
	10
	7
	46


	0
	10
	1
	29
	2
	11
	3
	33
	4
	24
	5
	27
	6
	32
	7
	11


	0
	11
	1
	33
	2
	40
	3
	10
	4
	49
	5
	49
	6
	12
	7
	47


	0
	35
	1
	32
	2
	47
	3
	38
	4
	39
	5
	30
	6
	39
	7
	29


	0
	45
	1
	10
	2
	47
	3
	12
	4
	12
	5
	29
	6
	6
	7
	21


	0
	44
	1
	12
	2
	16
	3
	39
	4
	45
	5
	28
	6
	42
	7
	29


	0
	30
	1
	48
	2
	25
	3
	8
	4
	10
	5
	28
	6
	42
	7
	9


	0
	25
	1
	29
	2
	46
	3
	12
	4
	37
	5
	36
	6
	10
	7
	7


	0
	42
	1
	40
	2
	33
	3
	45
	4
	41
	5
	38
	6
	37
	7
	33


	0
	21
	1
	42
	2
	16
	3
	34
	4
	21
	5
	15
	6
	31
	7
	49


	0
	36
	1
	24
	2
	49
	3
	45
	4
	46
	5
	41
	6
	18
	7
	30


	0
	38
	1
	16
	2
	11
	3
	40
	4
	36
	5
	6
	6
	45
	7
	35


	0
	12
	1
	8
	2
	5
	3
	32
	4
	10
	5
	33
	6
	24
	7
	16


	0
	34
	1
	23
	2
	39
	3
	15
	4
	7
	5
	9
	6
	40
	7
	24


	0
	12
	1
	42
	2
	40
	3
	21
	4
	5
	5
	34
	6
	42
	7
	25


	0
	23
	1
	44
	2
	41
	3
	47
	4
	16
	5
	33
	6
	14
	7
	24


	0
	6
	1
	48
	2
	48
	3
	22
	4
	35
	5
	24
	6
	41
	7
	26


	0
	22
	1
	18
	2
	33
	3
	27
	4
	31
	5
	16
	6
	21
	7
	30


	0
	48
	1
	15
	2
	31
	3
	43
	4
	38
	5
	18
	6
	46
	7
	39


	0
	5
	1
	16
	2
	43
	3
	39
	4
	20
	5
	49
	6
	37
	7
	22


	0
	30
	1
	20
	2
	28
	3
	42
	4
	32
	5
	37
	6
	29
	7
	40


	0
	49
	1
	18
	2
	38
	3
	33
	4
	29
	5
	8
	6
	46
	7
	23


	0
	18
	1
	47
	2
	31
	3
	38
	4
	32
	5
	7
	6
	49
	7
	35


	0
	5
	1
	14
	2
	8
	3
	6
	4
	15
	5
	28
	6
	43
	7
	6


	0
	39
	1
	12
	2
	16
	3
	41
	4
	19
	5
	23
	6
	16
	7
	35


	0
	5
	1
	19
	2
	38
	3
	7
	4
	8
	5
	35
	6
	33
	7
	19


	0
	36
	1
	30
	2
	43
	3
	35
	4
	35
	5
	43
	6
	35
	7
	32


	0
	38
	1
	25
	2
	35
	3
	31
	4
	47
	5
	12
	6
	37
	7
	14


	0
	11
	1
	16
	2
	35
	3
	20
	4
	40
	5
	24
	6
	40
	7
	7


	0
	23
	1
	25
	2
	6
	3
	38
	4
	21
	5
	16
	6
	32
	7
	14


	0
	37
	1
	44
	2
	6
	3
	31
	4
	12
	5
	12
	6
	27
	7
	28


	0
	48
	1
	11
	2
	12
	3
	36
	4
	25
	5
	17
	6
	13
	7
	40


	0
	8
	1
	13
	2
	49
	3
	46
	4
	5
	5
	49
	6
	6
	7
	22


	0
	48
	1
	47
	2
	27
	3
	27
	4
	45
	5
	17
	6
	26
	7
	20


	0
	35
	1
	49
	2
	41
	3
	37
	4
	27
	5
	32
	6
	31
	7
	25


	0
	24
	1
	19
	2
	26
	3
	25
	4
	27
	5
	39
	6
	7
	7
	44


	0
	24
	1
	32
	2
	41
	3
	39
	4
	21
	5
	45
	6
	33
	7
	31


	0
	7
	1
	25
	2
	7
	3
	37
	4
	16
	5
	25
	6
	11
	7
	23


	0
	26
	1
	15
	2
	12
	3
	27
	4
	27
	5
	21
	6
	10
	7
	30


	0
	26
	1
	27
	2
	9
	3
	35
	4
	10
	5
	25
	6
	41
	7
	19


	0
	28
	1
	12
	2
	11
	3
	41
	4
	22
	5
	28
	6
	49
	7
	40


	0
	9
	1
	15
	2
	22
	3
	36
	4
	44
	5
	39
	6
	38
	7
	17


	0
	41
	1
	15
	2
	30
	3
	28
	4
	39
	5
	12
	6
	28
	7
	20


	0
	14
	1
	29
	2
	33
	3
	16
	4
	46
	5
	19
	6
	20
	7
	23


	0
	24
	1
	11
	2
	10
	3
	15
	4
	41
	5
	29
	6
	12
	7
	27


	0
	16
	1
	44
	2
	35
	3
	29
	4
	34
	5
	25
	6
	9
	7
	45

