60
8
3

	0
	28
	1
	10
	2
	29
	3
	10
	4
	9
	5
	46
	6
	8
	7
	47


	0
	19
	1
	41
	2
	30
	3
	44
	4
	40
	5
	37
	6
	7
	7
	6


	0
	45
	1
	34
	2
	16
	3
	46
	4
	37
	5
	18
	6
	29
	7
	29


	0
	14
	1
	36
	2
	37
	3
	10
	4
	31
	5
	46
	6
	25
	7
	40


	0
	20
	1
	9
	2
	9
	3
	22
	4
	45
	5
	11
	6
	35
	7
	45


	0
	27
	1
	24
	2
	14
	3
	22
	4
	38
	5
	11
	6
	8
	7
	10


	0
	17
	1
	18
	2
	24
	3
	41
	4
	31
	5
	20
	6
	28
	7
	46


	0
	22
	1
	15
	2
	30
	3
	45
	4
	13
	5
	27
	6
	42
	7
	43


	0
	7
	1
	42
	2
	18
	3
	14
	4
	31
	5
	27
	6
	21
	7
	5


	0
	38
	1
	10
	2
	35
	3
	13
	4
	42
	5
	45
	6
	5
	7
	23


	0
	32
	1
	7
	2
	21
	3
	49
	4
	31
	5
	12
	6
	28
	7
	44


	0
	5
	1
	37
	2
	21
	3
	22
	4
	14
	5
	10
	6
	20
	7
	29


	0
	44
	1
	26
	2
	11
	3
	13
	4
	5
	5
	39
	6
	13
	7
	30


	0
	49
	1
	22
	2
	22
	3
	49
	4
	18
	5
	23
	6
	25
	7
	16


	0
	12
	1
	43
	2
	21
	3
	17
	4
	17
	5
	6
	6
	43
	7
	18


	0
	44
	1
	5
	2
	34
	3
	24
	4
	47
	5
	6
	6
	19
	7
	44


	0
	8
	1
	18
	2
	31
	3
	21
	4
	35
	5
	49
	6
	11
	7
	35


	0
	26
	1
	25
	2
	33
	3
	22
	4
	45
	5
	13
	6
	6
	7
	46


	0
	40
	1
	43
	2
	28
	3
	14
	4
	16
	5
	42
	6
	12
	7
	36


	0
	42
	1
	43
	2
	14
	3
	6
	4
	5
	5
	45
	6
	23
	7
	16


	0
	46
	1
	41
	2
	45
	3
	39
	4
	40
	5
	7
	6
	9
	7
	16


	0
	27
	1
	28
	2
	18
	3
	12
	4
	18
	5
	5
	6
	34
	7
	18


	0
	9
	1
	29
	2
	47
	3
	6
	4
	11
	5
	31
	6
	15
	7
	6


	0
	27
	1
	37
	2
	24
	3
	17
	4
	37
	5
	47
	6
	14
	7
	24


	0
	24
	1
	49
	2
	34
	3
	6
	4
	7
	5
	29
	6
	27
	7
	34


	0
	36
	1
	11
	2
	10
	3
	20
	4
	42
	5
	17
	6
	31
	7
	19


	0
	13
	1
	31
	2
	14
	3
	44
	4
	47
	5
	44
	6
	28
	7
	15


	0
	19
	1
	31
	2
	16
	3
	39
	4
	23
	5
	42
	6
	41
	7
	8


	0
	7
	1
	33
	2
	17
	3
	33
	4
	22
	5
	14
	6
	28
	7
	6


	0
	10
	1
	43
	2
	26
	3
	34
	4
	44
	5
	7
	6
	11
	7
	10


	0
	38
	1
	10
	2
	30
	3
	23
	4
	28
	5
	42
	6
	37
	7
	43


	0
	48
	1
	24
	2
	25
	3
	21
	4
	19
	5
	11
	6
	35
	7
	5


	0
	37
	1
	15
	2
	19
	3
	38
	4
	16
	5
	48
	6
	9
	7
	37


	0
	39
	1
	8
	2
	39
	3
	14
	4
	48
	5
	8
	6
	17
	7
	13


	0
	44
	1
	41
	2
	14
	3
	22
	4
	37
	5
	21
	6
	11
	7
	33


	0
	31
	1
	36
	2
	5
	3
	47
	4
	5
	5
	36
	6
	20
	7
	14


	0
	15
	1
	27
	2
	34
	3
	11
	4
	40
	5
	38
	6
	14
	7
	16


	0
	23
	1
	35
	2
	41
	3
	26
	4
	5
	5
	11
	6
	24
	7
	17


	0
	41
	1
	42
	2
	13
	3
	6
	4
	39
	5
	29
	6
	19
	7
	27


	0
	22
	1
	8
	2
	42
	3
	38
	4
	45
	5
	10
	6
	22
	7
	38


	0
	39
	1
	8
	2
	11
	3
	40
	4
	41
	5
	9
	6
	7
	7
	22


	0
	7
	1
	23
	2
	17
	3
	49
	4
	19
	5
	27
	6
	13
	7
	10


	0
	23
	1
	21
	2
	43
	3
	28
	4
	32
	5
	46
	6
	18
	7
	16


	0
	47
	1
	20
	2
	12
	3
	16
	4
	25
	5
	31
	6
	11
	7
	42


	0
	5
	1
	11
	2
	11
	3
	42
	4
	5
	5
	43
	6
	10
	7
	11


	0
	16
	1
	6
	2
	43
	3
	36
	4
	41
	5
	23
	6
	40
	7
	24


	0
	18
	1
	31
	2
	7
	3
	22
	4
	36
	5
	27
	6
	31
	7
	43


	0
	49
	1
	44
	2
	38
	3
	19
	4
	33
	5
	13
	6
	35
	7
	11


	0
	27
	1
	44
	2
	49
	3
	43
	4
	9
	5
	37
	6
	15
	7
	33


	0
	45
	1
	23
	2
	26
	3
	35
	4
	35
	5
	18
	6
	47
	7
	22


	0
	36
	1
	35
	2
	23
	3
	21
	4
	28
	5
	31
	6
	46
	7
	17


	0
	33
	1
	41
	2
	24
	3
	43
	4
	48
	5
	16
	6
	41
	7
	19


	0
	27
	1
	48
	2
	40
	3
	16
	4
	49
	5
	5
	6
	20
	7
	43


	0
	21
	1
	42
	2
	9
	3
	11
	4
	23
	5
	27
	6
	31
	7
	29


	0
	48
	1
	49
	2
	17
	3
	45
	4
	45
	5
	43
	6
	37
	7
	9


	0
	14
	1
	49
	2
	9
	3
	10
	4
	18
	5
	41
	6
	7
	7
	42


	0
	39
	1
	17
	2
	22
	3
	14
	4
	40
	5
	5
	6
	37
	7
	49


	0
	26
	1
	6
	2
	36
	3
	11
	4
	16
	5
	28
	6
	5
	7
	6


	0
	27
	1
	22
	2
	8
	3
	43
	4
	43
	5
	47
	6
	36
	7
	8


	0
	13
	1
	7
	2
	25
	3
	25
	4
	36
	5
	33
	6
	35
	7
	36

