60
8
4

	0
	28
	1
	23
	2
	27
	3
	15
	4
	7
	5
	31
	6
	47
	7
	48


	0
	15
	1
	33
	2
	49
	3
	47
	4
	33
	5
	18
	6
	30
	7
	38


	0
	41
	1
	11
	2
	26
	3
	37
	4
	26
	5
	22
	6
	42
	7
	40


	0
	11
	1
	23
	2
	27
	3
	24
	4
	46
	5
	42
	6
	13
	7
	49


	0
	46
	1
	36
	2
	6
	3
	7
	4
	32
	5
	36
	6
	41
	7
	19


	0
	37
	1
	15
	2
	11
	3
	17
	4
	28
	5
	44
	6
	43
	7
	14


	0
	25
	1
	48
	2
	19
	3
	31
	4
	42
	5
	25
	6
	32
	7
	5


	0
	42
	1
	48
	2
	28
	3
	8
	4
	30
	5
	14
	6
	13
	7
	43


	0
	7
	1
	48
	2
	48
	3
	12
	4
	22
	5
	17
	6
	47
	7
	48


	0
	36
	1
	31
	2
	42
	3
	7
	4
	42
	5
	27
	6
	5
	7
	48


	0
	5
	1
	11
	2
	44
	3
	30
	4
	20
	5
	22
	6
	19
	7
	13


	0
	47
	1
	26
	2
	43
	3
	25
	4
	31
	5
	32
	6
	27
	7
	37


	0
	43
	1
	32
	2
	47
	3
	38
	4
	28
	5
	21
	6
	43
	7
	28


	0
	18
	1
	40
	2
	40
	3
	43
	4
	30
	5
	46
	6
	18
	7
	45


	0
	23
	1
	45
	2
	41
	3
	7
	4
	38
	5
	11
	6
	19
	7
	28


	0
	39
	1
	47
	2
	14
	3
	45
	4
	6
	5
	16
	6
	38
	7
	6


	0
	18
	1
	10
	2
	22
	3
	41
	4
	25
	5
	49
	6
	38
	7
	28


	0
	47
	1
	46
	2
	18
	3
	40
	4
	13
	5
	48
	6
	49
	7
	23


	0
	23
	1
	37
	2
	30
	3
	38
	4
	29
	5
	38
	6
	45
	7
	31


	0
	12
	1
	23
	2
	37
	3
	18
	4
	49
	5
	16
	6
	39
	7
	16


	0
	35
	1
	7
	2
	39
	3
	38
	4
	6
	5
	36
	6
	22
	7
	31


	0
	20
	1
	31
	2
	39
	3
	40
	4
	15
	5
	37
	6
	43
	7
	36


	0
	12
	1
	29
	2
	5
	3
	6
	4
	13
	5
	21
	6
	43
	7
	31


	0
	13
	1
	30
	2
	38
	3
	21
	4
	7
	5
	20
	6
	25
	7
	17


	0
	14
	1
	11
	2
	47
	3
	28
	4
	44
	5
	43
	6
	43
	7
	38


	0
	20
	1
	30
	2
	46
	3
	25
	4
	36
	5
	21
	6
	37
	7
	28


	0
	48
	1
	43
	2
	25
	3
	25
	4
	24
	5
	34
	6
	38
	7
	39


	0
	9
	1
	22
	2
	43
	3
	39
	4
	43
	5
	48
	6
	17
	7
	12


	0
	8
	1
	7
	2
	44
	3
	42
	4
	23
	5
	37
	6
	29
	7
	30


	0
	19
	1
	33
	2
	33
	3
	11
	4
	45
	5
	49
	6
	44
	7
	7


	0
	36
	1
	6
	2
	8
	3
	42
	4
	24
	5
	19
	6
	43
	7
	17


	0
	18
	1
	25
	2
	37
	3
	28
	4
	38
	5
	21
	6
	41
	7
	15


	0
	36
	1
	44
	2
	39
	3
	5
	4
	6
	5
	18
	6
	32
	7
	17


	0
	26
	1
	30
	2
	24
	3
	42
	4
	33
	5
	47
	6
	42
	7
	19


	0
	34
	1
	35
	2
	33
	3
	16
	4
	34
	5
	37
	6
	31
	7
	22


	0
	48
	1
	25
	2
	40
	3
	42
	4
	30
	5
	28
	6
	40
	7
	12


	0
	40
	1
	48
	2
	10
	3
	13
	4
	17
	5
	14
	6
	10
	7
	37


	0
	26
	1
	19
	2
	20
	3
	35
	4
	12
	5
	34
	6
	8
	7
	43


	0
	27
	1
	27
	2
	10
	3
	49
	4
	27
	5
	34
	6
	27
	7
	36


	0
	35
	1
	7
	2
	9
	3
	20
	4
	14
	5
	11
	6
	7
	7
	33


	0
	20
	1
	38
	2
	5
	3
	26
	4
	27
	5
	40
	6
	37
	7
	45


	0
	14
	1
	13
	2
	27
	3
	45
	4
	5
	5
	20
	6
	25
	7
	20


	0
	15
	1
	14
	2
	30
	3
	37
	4
	40
	5
	7
	6
	25
	7
	24


	0
	6
	1
	36
	2
	24
	3
	27
	4
	8
	5
	37
	6
	13
	7
	49


	0
	26
	1
	24
	2
	9
	3
	24
	4
	26
	5
	12
	6
	46
	7
	16


	0
	8
	1
	33
	2
	23
	3
	24
	4
	24
	5
	32
	6
	34
	7
	38


	0
	28
	1
	14
	2
	25
	3
	12
	4
	25
	5
	31
	6
	34
	7
	16


	0
	19
	1
	30
	2
	28
	3
	37
	4
	23
	5
	29
	6
	36
	7
	19


	0
	45
	1
	32
	2
	42
	3
	32
	4
	43
	5
	21
	6
	5
	7
	14


	0
	12
	1
	25
	2
	37
	3
	39
	4
	37
	5
	19
	6
	24
	7
	26


	0
	19
	1
	40
	2
	18
	3
	14
	4
	9
	5
	18
	6
	15
	7
	49


	0
	35
	1
	14
	2
	20
	3
	45
	4
	21
	5
	21
	6
	25
	7
	21


	0
	17
	1
	6
	2
	38
	3
	9
	4
	13
	5
	14
	6
	10
	7
	25


	0
	23
	1
	33
	2
	28
	3
	30
	4
	34
	5
	39
	6
	47
	7
	39


	0
	33
	1
	40
	2
	6
	3
	28
	4
	12
	5
	21
	6
	7
	7
	17


	0
	41
	1
	36
	2
	19
	3
	42
	4
	23
	5
	21
	6
	13
	7
	42


	0
	27
	1
	46
	2
	31
	3
	39
	4
	36
	5
	36
	6
	36
	7
	14


	0
	18
	1
	26
	2
	46
	3
	30
	4
	47
	5
	42
	6
	46
	7
	17


	0
	33
	1
	6
	2
	40
	3
	17
	4
	27
	5
	31
	6
	38
	7
	40


	0
	5
	1
	17
	2
	17
	3
	6
	4
	23
	5
	26
	6
	33
	7
	7

