60
8
2

	0
	24
	1
	31
	2
	44
	3
	24
	4
	17
	5
	49
	6
	17
	7
	29


	0
	9
	1
	13
	2
	28
	3
	36
	4
	42
	5
	26
	6
	39
	7
	48


	0
	45
	1
	33
	2
	16
	3
	42
	4
	15
	5
	37
	6
	43
	7
	23


	0
	19
	1
	38
	2
	19
	3
	26
	4
	41
	5
	7
	6
	30
	7
	14


	0
	30
	1
	6
	2
	32
	3
	27
	4
	44
	5
	28
	6
	9
	7
	9


	0
	26
	1
	46
	2
	44
	3
	22
	4
	14
	5
	17
	6
	19
	7
	15


	0
	6
	1
	20
	2
	7
	3
	42
	4
	41
	5
	36
	6
	43
	7
	45


	0
	11
	1
	38
	2
	38
	3
	45
	4
	43
	5
	24
	6
	42
	7
	7


	0
	42
	1
	46
	2
	47
	3
	7
	4
	7
	5
	5
	6
	33
	7
	26


	0
	48
	1
	5
	2
	7
	3
	44
	4
	32
	5
	47
	6
	47
	7
	40


	0
	22
	1
	48
	2
	29
	3
	48
	4
	22
	5
	39
	6
	45
	7
	42


	0
	35
	1
	20
	2
	13
	3
	41
	4
	19
	5
	9
	6
	38
	7
	10


	0
	25
	1
	41
	2
	49
	3
	42
	4
	19
	5
	18
	6
	36
	7
	18


	0
	12
	1
	39
	2
	36
	3
	21
	4
	26
	5
	34
	6
	17
	7
	30


	0
	8
	1
	7
	2
	24
	3
	36
	4
	9
	5
	34
	6
	45
	7
	30


	0
	27
	1
	7
	2
	43
	3
	20
	4
	42
	5
	15
	6
	31
	7
	34


	0
	40
	1
	40
	2
	25
	3
	36
	4
	12
	5
	10
	6
	39
	7
	27


	0
	36
	1
	32
	2
	38
	3
	38
	4
	26
	5
	19
	6
	48
	7
	30


	0
	49
	1
	27
	2
	33
	3
	7
	4
	37
	5
	41
	6
	41
	7
	9


	0
	6
	1
	46
	2
	49
	3
	12
	4
	30
	5
	13
	6
	39
	7
	48


	0
	16
	1
	27
	2
	37
	3
	15
	4
	36
	5
	44
	6
	48
	7
	49


	0
	31
	1
	19
	2
	36
	3
	27
	4
	23
	5
	18
	6
	49
	7
	41


	0
	23
	1
	5
	2
	28
	3
	47
	4
	40
	5
	42
	6
	12
	7
	44


	0
	8
	1
	32
	2
	6
	3
	43
	4
	37
	5
	47
	6
	13
	7
	38


	0
	22
	1
	38
	2
	21
	3
	10
	4
	12
	5
	41
	6
	22
	7
	47


	0
	48
	1
	6
	2
	31
	3
	47
	4
	21
	5
	13
	6
	13
	7
	42


	0
	5
	1
	5
	2
	19
	3
	41
	4
	40
	5
	27
	6
	29
	7
	27


	0
	33
	1
	14
	2
	17
	3
	19
	4
	5
	5
	16
	6
	44
	7
	26


	0
	29
	1
	35
	2
	22
	3
	38
	4
	35
	5
	32
	6
	49
	7
	5


	0
	17
	1
	35
	2
	22
	3
	27
	4
	6
	5
	6
	6
	23
	7
	27


	0
	40
	1
	43
	2
	27
	3
	12
	4
	41
	5
	38
	6
	32
	7
	42


	0
	14
	1
	38
	2
	16
	3
	9
	4
	34
	5
	32
	6
	23
	7
	36


	0
	26
	1
	32
	2
	17
	3
	39
	4
	21
	5
	15
	6
	39
	7
	49


	0
	42
	1
	16
	2
	46
	3
	44
	4
	27
	5
	39
	6
	12
	7
	31


	0
	31
	1
	11
	2
	17
	3
	44
	4
	20
	5
	44
	6
	40
	7
	8


	0
	49
	1
	31
	2
	36
	3
	20
	4
	16
	5
	15
	6
	39
	7
	27


	0
	8
	1
	7
	2
	37
	3
	22
	4
	47
	5
	44
	6
	20
	7
	48


	0
	11
	1
	6
	2
	34
	3
	38
	4
	15
	5
	39
	6
	22
	7
	36


	0
	49
	1
	46
	2
	31
	3
	37
	4
	15
	5
	26
	6
	21
	7
	44


	0
	16
	1
	18
	2
	41
	3
	13
	4
	40
	5
	48
	6
	20
	7
	40


	0
	34
	1
	39
	2
	5
	3
	39
	4
	29
	5
	5
	6
	38
	7
	10


	0
	39
	1
	20
	2
	37
	3
	17
	4
	42
	5
	35
	6
	15
	7
	36


	0
	23
	1
	26
	2
	38
	3
	18
	4
	46
	5
	30
	6
	44
	7
	19


	0
	21
	1
	47
	2
	49
	3
	15
	4
	37
	5
	37
	6
	44
	7
	46


	0
	33
	1
	5
	2
	9
	3
	15
	4
	39
	5
	13
	6
	19
	7
	48


	0
	30
	1
	11
	2
	6
	3
	38
	4
	5
	5
	20
	6
	8
	7
	32


	0
	40
	1
	5
	2
	44
	3
	49
	4
	5
	5
	36
	6
	7
	7
	5


	0
	12
	1
	39
	2
	37
	3
	12
	4
	46
	5
	6
	6
	38
	7
	15


	0
	37
	1
	7
	2
	48
	3
	48
	4
	12
	5
	20
	6
	45
	7
	11


	0
	49
	1
	25
	2
	20
	3
	7
	4
	16
	5
	31
	6
	38
	7
	24


	0
	17
	1
	27
	2
	16
	3
	44
	4
	38
	5
	39
	6
	17
	7
	26


	0
	45
	1
	33
	2
	41
	3
	6
	4
	23
	5
	49
	6
	20
	7
	6


	0
	47
	1
	25
	2
	41
	3
	38
	4
	35
	5
	29
	6
	36
	7
	10


	0
	10
	1
	31
	2
	8
	3
	45
	4
	33
	5
	26
	6
	9
	7
	24


	0
	13
	1
	43
	2
	25
	3
	36
	4
	24
	5
	34
	6
	40
	7
	28


	0
	33
	1
	34
	2
	24
	3
	47
	4
	7
	5
	31
	6
	34
	7
	8


	0
	34
	1
	42
	2
	10
	3
	36
	4
	41
	5
	33
	6
	33
	7
	38


	0
	41
	1
	43
	2
	32
	3
	19
	4
	7
	5
	41
	6
	15
	7
	44


	0
	5
	1
	49
	2
	29
	3
	49
	4
	34
	5
	39
	6
	20
	7
	34


	0
	5
	1
	30
	2
	44
	3
	37
	4
	5
	5
	32
	6
	31
	7
	47

