60
4
3

	0
	7
	1
	15
	2
	41
	3
	42


	0
	33
	1
	14
	2
	48
	3
	20


	0
	7
	1
	5
	2
	20
	3
	37


	0
	29
	1
	25
	2
	19
	3
	34


	0
	29
	1
	29
	2
	43
	3
	34


	0
	38
	1
	20
	2
	9
	3
	29


	0
	6
	1
	16
	2
	27
	3
	38


	0
	6
	1
	36
	2
	22
	3
	33


	0
	16
	1
	8
	2
	43
	3
	23


	0
	15
	1
	46
	2
	12
	3
	12


	0
	19
	1
	9
	2
	28
	3
	12


	0
	44
	1
	23
	2
	6
	3
	25


	0
	44
	1
	41
	2
	13
	3
	49


	0
	23
	1
	25
	2
	14
	3
	28


	0
	13
	1
	30
	2
	46
	3
	46


	0
	28
	1
	46
	2
	26
	3
	42


	0
	19
	1
	10
	2
	28
	3
	38


	0
	12
	1
	25
	2
	30
	3
	48


	0
	27
	1
	10
	2
	23
	3
	30


	0
	44
	1
	41
	2
	9
	3
	47


	0
	26
	1
	33
	2
	13
	3
	31


	0
	33
	1
	27
	2
	12
	3
	41


	0
	30
	1
	13
	2
	29
	3
	47


	0
	42
	1
	35
	2
	26
	3
	16


	0
	35
	1
	39
	2
	46
	3
	40


	0
	14
	1
	25
	2
	28
	3
	46


	0
	37
	1
	19
	2
	23
	3
	41


	0
	17
	1
	11
	2
	21
	3
	22


	0
	42
	1
	31
	2
	11
	3
	24


	0
	40
	1
	44
	2
	49
	3
	41


	0
	16
	1
	14
	2
	48
	3
	21


	0
	41
	1
	8
	2
	49
	3
	10


	0
	30
	1
	47
	2
	29
	3
	48


	0
	28
	1
	43
	2
	37
	3
	10


	0
	35
	1
	10
	2
	20
	3
	43


	0
	46
	1
	27
	2
	41
	3
	11


	0
	13
	1
	8
	2
	13
	3
	27


	0
	46
	1
	19
	2
	22
	3
	42


	0
	39
	1
	40
	2
	33
	3
	6


	0
	46
	1
	11
	2
	12
	3
	33


	0
	17
	1
	23
	2
	49
	3
	34


	0
	6
	1
	17
	2
	38
	3
	34


	0
	45
	1
	6
	2
	7
	3
	16


	0
	19
	1
	15
	2
	38
	3
	37


	0
	32
	1
	13
	2
	10
	3
	35


	0
	10
	1
	33
	2
	43
	3
	45


	0
	21
	1
	39
	2
	34
	3
	46


	0
	6
	1
	7
	2
	44
	3
	16


	0
	39
	1
	21
	2
	7
	3
	47


	0
	49
	1
	23
	2
	9
	3
	28


	0
	40
	1
	5
	2
	23
	3
	43


	0
	43
	1
	32
	2
	31
	3
	8


	0
	30
	1
	37
	2
	11
	3
	6


	0
	12
	1
	7
	2
	37
	3
	7


	0
	20
	1
	25
	2
	22
	3
	37


	0
	35
	1
	12
	2
	37
	3
	32


	0
	14
	1
	11
	2
	11
	3
	38


	0
	28
	1
	28
	2
	35
	3
	31


	0
	16
	1
	9
	2
	27
	3
	10


	0
	22
	1
	25
	2
	27
	3
	11

