60
8
2

	0
	44
	1
	43
	2
	13
	3
	19
	4
	21
	5
	22
	6
	49
	7
	7


	0
	39
	1
	14
	2
	37
	3
	25
	4
	46
	5
	45
	6
	38
	7
	38


	0
	48
	1
	7
	2
	32
	3
	12
	4
	6
	5
	33
	6
	42
	7
	19


	0
	6
	1
	38
	2
	35
	3
	33
	4
	46
	5
	36
	6
	30
	7
	9


	0
	14
	1
	25
	2
	44
	3
	12
	4
	32
	5
	23
	6
	36
	7
	18


	0
	21
	1
	46
	2
	44
	3
	15
	4
	33
	5
	9
	6
	38
	7
	27


	0
	35
	1
	33
	2
	38
	3
	8
	4
	36
	5
	31
	6
	44
	7
	39


	0
	11
	1
	32
	2
	22
	3
	9
	4
	48
	5
	5
	6
	15
	7
	33


	0
	45
	1
	22
	2
	12
	3
	48
	4
	25
	5
	12
	6
	38
	7
	46


	0
	49
	1
	20
	2
	46
	3
	22
	4
	33
	5
	28
	6
	41
	7
	18


	0
	14
	1
	44
	2
	47
	3
	42
	4
	40
	5
	30
	6
	19
	7
	32


	0
	30
	1
	27
	2
	40
	3
	16
	4
	38
	5
	38
	6
	49
	7
	25


	0
	26
	1
	17
	2
	10
	3
	35
	4
	48
	5
	25
	6
	30
	7
	13


	0
	34
	1
	40
	2
	47
	3
	16
	4
	14
	5
	35
	6
	6
	7
	22


	0
	7
	1
	44
	2
	25
	3
	40
	4
	36
	5
	24
	6
	17
	7
	17


	0
	10
	1
	49
	2
	28
	3
	17
	4
	48
	5
	43
	6
	38
	7
	39


	0
	6
	1
	21
	2
	49
	3
	27
	4
	36
	5
	43
	6
	26
	7
	46


	0
	49
	1
	9
	2
	12
	3
	48
	4
	39
	5
	24
	6
	8
	7
	33


	0
	12
	1
	23
	2
	21
	3
	34
	4
	28
	5
	11
	6
	19
	7
	45


	0
	23
	1
	20
	2
	6
	3
	20
	4
	9
	5
	35
	6
	9
	7
	18


	0
	36
	1
	40
	2
	19
	3
	41
	4
	17
	5
	30
	6
	8
	7
	18


	0
	22
	1
	17
	2
	7
	3
	17
	4
	41
	5
	33
	6
	13
	7
	8


	0
	29
	1
	39
	2
	5
	3
	11
	4
	42
	5
	14
	6
	36
	7
	28


	0
	25
	1
	13
	2
	8
	3
	36
	4
	33
	5
	28
	6
	15
	7
	49


	0
	14
	1
	27
	2
	49
	3
	15
	4
	40
	5
	17
	6
	42
	7
	47


	0
	43
	1
	43
	2
	49
	3
	46
	4
	17
	5
	6
	6
	42
	7
	40


	0
	36
	1
	15
	2
	46
	3
	17
	4
	18
	5
	39
	6
	32
	7
	33


	0
	30
	1
	45
	2
	45
	3
	35
	4
	22
	5
	15
	6
	16
	7
	25


	0
	47
	1
	38
	2
	42
	3
	47
	4
	16
	5
	34
	6
	24
	7
	38


	0
	35
	1
	41
	2
	25
	3
	9
	4
	14
	5
	47
	6
	36
	7
	24


	0
	5
	1
	38
	2
	10
	3
	29
	4
	24
	5
	5
	6
	47
	7
	39


	0
	28
	1
	25
	2
	30
	3
	37
	4
	7
	5
	41
	6
	48
	7
	34


	0
	14
	1
	12
	2
	49
	3
	39
	4
	12
	5
	19
	6
	35
	7
	33


	0
	16
	1
	21
	2
	17
	3
	17
	4
	11
	5
	25
	6
	31
	7
	27


	0
	36
	1
	10
	2
	39
	3
	12
	4
	8
	5
	31
	6
	20
	7
	13


	0
	35
	1
	46
	2
	49
	3
	15
	4
	20
	5
	24
	6
	46
	7
	39


	0
	38
	1
	38
	2
	27
	3
	26
	4
	16
	5
	25
	6
	15
	7
	38


	0
	9
	1
	14
	2
	7
	3
	46
	4
	26
	5
	17
	6
	49
	7
	45


	0
	21
	1
	26
	2
	19
	3
	24
	4
	18
	5
	14
	6
	43
	7
	25


	0
	20
	1
	40
	2
	43
	3
	43
	4
	20
	5
	32
	6
	24
	7
	39


	0
	31
	1
	9
	2
	26
	3
	30
	4
	29
	5
	40
	6
	20
	7
	38


	0
	19
	1
	6
	2
	23
	3
	9
	4
	26
	5
	18
	6
	40
	7
	17


	0
	33
	1
	25
	2
	16
	3
	41
	4
	19
	5
	14
	6
	9
	7
	25


	0
	32
	1
	41
	2
	20
	3
	12
	4
	12
	5
	7
	6
	27
	7
	35


	0
	13
	1
	14
	2
	28
	3
	12
	4
	5
	5
	5
	6
	41
	7
	30


	0
	33
	1
	44
	2
	24
	3
	36
	4
	37
	5
	39
	6
	12
	7
	37


	0
	12
	1
	35
	2
	36
	3
	13
	4
	38
	5
	25
	6
	30
	7
	28


	0
	28
	1
	25
	2
	26
	3
	16
	4
	24
	5
	38
	6
	44
	7
	45


	0
	25
	1
	7
	2
	32
	3
	14
	4
	22
	5
	32
	6
	21
	7
	47


	0
	14
	1
	39
	2
	15
	3
	14
	4
	15
	5
	38
	6
	41
	7
	5


	0
	31
	1
	41
	2
	30
	3
	41
	4
	29
	5
	40
	6
	5
	7
	40


	0
	12
	1
	21
	2
	23
	3
	18
	4
	41
	5
	8
	6
	16
	7
	49


	0
	31
	1
	40
	2
	19
	3
	17
	4
	6
	5
	37
	6
	40
	7
	23


	0
	49
	1
	32
	2
	28
	3
	18
	4
	12
	5
	9
	6
	12
	7
	13


	0
	12
	1
	36
	2
	25
	3
	33
	4
	21
	5
	40
	6
	31
	7
	13


	0
	49
	1
	34
	2
	16
	3
	41
	4
	25
	5
	8
	6
	5
	7
	5


	0
	22
	1
	22
	2
	21
	3
	5
	4
	14
	5
	21
	6
	46
	7
	18


	0
	13
	1
	47
	2
	28
	3
	36
	4
	29
	5
	26
	6
	16
	7
	23


	0
	15
	1
	10
	2
	37
	3
	19
	4
	8
	5
	31
	6
	43
	7
	25


	0
	13
	1
	47
	2
	35
	3
	39
	4
	24
	5
	10
	6
	46
	7
	31

