60
8
5

	0
	24
	1
	7
	2
	38
	3
	37
	4
	46
	5
	31
	6
	47
	7
	35


	0
	18
	1
	24
	2
	44
	3
	34
	4
	40
	5
	13
	6
	45
	7
	48


	0
	43
	1
	43
	2
	9
	3
	7
	4
	40
	5
	17
	6
	17
	7
	10


	0
	15
	1
	31
	2
	32
	3
	46
	4
	46
	5
	46
	6
	27
	7
	33


	0
	7
	1
	14
	2
	32
	3
	47
	4
	47
	5
	37
	6
	31
	7
	48


	0
	32
	1
	47
	2
	11
	3
	33
	4
	47
	5
	26
	6
	34
	7
	48


	0
	49
	1
	40
	2
	46
	3
	8
	4
	39
	5
	13
	6
	36
	7
	28


	0
	11
	1
	29
	2
	36
	3
	42
	4
	40
	5
	5
	6
	17
	7
	45


	0
	47
	1
	5
	2
	32
	3
	12
	4
	49
	5
	29
	6
	6
	7
	27


	0
	40
	1
	17
	2
	34
	3
	15
	4
	5
	5
	27
	6
	41
	7
	26


	0
	13
	1
	26
	2
	37
	3
	35
	4
	15
	5
	19
	6
	20
	7
	45


	0
	29
	1
	7
	2
	27
	3
	14
	4
	17
	5
	39
	6
	45
	7
	25


	0
	26
	1
	25
	2
	46
	3
	45
	4
	41
	5
	8
	6
	27
	7
	31


	0
	26
	1
	10
	2
	30
	3
	34
	4
	6
	5
	38
	6
	15
	7
	48


	0
	8
	1
	43
	2
	7
	3
	31
	4
	37
	5
	38
	6
	20
	7
	13


	0
	48
	1
	8
	2
	8
	3
	6
	4
	24
	5
	5
	6
	49
	7
	34


	0
	48
	1
	26
	2
	38
	3
	14
	4
	18
	5
	21
	6
	32
	7
	38


	0
	29
	1
	49
	2
	41
	3
	13
	4
	29
	5
	11
	6
	29
	7
	18


	0
	35
	1
	30
	2
	28
	3
	13
	4
	16
	5
	16
	6
	19
	7
	6


	0
	19
	1
	46
	2
	28
	3
	28
	4
	24
	5
	9
	6
	17
	7
	46


	0
	19
	1
	21
	2
	20
	3
	25
	4
	33
	5
	31
	6
	35
	7
	26


	0
	49
	1
	46
	2
	44
	3
	26
	4
	39
	5
	44
	6
	15
	7
	11


	0
	40
	1
	15
	2
	42
	3
	23
	4
	37
	5
	31
	6
	35
	7
	48


	0
	30
	1
	34
	2
	49
	3
	11
	4
	29
	5
	13
	6
	16
	7
	22


	0
	15
	1
	47
	2
	38
	3
	10
	4
	15
	5
	44
	6
	18
	7
	17


	0
	25
	1
	24
	2
	29
	3
	15
	4
	11
	5
	13
	6
	29
	7
	6


	0
	48
	1
	13
	2
	30
	3
	8
	4
	27
	5
	42
	6
	19
	7
	38


	0
	40
	1
	15
	2
	13
	3
	42
	4
	44
	5
	28
	6
	29
	7
	45


	0
	19
	1
	34
	2
	5
	3
	31
	4
	41
	5
	38
	6
	17
	7
	8


	0
	33
	1
	38
	2
	46
	3
	36
	4
	16
	5
	42
	6
	9
	7
	7


	0
	31
	1
	44
	2
	36
	3
	45
	4
	7
	5
	10
	6
	17
	7
	43


	0
	5
	1
	18
	2
	11
	3
	19
	4
	15
	5
	29
	6
	11
	7
	6


	0
	35
	1
	5
	2
	18
	3
	28
	4
	21
	5
	40
	6
	20
	7
	24


	0
	15
	1
	44
	2
	37
	3
	21
	4
	47
	5
	28
	6
	49
	7
	25


	0
	48
	1
	25
	2
	11
	3
	10
	4
	21
	5
	7
	6
	10
	7
	24


	0
	30
	1
	10
	2
	26
	3
	11
	4
	8
	5
	42
	6
	42
	7
	13


	0
	19
	1
	48
	2
	49
	3
	46
	4
	5
	5
	7
	6
	9
	7
	15


	0
	26
	1
	22
	2
	6
	3
	37
	4
	29
	5
	18
	6
	26
	7
	33


	0
	34
	1
	16
	2
	27
	3
	36
	4
	22
	5
	22
	6
	13
	7
	16


	0
	42
	1
	43
	2
	5
	3
	33
	4
	33
	5
	39
	6
	28
	7
	22


	0
	7
	1
	21
	2
	14
	3
	45
	4
	17
	5
	18
	6
	30
	7
	33


	0
	40
	1
	12
	2
	7
	3
	27
	4
	8
	5
	41
	6
	28
	7
	16


	0
	20
	1
	23
	2
	18
	3
	27
	4
	33
	5
	27
	6
	35
	7
	13


	0
	35
	1
	34
	2
	44
	3
	31
	4
	8
	5
	13
	6
	27
	7
	25


	0
	17
	1
	36
	2
	33
	3
	5
	4
	42
	5
	24
	6
	49
	7
	31


	0
	12
	1
	17
	2
	13
	3
	19
	4
	32
	5
	24
	6
	16
	7
	17


	0
	27
	1
	47
	2
	33
	3
	14
	4
	20
	5
	15
	6
	22
	7
	24


	0
	8
	1
	40
	2
	20
	3
	37
	4
	41
	5
	5
	6
	26
	7
	5


	0
	11
	1
	25
	2
	34
	3
	40
	4
	31
	5
	46
	6
	5
	7
	43


	0
	43
	1
	39
	2
	16
	3
	5
	4
	28
	5
	9
	6
	26
	7
	12


	0
	12
	1
	27
	2
	21
	3
	47
	4
	37
	5
	19
	6
	48
	7
	11


	0
	31
	1
	47
	2
	12
	3
	41
	4
	32
	5
	24
	6
	14
	7
	18


	0
	34
	1
	33
	2
	49
	3
	16
	4
	29
	5
	40
	6
	5
	7
	13


	0
	30
	1
	14
	2
	46
	3
	30
	4
	26
	5
	44
	6
	23
	7
	10


	0
	6
	1
	24
	2
	11
	3
	44
	4
	22
	5
	26
	6
	36
	7
	26


	0
	15
	1
	8
	2
	46
	3
	49
	4
	31
	5
	41
	6
	35
	7
	37


	0
	35
	1
	10
	2
	10
	3
	37
	4
	32
	5
	42
	6
	18
	7
	29


	0
	18
	1
	29
	2
	36
	3
	24
	4
	22
	5
	9
	6
	18
	7
	43


	0
	45
	1
	8
	2
	20
	3
	42
	4
	9
	5
	10
	6
	46
	7
	40


	0
	20
	1
	14
	2
	43
	3
	9
	4
	7
	5
	9
	6
	10
	7
	39

