60
8
3

	0
	21
	1
	41
	2
	48
	3
	29
	4
	27
	5
	16
	6
	8
	7
	37


	0
	37
	1
	41
	2
	38
	3
	7
	4
	25
	5
	30
	6
	36
	7
	11


	0
	26
	1
	37
	2
	5
	3
	30
	4
	46
	5
	13
	6
	48
	7
	34


	0
	47
	1
	6
	2
	36
	3
	20
	4
	39
	5
	10
	6
	49
	7
	30


	0
	27
	1
	16
	2
	11
	3
	9
	4
	41
	5
	13
	6
	12
	7
	31


	0
	29
	1
	6
	2
	20
	3
	18
	4
	34
	5
	27
	6
	22
	7
	46


	0
	17
	1
	37
	2
	9
	3
	14
	4
	13
	5
	14
	6
	7
	7
	23


	0
	8
	1
	13
	2
	24
	3
	6
	4
	26
	5
	10
	6
	45
	7
	39


	0
	33
	1
	40
	2
	12
	3
	8
	4
	48
	5
	23
	6
	41
	7
	9


	0
	10
	1
	17
	2
	21
	3
	18
	4
	46
	5
	39
	6
	15
	7
	27


	0
	29
	1
	12
	2
	47
	3
	29
	4
	44
	5
	42
	6
	38
	7
	44


	0
	20
	1
	39
	2
	48
	3
	20
	4
	45
	5
	12
	6
	13
	7
	10


	0
	27
	1
	19
	2
	42
	3
	29
	4
	15
	5
	8
	6
	27
	7
	35


	0
	37
	1
	12
	2
	22
	3
	48
	4
	34
	5
	5
	6
	45
	7
	28


	0
	24
	1
	43
	2
	20
	3
	5
	4
	27
	5
	22
	6
	32
	7
	18


	0
	15
	1
	49
	2
	41
	3
	27
	4
	14
	5
	49
	6
	25
	7
	31


	0
	44
	1
	31
	2
	37
	3
	46
	4
	5
	5
	16
	6
	22
	7
	40


	0
	38
	1
	13
	2
	5
	3
	42
	4
	14
	5
	39
	6
	22
	7
	40


	0
	16
	1
	27
	2
	36
	3
	7
	4
	39
	5
	19
	6
	34
	7
	5


	0
	30
	1
	40
	2
	16
	3
	24
	4
	20
	5
	47
	6
	27
	7
	17


	0
	22
	1
	14
	2
	8
	3
	49
	4
	41
	5
	22
	6
	25
	7
	28


	0
	44
	1
	37
	2
	24
	3
	15
	4
	19
	5
	37
	6
	41
	7
	13


	0
	35
	1
	32
	2
	45
	3
	26
	4
	8
	5
	33
	6
	45
	7
	24


	0
	13
	1
	30
	2
	24
	3
	48
	4
	21
	5
	25
	6
	15
	7
	23


	0
	14
	1
	24
	2
	48
	3
	10
	4
	46
	5
	45
	6
	29
	7
	20


	0
	46
	1
	28
	2
	28
	3
	26
	4
	33
	5
	30
	6
	26
	7
	40


	0
	26
	1
	21
	2
	6
	3
	36
	4
	20
	5
	17
	6
	43
	7
	44


	0
	28
	1
	37
	2
	18
	3
	33
	4
	22
	5
	17
	6
	8
	7
	34


	0
	13
	1
	30
	2
	10
	3
	36
	4
	14
	5
	9
	6
	42
	7
	48


	0
	9
	1
	35
	2
	49
	3
	19
	4
	31
	5
	27
	6
	12
	7
	22


	0
	42
	1
	32
	2
	40
	3
	24
	4
	19
	5
	25
	6
	40
	7
	13


	0
	9
	1
	28
	2
	18
	3
	35
	4
	45
	5
	33
	6
	22
	7
	5


	0
	6
	1
	14
	2
	7
	3
	20
	4
	22
	5
	38
	6
	6
	7
	42


	0
	38
	1
	25
	2
	19
	3
	27
	4
	11
	5
	8
	6
	41
	7
	19


	0
	8
	1
	17
	2
	28
	3
	42
	4
	44
	5
	41
	6
	7
	7
	46


	0
	47
	1
	46
	2
	42
	3
	45
	4
	45
	5
	17
	6
	25
	7
	9


	0
	26
	1
	48
	2
	11
	3
	14
	4
	6
	5
	34
	6
	41
	7
	34


	0
	35
	1
	17
	2
	43
	3
	6
	4
	20
	5
	27
	6
	25
	7
	41


	0
	39
	1
	26
	2
	16
	3
	6
	4
	47
	5
	13
	6
	15
	7
	37


	0
	31
	1
	28
	2
	49
	3
	17
	4
	44
	5
	47
	6
	45
	7
	41


	0
	34
	1
	10
	2
	13
	3
	13
	4
	6
	5
	17
	6
	48
	7
	29


	0
	39
	1
	10
	2
	14
	3
	30
	4
	37
	5
	48
	6
	45
	7
	48


	0
	39
	1
	6
	2
	48
	3
	42
	4
	46
	5
	23
	6
	19
	7
	20


	0
	39
	1
	30
	2
	24
	3
	14
	4
	40
	5
	24
	6
	9
	7
	22


	0
	18
	1
	5
	2
	5
	3
	49
	4
	37
	5
	32
	6
	49
	7
	41


	0
	13
	1
	35
	2
	30
	3
	30
	4
	43
	5
	21
	6
	25
	7
	24


	0
	6
	1
	7
	2
	26
	3
	48
	4
	27
	5
	13
	6
	18
	7
	15


	0
	32
	1
	21
	2
	9
	3
	49
	4
	34
	5
	34
	6
	29
	7
	41


	0
	17
	1
	16
	2
	16
	3
	46
	4
	23
	5
	38
	6
	18
	7
	31


	0
	7
	1
	35
	2
	5
	3
	38
	4
	34
	5
	18
	6
	13
	7
	38


	0
	13
	1
	42
	2
	45
	3
	24
	4
	18
	5
	27
	6
	27
	7
	29


	0
	22
	1
	36
	2
	49
	3
	29
	4
	24
	5
	43
	6
	23
	7
	6


	0
	14
	1
	26
	2
	15
	3
	29
	4
	38
	5
	14
	6
	29
	7
	20


	0
	31
	1
	48
	2
	47
	3
	28
	4
	7
	5
	9
	6
	9
	7
	41


	0
	37
	1
	28
	2
	29
	3
	39
	4
	29
	5
	38
	6
	30
	7
	42


	0
	39
	1
	11
	2
	15
	3
	32
	4
	46
	5
	28
	6
	17
	7
	36


	0
	13
	1
	5
	2
	35
	3
	21
	4
	46
	5
	24
	6
	38
	7
	25


	0
	11
	1
	9
	2
	11
	3
	14
	4
	37
	5
	37
	6
	7
	7
	44


	0
	24
	1
	32
	2
	11
	3
	6
	4
	22
	5
	23
	6
	25
	7
	23


	0
	7
	1
	15
	2
	44
	3
	45
	4
	31
	5
	15
	6
	34
	7
	5

