60
4
4

	0
	12
	1
	47
	2
	14
	3
	14


	0
	35
	1
	30
	2
	14
	3
	14


	0
	10
	1
	44
	2
	43
	3
	13


	0
	23
	1
	24
	2
	36
	3
	43


	0
	30
	1
	7
	2
	21
	3
	35


	0
	22
	1
	24
	2
	47
	3
	24


	0
	23
	1
	27
	2
	22
	3
	6


	0
	14
	1
	21
	2
	23
	3
	11


	0
	30
	1
	30
	2
	30
	3
	34


	0
	7
	1
	26
	2
	35
	3
	23


	0
	49
	1
	18
	2
	8
	3
	21


	0
	45
	1
	46
	2
	40
	3
	11


	0
	35
	1
	20
	2
	21
	3
	21


	0
	18
	1
	41
	2
	26
	3
	42


	0
	43
	1
	46
	2
	23
	3
	45


	0
	37
	1
	41
	2
	10
	3
	9


	0
	9
	1
	18
	2
	35
	3
	6


	0
	16
	1
	25
	2
	42
	3
	39


	0
	24
	1
	22
	2
	21
	3
	40


	0
	41
	1
	5
	2
	37
	3
	19


	0
	45
	1
	15
	2
	45
	3
	45


	0
	43
	1
	25
	2
	34
	3
	40


	0
	48
	1
	41
	2
	34
	3
	34


	0
	26
	1
	23
	2
	40
	3
	9


	0
	23
	1
	41
	2
	47
	3
	16


	0
	47
	1
	46
	2
	6
	3
	31


	0
	33
	1
	28
	2
	20
	3
	34


	0
	12
	1
	43
	2
	42
	3
	11


	0
	42
	1
	24
	2
	10
	3
	23


	0
	27
	1
	28
	2
	38
	3
	27


	0
	21
	1
	33
	2
	35
	3
	33


	0
	48
	1
	39
	2
	19
	3
	48


	0
	49
	1
	28
	2
	29
	3
	39


	0
	33
	1
	5
	2
	35
	3
	33


	0
	20
	1
	8
	2
	44
	3
	32


	0
	35
	1
	49
	2
	23
	3
	33


	0
	39
	1
	13
	2
	17
	3
	42


	0
	20
	1
	49
	2
	20
	3
	40


	0
	40
	1
	14
	2
	8
	3
	36


	0
	18
	1
	46
	2
	19
	3
	44


	0
	34
	1
	13
	2
	19
	3
	45


	0
	22
	1
	18
	2
	40
	3
	39


	0
	12
	1
	24
	2
	38
	3
	9


	0
	38
	1
	46
	2
	23
	3
	37


	0
	42
	1
	29
	2
	6
	3
	37


	0
	20
	1
	20
	2
	49
	3
	9


	0
	32
	1
	25
	2
	45
	3
	40


	0
	37
	1
	26
	2
	19
	3
	24


	0
	24
	1
	43
	2
	10
	3
	37


	0
	39
	1
	33
	2
	24
	3
	14


	0
	14
	1
	48
	2
	35
	3
	21


	0
	32
	1
	7
	2
	47
	3
	30


	0
	22
	1
	24
	2
	42
	3
	40


	0
	13
	1
	24
	2
	39
	3
	43


	0
	11
	1
	45
	2
	24
	3
	46


	0
	12
	1
	26
	2
	23
	3
	17


	0
	45
	1
	46
	2
	9
	3
	10


	0
	37
	1
	7
	2
	45
	3
	14


	0
	32
	1
	14
	2
	5
	3
	34


	0
	24
	1
	14
	2
	15
	3
	15

