60
16
4

	0
	10
	1
	19
	2
	26
	3
	7
	4
	38
	5
	38
	6
	21
	7
	27
	8
	38
	9
	5
	10
	8
	11
	10
	12
	41
	13
	48
	14
	43
	15
	23


	0
	39
	1
	29
	2
	39
	3
	32
	4
	48
	5
	27
	6
	14
	7
	30
	8
	33
	9
	6
	10
	23
	11
	23
	12
	5
	13
	32
	14
	29
	15
	19


	0
	43
	1
	44
	2
	46
	3
	38
	4
	18
	5
	33
	6
	15
	7
	25
	8
	10
	9
	31
	10
	10
	11
	15
	12
	41
	13
	24
	14
	39
	15
	7


	0
	19
	1
	39
	2
	48
	3
	25
	4
	39
	5
	42
	6
	43
	7
	42
	8
	26
	9
	22
	10
	42
	11
	5
	12
	19
	13
	13
	14
	45
	15
	48


	0
	29
	1
	11
	2
	34
	3
	24
	4
	18
	5
	34
	6
	10
	7
	40
	8
	45
	9
	49
	10
	38
	11
	20
	12
	49
	13
	5
	14
	47
	15
	33


	0
	43
	1
	35
	2
	8
	3
	30
	4
	12
	5
	36
	6
	5
	7
	43
	8
	10
	9
	21
	10
	21
	11
	42
	12
	31
	13
	35
	14
	42
	15
	49


	0
	31
	1
	35
	2
	19
	3
	6
	4
	14
	5
	29
	6
	40
	7
	34
	8
	45
	9
	17
	10
	13
	11
	47
	12
	10
	13
	9
	14
	12
	15
	46


	0
	34
	1
	10
	2
	40
	3
	39
	4
	48
	5
	25
	6
	18
	7
	5
	8
	48
	9
	26
	10
	20
	11
	26
	12
	30
	13
	49
	14
	23
	15
	34


	0
	15
	1
	35
	2
	40
	3
	41
	4
	8
	5
	34
	6
	10
	7
	29
	8
	49
	9
	39
	10
	21
	11
	6
	12
	13
	13
	44
	14
	27
	15
	18


	0
	35
	1
	42
	2
	15
	3
	49
	4
	46
	5
	22
	6
	25
	7
	37
	8
	9
	9
	15
	10
	23
	11
	32
	12
	28
	13
	23
	14
	9
	15
	26


	0
	34
	1
	28
	2
	34
	3
	9
	4
	45
	5
	8
	6
	36
	7
	22
	8
	21
	9
	15
	10
	47
	11
	38
	12
	11
	13
	19
	14
	49
	15
	19


	0
	11
	1
	21
	2
	10
	3
	32
	4
	42
	5
	30
	6
	48
	7
	40
	8
	46
	9
	43
	10
	12
	11
	21
	12
	49
	13
	26
	14
	18
	15
	35


	0
	16
	1
	39
	2
	42
	3
	26
	4
	16
	5
	41
	6
	27
	7
	15
	8
	15
	9
	46
	10
	28
	11
	19
	12
	19
	13
	36
	14
	11
	15
	24


	0
	23
	1
	38
	2
	35
	3
	21
	4
	28
	5
	48
	6
	49
	7
	34
	8
	32
	9
	14
	10
	7
	11
	42
	12
	49
	13
	44
	14
	9
	15
	5


	0
	41
	1
	47
	2
	10
	3
	12
	4
	38
	5
	34
	6
	32
	7
	17
	8
	32
	9
	19
	10
	14
	11
	25
	12
	33
	13
	28
	14
	28
	15
	41


	0
	44
	1
	6
	2
	16
	3
	36
	4
	13
	5
	33
	6
	49
	7
	9
	8
	38
	9
	33
	10
	5
	11
	33
	12
	7
	13
	18
	14
	49
	15
	48


	0
	16
	1
	34
	2
	47
	3
	5
	4
	26
	5
	39
	6
	40
	7
	49
	8
	6
	9
	21
	10
	7
	11
	13
	12
	39
	13
	46
	14
	8
	15
	33


	0
	32
	1
	41
	2
	28
	3
	10
	4
	45
	5
	32
	6
	9
	7
	49
	8
	9
	9
	43
	10
	9
	11
	23
	12
	47
	13
	32
	14
	37
	15
	14


	0
	37
	1
	39
	2
	48
	3
	43
	4
	31
	5
	33
	6
	41
	7
	12
	8
	8
	9
	44
	10
	35
	11
	18
	12
	41
	13
	38
	14
	20
	15
	20


	0
	32
	1
	42
	2
	19
	3
	27
	4
	20
	5
	15
	6
	15
	7
	12
	8
	48
	9
	47
	10
	36
	11
	20
	12
	37
	13
	35
	14
	41
	15
	18


	0
	46
	1
	14
	2
	33
	3
	45
	4
	24
	5
	38
	6
	20
	7
	44
	8
	42
	9
	18
	10
	21
	11
	30
	12
	15
	13
	26
	14
	8
	15
	28


	0
	18
	1
	48
	2
	41
	3
	32
	4
	18
	5
	37
	6
	43
	7
	25
	8
	47
	9
	40
	10
	14
	11
	22
	12
	21
	13
	36
	14
	46
	15
	29


	0
	19
	1
	30
	2
	10
	3
	26
	4
	35
	5
	17
	6
	40
	7
	28
	8
	6
	9
	40
	10
	40
	11
	13
	12
	34
	13
	39
	14
	31
	15
	24


	0
	7
	1
	11
	2
	25
	3
	15
	4
	46
	5
	24
	6
	34
	7
	19
	8
	25
	9
	46
	10
	33
	11
	19
	12
	44
	13
	15
	14
	14
	15
	17


	0
	15
	1
	7
	2
	37
	3
	38
	4
	30
	5
	15
	6
	43
	7
	24
	8
	31
	9
	35
	10
	27
	11
	24
	12
	45
	13
	28
	14
	19
	15
	45


	0
	5
	1
	25
	2
	43
	3
	30
	4
	27
	5
	41
	6
	16
	7
	48
	8
	24
	9
	39
	10
	41
	11
	34
	12
	23
	13
	41
	14
	49
	15
	6


	0
	26
	1
	39
	2
	7
	3
	44
	4
	42
	5
	47
	6
	42
	7
	22
	8
	39
	9
	23
	10
	25
	11
	6
	12
	20
	13
	34
	14
	43
	15
	39


	0
	47
	1
	49
	2
	41
	3
	28
	4
	30
	5
	34
	6
	48
	7
	46
	8
	29
	9
	29
	10
	31
	11
	40
	12
	28
	13
	35
	14
	27
	15
	45


	0
	45
	1
	35
	2
	28
	3
	34
	4
	24
	5
	26
	6
	10
	7
	35
	8
	40
	9
	34
	10
	5
	11
	35
	12
	6
	13
	31
	14
	24
	15
	32


	0
	30
	1
	5
	2
	37
	3
	13
	4
	40
	5
	10
	6
	7
	7
	15
	8
	40
	9
	5
	10
	47
	11
	18
	12
	16
	13
	44
	14
	8
	15
	26


	0
	46
	1
	11
	2
	37
	3
	22
	4
	25
	5
	9
	6
	33
	7
	14
	8
	36
	9
	31
	10
	24
	11
	39
	12
	36
	13
	49
	14
	40
	15
	20


	0
	21
	1
	32
	2
	42
	3
	46
	4
	31
	5
	13
	6
	17
	7
	48
	8
	42
	9
	45
	10
	12
	11
	21
	12
	7
	13
	13
	14
	17
	15
	27


	0
	38
	1
	43
	2
	13
	3
	30
	4
	24
	5
	39
	6
	14
	7
	41
	8
	47
	9
	22
	10
	23
	11
	21
	12
	18
	13
	38
	14
	31
	15
	13


	0
	8
	1
	23
	2
	36
	3
	15
	4
	6
	5
	41
	6
	22
	7
	32
	8
	17
	9
	34
	10
	7
	11
	20
	12
	35
	13
	47
	14
	44
	15
	19


	0
	27
	1
	20
	2
	13
	3
	17
	4
	14
	5
	8
	6
	25
	7
	13
	8
	46
	9
	28
	10
	10
	11
	24
	12
	47
	13
	42
	14
	24
	15
	42


	0
	37
	1
	42
	2
	21
	3
	45
	4
	39
	5
	29
	6
	26
	7
	42
	8
	26
	9
	21
	10
	13
	11
	26
	12
	17
	13
	25
	14
	44
	15
	47


	0
	33
	1
	46
	2
	7
	3
	40
	4
	19
	5
	27
	6
	10
	7
	15
	8
	48
	9
	44
	10
	31
	11
	28
	12
	47
	13
	34
	14
	16
	15
	28


	0
	48
	1
	49
	2
	42
	3
	7
	4
	22
	5
	35
	6
	6
	7
	21
	8
	17
	9
	39
	10
	49
	11
	37
	12
	43
	13
	38
	14
	38
	15
	25


	0
	41
	1
	44
	2
	49
	3
	17
	4
	28
	5
	19
	6
	40
	7
	24
	8
	45
	9
	25
	10
	18
	11
	13
	12
	12
	13
	46
	14
	17
	15
	38


	0
	15
	1
	7
	2
	34
	3
	43
	4
	24
	5
	7
	6
	26
	7
	35
	8
	38
	9
	42
	10
	20
	11
	47
	12
	8
	13
	25
	14
	46
	15
	10


	0
	13
	1
	35
	2
	47
	3
	38
	4
	36
	5
	49
	6
	37
	7
	18
	8
	15
	9
	24
	10
	8
	11
	13
	12
	48
	13
	29
	14
	47
	15
	20


	0
	21
	1
	32
	2
	25
	3
	6
	4
	38
	5
	43
	6
	40
	7
	44
	8
	8
	9
	33
	10
	12
	11
	18
	12
	37
	13
	47
	14
	48
	15
	25


	0
	43
	1
	16
	2
	48
	3
	40
	4
	43
	5
	6
	6
	39
	7
	20
	8
	35
	9
	19
	10
	28
	11
	35
	12
	9
	13
	12
	14
	46
	15
	7


	0
	20
	1
	10
	2
	7
	3
	22
	4
	22
	5
	8
	6
	21
	7
	44
	8
	39
	9
	18
	10
	11
	11
	25
	12
	41
	13
	37
	14
	29
	15
	35


	0
	18
	1
	32
	2
	20
	3
	45
	4
	47
	5
	42
	6
	41
	7
	44
	8
	20
	9
	43
	10
	24
	11
	15
	12
	33
	13
	39
	14
	9
	15
	27


	0
	37
	1
	38
	2
	30
	3
	45
	4
	30
	5
	31
	6
	47
	7
	13
	8
	45
	9
	10
	10
	25
	11
	20
	12
	26
	13
	35
	14
	18
	15
	22


	0
	14
	1
	21
	2
	27
	3
	14
	4
	48
	5
	25
	6
	13
	7
	42
	8
	46
	9
	23
	10
	37
	11
	8
	12
	14
	13
	27
	14
	34
	15
	26


	0
	45
	1
	25
	2
	26
	3
	46
	4
	47
	5
	9
	6
	37
	7
	29
	8
	11
	9
	14
	10
	18
	11
	28
	12
	27
	13
	32
	14
	12
	15
	20


	0
	40
	1
	35
	2
	23
	3
	42
	4
	26
	5
	19
	6
	25
	7
	18
	8
	10
	9
	34
	10
	27
	11
	37
	12
	32
	13
	27
	14
	9
	15
	23


	0
	11
	1
	7
	2
	28
	3
	44
	4
	24
	5
	23
	6
	9
	7
	36
	8
	13
	9
	22
	10
	26
	11
	28
	12
	15
	13
	39
	14
	42
	15
	41


	0
	45
	1
	27
	2
	34
	3
	19
	4
	20
	5
	18
	6
	14
	7
	33
	8
	36
	9
	35
	10
	26
	11
	32
	12
	13
	13
	40
	14
	7
	15
	34


	0
	6
	1
	43
	2
	18
	3
	46
	4
	36
	5
	9
	6
	39
	7
	40
	8
	7
	9
	23
	10
	25
	11
	35
	12
	5
	13
	33
	14
	19
	15
	40


	0
	28
	1
	6
	2
	47
	3
	6
	4
	13
	5
	27
	6
	34
	7
	49
	8
	21
	9
	34
	10
	7
	11
	27
	12
	11
	13
	34
	14
	21
	15
	45


	0
	16
	1
	7
	2
	12
	3
	35
	4
	32
	5
	28
	6
	22
	7
	27
	8
	11
	9
	33
	10
	45
	11
	48
	12
	43
	13
	48
	14
	10
	15
	17


	0
	35
	1
	31
	2
	37
	3
	19
	4
	23
	5
	34
	6
	35
	7
	27
	8
	18
	9
	13
	10
	23
	11
	42
	12
	20
	13
	34
	14
	16
	15
	17


	0
	8
	1
	40
	2
	31
	3
	37
	4
	20
	5
	39
	6
	10
	7
	14
	8
	44
	9
	11
	10
	29
	11
	8
	12
	28
	13
	31
	14
	30
	15
	45


	0
	47
	1
	26
	2
	34
	3
	46
	4
	20
	5
	6
	6
	9
	7
	46
	8
	45
	9
	49
	10
	30
	11
	32
	12
	15
	13
	45
	14
	16
	15
	45


	0
	39
	1
	29
	2
	5
	3
	36
	4
	5
	5
	26
	6
	32
	7
	45
	8
	44
	9
	41
	10
	19
	11
	26
	12
	24
	13
	10
	14
	25
	15
	45


	0
	15
	1
	44
	2
	33
	3
	33
	4
	49
	5
	7
	6
	18
	7
	5
	8
	47
	9
	10
	10
	13
	11
	42
	12
	30
	13
	10
	14
	43
	15
	19


	0
	13
	1
	43
	2
	28
	3
	13
	4
	19
	5
	17
	6
	48
	7
	37
	8
	33
	9
	31
	10
	41
	11
	33
	12
	43
	13
	29
	14
	9
	15
	19

