60
8
4

	0
	37
	1
	29
	2
	49
	3
	38
	4
	25
	5
	27
	6
	38
	7
	10


	0
	23
	1
	29
	2
	38
	3
	10
	4
	27
	5
	29
	6
	14
	7
	40


	0
	7
	1
	9
	2
	34
	3
	31
	4
	20
	5
	20
	6
	39
	7
	47


	0
	32
	1
	9
	2
	32
	3
	5
	4
	44
	5
	14
	6
	6
	7
	33


	0
	12
	1
	15
	2
	48
	3
	47
	4
	26
	5
	23
	6
	28
	7
	49


	0
	23
	1
	17
	2
	28
	3
	31
	4
	19
	5
	32
	6
	47
	7
	18


	0
	7
	1
	38
	2
	39
	3
	19
	4
	22
	5
	31
	6
	26
	7
	10


	0
	7
	1
	16
	2
	6
	3
	27
	4
	22
	5
	30
	6
	36
	7
	14


	0
	45
	1
	23
	2
	17
	3
	8
	4
	31
	5
	40
	6
	15
	7
	38


	0
	27
	1
	27
	2
	12
	3
	25
	4
	21
	5
	29
	6
	28
	7
	20


	0
	32
	1
	40
	2
	28
	3
	16
	4
	47
	5
	36
	6
	43
	7
	28


	0
	25
	1
	27
	2
	16
	3
	33
	4
	37
	5
	31
	6
	37
	7
	46


	0
	19
	1
	9
	2
	17
	3
	27
	4
	46
	5
	5
	6
	49
	7
	18


	0
	43
	1
	17
	2
	8
	3
	37
	4
	28
	5
	45
	6
	12
	7
	15


	0
	34
	1
	32
	2
	47
	3
	27
	4
	16
	5
	31
	6
	35
	7
	28


	0
	31
	1
	28
	2
	8
	3
	25
	4
	49
	5
	9
	6
	11
	7
	14


	0
	39
	1
	16
	2
	16
	3
	49
	4
	46
	5
	45
	6
	39
	7
	32


	0
	45
	1
	35
	2
	16
	3
	5
	4
	28
	5
	32
	6
	15
	7
	45


	0
	23
	1
	35
	2
	8
	3
	46
	4
	20
	5
	27
	6
	26
	7
	15


	0
	8
	1
	38
	2
	31
	3
	16
	4
	24
	5
	37
	6
	23
	7
	35


	0
	15
	1
	8
	2
	26
	3
	11
	4
	23
	5
	26
	6
	31
	7
	44


	0
	12
	1
	31
	2
	14
	3
	22
	4
	43
	5
	31
	6
	22
	7
	8


	0
	38
	1
	28
	2
	33
	3
	44
	4
	13
	5
	25
	6
	42
	7
	41


	0
	7
	1
	14
	2
	22
	3
	27
	4
	20
	5
	24
	6
	42
	7
	13


	0
	15
	1
	22
	2
	6
	3
	34
	4
	10
	5
	30
	6
	18
	7
	34


	0
	42
	1
	15
	2
	38
	3
	30
	4
	16
	5
	17
	6
	40
	7
	18


	0
	17
	1
	11
	2
	38
	3
	8
	4
	5
	5
	49
	6
	45
	7
	35


	0
	28
	1
	43
	2
	35
	3
	6
	4
	35
	5
	21
	6
	27
	7
	48


	0
	18
	1
	37
	2
	36
	3
	30
	4
	22
	5
	44
	6
	21
	7
	7


	0
	42
	1
	7
	2
	35
	3
	44
	4
	45
	5
	25
	6
	24
	7
	37


	0
	15
	1
	45
	2
	38
	3
	7
	4
	34
	5
	15
	6
	15
	7
	20


	0
	28
	1
	23
	2
	27
	3
	23
	4
	27
	5
	22
	6
	49
	7
	8


	0
	36
	1
	31
	2
	34
	3
	49
	4
	35
	5
	45
	6
	37
	7
	29


	0
	36
	1
	48
	2
	19
	3
	17
	4
	20
	5
	37
	6
	37
	7
	19


	0
	48
	1
	10
	2
	33
	3
	48
	4
	41
	5
	43
	6
	40
	7
	43


	0
	22
	1
	12
	2
	37
	3
	32
	4
	47
	5
	30
	6
	15
	7
	20


	0
	29
	1
	43
	2
	42
	3
	14
	4
	36
	5
	38
	6
	44
	7
	42


	0
	46
	1
	44
	2
	15
	3
	36
	4
	47
	5
	21
	6
	20
	7
	41


	0
	7
	1
	21
	2
	34
	3
	19
	4
	19
	5
	19
	6
	30
	7
	11


	0
	25
	1
	11
	2
	7
	3
	25
	4
	24
	5
	26
	6
	19
	7
	27


	0
	25
	1
	21
	2
	38
	3
	10
	4
	9
	5
	21
	6
	6
	7
	12


	0
	31
	1
	15
	2
	36
	3
	8
	4
	38
	5
	35
	6
	19
	7
	39


	0
	24
	1
	42
	2
	32
	3
	25
	4
	45
	5
	13
	6
	6
	7
	6


	0
	47
	1
	20
	2
	33
	3
	10
	4
	6
	5
	7
	6
	14
	7
	29


	0
	45
	1
	43
	2
	23
	3
	25
	4
	28
	5
	20
	6
	11
	7
	28


	0
	37
	1
	18
	2
	18
	3
	21
	4
	44
	5
	9
	6
	32
	7
	14


	0
	8
	1
	38
	2
	32
	3
	13
	4
	41
	5
	22
	6
	49
	7
	37


	0
	19
	1
	25
	2
	41
	3
	14
	4
	22
	5
	6
	6
	43
	7
	13


	0
	9
	1
	28
	2
	48
	3
	34
	4
	13
	5
	14
	6
	9
	7
	44


	0
	49
	1
	12
	2
	31
	3
	38
	4
	48
	5
	41
	6
	46
	7
	16


	0
	17
	1
	15
	2
	20
	3
	41
	4
	49
	5
	26
	6
	41
	7
	23


	0
	15
	1
	44
	2
	12
	3
	30
	4
	46
	5
	43
	6
	37
	7
	27


	0
	7
	1
	30
	2
	18
	3
	44
	4
	38
	5
	14
	6
	18
	7
	25


	0
	41
	1
	24
	2
	32
	3
	20
	4
	48
	5
	37
	6
	42
	7
	29


	0
	38
	1
	17
	2
	32
	3
	12
	4
	23
	5
	24
	6
	11
	7
	9


	0
	8
	1
	38
	2
	21
	3
	11
	4
	12
	5
	39
	6
	11
	7
	40


	0
	21
	1
	37
	2
	40
	3
	7
	4
	10
	5
	7
	6
	45
	7
	44


	0
	14
	1
	30
	2
	37
	3
	31
	4
	31
	5
	21
	6
	11
	7
	25


	0
	18
	1
	44
	2
	37
	3
	20
	4
	37
	5
	11
	6
	43
	7
	22


	0
	42
	1
	41
	2
	35
	3
	43
	4
	48
	5
	30
	6
	17
	7
	45

