60
16
3

	0
	16
	1
	48
	2
	45
	3
	20
	4
	7
	5
	19
	6
	29
	7
	23
	8
	47
	9
	21
	10
	9
	11
	44
	12
	10
	13
	41
	14
	20
	15
	21


	0
	25
	1
	26
	2
	23
	3
	31
	4
	49
	5
	17
	6
	18
	7
	7
	8
	10
	9
	24
	10
	46
	11
	41
	12
	31
	13
	23
	14
	20
	15
	17


	0
	37
	1
	27
	2
	26
	3
	7
	4
	22
	5
	10
	6
	25
	7
	30
	8
	23
	9
	42
	10
	24
	11
	19
	12
	8
	13
	31
	14
	21
	15
	47


	0
	22
	1
	28
	2
	28
	3
	32
	4
	12
	5
	31
	6
	6
	7
	11
	8
	36
	9
	17
	10
	40
	11
	31
	12
	42
	13
	43
	14
	15
	15
	36


	0
	39
	1
	8
	2
	40
	3
	44
	4
	6
	5
	40
	6
	27
	7
	18
	8
	43
	9
	7
	10
	41
	11
	5
	12
	21
	13
	26
	14
	46
	15
	49


	0
	16
	1
	36
	2
	39
	3
	32
	4
	40
	5
	16
	6
	30
	7
	30
	8
	23
	9
	48
	10
	21
	11
	29
	12
	24
	13
	39
	14
	36
	15
	22


	0
	12
	1
	26
	2
	30
	3
	29
	4
	21
	5
	13
	6
	14
	7
	48
	8
	6
	9
	35
	10
	39
	11
	21
	12
	24
	13
	40
	14
	32
	15
	13


	0
	32
	1
	24
	2
	34
	3
	29
	4
	19
	5
	40
	6
	31
	7
	5
	8
	25
	9
	23
	10
	25
	11
	18
	12
	41
	13
	24
	14
	46
	15
	20


	0
	45
	1
	41
	2
	19
	3
	27
	4
	38
	5
	21
	6
	47
	7
	5
	8
	39
	9
	15
	10
	40
	11
	15
	12
	25
	13
	38
	14
	37
	15
	6


	0
	15
	1
	6
	2
	45
	3
	21
	4
	37
	5
	35
	6
	6
	7
	11
	8
	40
	9
	36
	10
	25
	11
	31
	12
	43
	13
	44
	14
	42
	15
	34


	0
	17
	1
	29
	2
	24
	3
	45
	4
	38
	5
	49
	6
	29
	7
	27
	8
	49
	9
	8
	10
	14
	11
	7
	12
	26
	13
	7
	14
	10
	15
	38


	0
	30
	1
	16
	2
	28
	3
	14
	4
	49
	5
	47
	6
	35
	7
	27
	8
	29
	9
	25
	10
	9
	11
	9
	12
	23
	13
	30
	14
	23
	15
	30


	0
	33
	1
	11
	2
	43
	3
	33
	4
	25
	5
	27
	6
	41
	7
	13
	8
	33
	9
	14
	10
	5
	11
	38
	12
	49
	13
	33
	14
	24
	15
	16


	0
	25
	1
	46
	2
	19
	3
	44
	4
	11
	5
	22
	6
	20
	7
	20
	8
	45
	9
	46
	10
	31
	11
	23
	12
	42
	13
	6
	14
	14
	15
	26


	0
	43
	1
	21
	2
	25
	3
	23
	4
	49
	5
	7
	6
	15
	7
	22
	8
	43
	9
	19
	10
	34
	11
	26
	12
	14
	13
	18
	14
	48
	15
	14


	0
	44
	1
	34
	2
	47
	3
	17
	4
	16
	5
	24
	6
	21
	7
	15
	8
	12
	9
	15
	10
	11
	11
	46
	12
	30
	13
	40
	14
	29
	15
	37


	0
	35
	1
	22
	2
	36
	3
	38
	4
	42
	5
	33
	6
	44
	7
	31
	8
	47
	9
	48
	10
	46
	11
	24
	12
	25
	13
	35
	14
	11
	15
	19


	0
	22
	1
	16
	2
	43
	3
	7
	4
	44
	5
	20
	6
	37
	7
	7
	8
	32
	9
	27
	10
	26
	11
	25
	12
	21
	13
	29
	14
	15
	15
	8


	0
	36
	1
	26
	2
	34
	3
	39
	4
	35
	5
	43
	6
	9
	7
	45
	8
	32
	9
	20
	10
	38
	11
	22
	12
	33
	13
	17
	14
	40
	15
	35


	0
	30
	1
	7
	2
	21
	3
	9
	4
	11
	5
	21
	6
	15
	7
	48
	8
	46
	9
	13
	10
	21
	11
	45
	12
	22
	13
	9
	14
	22
	15
	42


	0
	43
	1
	11
	2
	34
	3
	15
	4
	29
	5
	6
	6
	22
	7
	44
	8
	43
	9
	34
	10
	13
	11
	18
	12
	24
	13
	7
	14
	31
	15
	13


	0
	11
	1
	27
	2
	6
	3
	18
	4
	19
	5
	12
	6
	43
	7
	25
	8
	29
	9
	31
	10
	43
	11
	25
	12
	31
	13
	7
	14
	20
	15
	37


	0
	26
	1
	28
	2
	25
	3
	15
	4
	18
	5
	29
	6
	16
	7
	7
	8
	40
	9
	25
	10
	49
	11
	5
	12
	48
	13
	43
	14
	41
	15
	29


	0
	15
	1
	9
	2
	41
	3
	49
	4
	8
	5
	19
	6
	27
	7
	17
	8
	46
	9
	12
	10
	23
	11
	38
	12
	34
	13
	29
	14
	25
	15
	31


	0
	6
	1
	17
	2
	15
	3
	47
	4
	46
	5
	12
	6
	49
	7
	39
	8
	33
	9
	17
	10
	28
	11
	16
	12
	24
	13
	19
	14
	41
	15
	18


	0
	19
	1
	12
	2
	45
	3
	48
	4
	46
	5
	11
	6
	40
	7
	12
	8
	45
	9
	29
	10
	17
	11
	25
	12
	26
	13
	27
	14
	46
	15
	16


	0
	8
	1
	8
	2
	32
	3
	29
	4
	33
	5
	30
	6
	29
	7
	19
	8
	30
	9
	29
	10
	13
	11
	19
	12
	47
	13
	5
	14
	28
	15
	38


	0
	46
	1
	29
	2
	28
	3
	33
	4
	22
	5
	30
	6
	11
	7
	18
	8
	25
	9
	23
	10
	40
	11
	33
	12
	40
	13
	30
	14
	21
	15
	28


	0
	42
	1
	15
	2
	24
	3
	47
	4
	31
	5
	17
	6
	37
	7
	11
	8
	42
	9
	11
	10
	41
	11
	19
	12
	44
	13
	35
	14
	38
	15
	33


	0
	44
	1
	7
	2
	29
	3
	24
	4
	31
	5
	31
	6
	23
	7
	14
	8
	48
	9
	5
	10
	35
	11
	28
	12
	5
	13
	29
	14
	24
	15
	33


	0
	14
	1
	39
	2
	31
	3
	47
	4
	48
	5
	26
	6
	45
	7
	38
	8
	11
	9
	48
	10
	7
	11
	11
	12
	42
	13
	23
	14
	28
	15
	44


	0
	16
	1
	44
	2
	35
	3
	29
	4
	44
	5
	26
	6
	42
	7
	17
	8
	42
	9
	46
	10
	29
	11
	24
	12
	32
	13
	23
	14
	24
	15
	33


	0
	48
	1
	35
	2
	22
	3
	7
	4
	8
	5
	41
	6
	22
	7
	35
	8
	36
	9
	15
	10
	24
	11
	30
	12
	40
	13
	42
	14
	18
	15
	43


	0
	25
	1
	29
	2
	15
	3
	32
	4
	24
	5
	38
	6
	38
	7
	33
	8
	11
	9
	30
	10
	31
	11
	30
	12
	22
	13
	18
	14
	16
	15
	21


	0
	40
	1
	19
	2
	20
	3
	11
	4
	44
	5
	20
	6
	13
	7
	39
	8
	6
	9
	30
	10
	15
	11
	34
	12
	38
	13
	5
	14
	9
	15
	43


	0
	44
	1
	44
	2
	21
	3
	8
	4
	6
	5
	28
	6
	36
	7
	27
	8
	26
	9
	48
	10
	6
	11
	18
	12
	20
	13
	45
	14
	45
	15
	26


	0
	32
	1
	6
	2
	24
	3
	19
	4
	6
	5
	14
	6
	7
	7
	38
	8
	15
	9
	36
	10
	15
	11
	41
	12
	6
	13
	24
	14
	19
	15
	35


	0
	38
	1
	22
	2
	45
	3
	30
	4
	13
	5
	18
	6
	26
	7
	5
	8
	28
	9
	10
	10
	30
	11
	24
	12
	35
	13
	33
	14
	44
	15
	24


	0
	26
	1
	14
	2
	18
	3
	23
	4
	43
	5
	36
	6
	27
	7
	23
	8
	23
	9
	29
	10
	15
	11
	37
	12
	21
	13
	43
	14
	26
	15
	16


	0
	48
	1
	42
	2
	40
	3
	44
	4
	25
	5
	45
	6
	24
	7
	5
	8
	29
	9
	30
	10
	45
	11
	10
	12
	40
	13
	37
	14
	26
	15
	45


	0
	17
	1
	12
	2
	37
	3
	39
	4
	48
	5
	31
	6
	29
	7
	47
	8
	7
	9
	29
	10
	41
	11
	11
	12
	42
	13
	31
	14
	47
	15
	49


	0
	40
	1
	12
	2
	10
	3
	47
	4
	20
	5
	20
	6
	43
	7
	16
	8
	26
	9
	39
	10
	20
	11
	15
	12
	39
	13
	17
	14
	34
	15
	11


	0
	15
	1
	49
	2
	33
	3
	25
	4
	35
	5
	33
	6
	27
	7
	11
	8
	33
	9
	11
	10
	6
	11
	16
	12
	14
	13
	22
	14
	19
	15
	42


	0
	6
	1
	35
	2
	12
	3
	12
	4
	26
	5
	46
	6
	20
	7
	18
	8
	18
	9
	39
	10
	7
	11
	37
	12
	13
	13
	43
	14
	21
	15
	32


	0
	39
	1
	36
	2
	17
	3
	25
	4
	19
	5
	21
	6
	45
	7
	6
	8
	12
	9
	8
	10
	41
	11
	23
	12
	7
	13
	16
	14
	35
	15
	12


	0
	26
	1
	34
	2
	43
	3
	14
	4
	32
	5
	21
	6
	28
	7
	43
	8
	26
	9
	40
	10
	35
	11
	5
	12
	38
	13
	45
	14
	8
	15
	33


	0
	35
	1
	19
	2
	14
	3
	30
	4
	40
	5
	44
	6
	19
	7
	5
	8
	45
	9
	18
	10
	5
	11
	28
	12
	9
	13
	40
	14
	7
	15
	22


	0
	49
	1
	37
	2
	29
	3
	38
	4
	37
	5
	10
	6
	40
	7
	16
	8
	7
	9
	41
	10
	49
	11
	27
	12
	29
	13
	5
	14
	10
	15
	24


	0
	48
	1
	47
	2
	20
	3
	5
	4
	34
	5
	12
	6
	46
	7
	26
	8
	14
	9
	9
	10
	49
	11
	43
	12
	48
	13
	6
	14
	48
	15
	15


	0
	9
	1
	15
	2
	12
	3
	43
	4
	18
	5
	32
	6
	30
	7
	10
	8
	30
	9
	44
	10
	16
	11
	43
	12
	33
	13
	41
	14
	26
	15
	31


	0
	40
	1
	46
	2
	29
	3
	16
	4
	34
	5
	34
	6
	39
	7
	17
	8
	37
	9
	10
	10
	46
	11
	9
	12
	6
	13
	44
	14
	11
	15
	31


	0
	30
	1
	45
	2
	21
	3
	41
	4
	43
	5
	41
	6
	15
	7
	28
	8
	15
	9
	37
	10
	23
	11
	45
	12
	37
	13
	13
	14
	48
	15
	39


	0
	28
	1
	35
	2
	49
	3
	8
	4
	37
	5
	46
	6
	35
	7
	23
	8
	12
	9
	10
	10
	42
	11
	18
	12
	28
	13
	45
	14
	13
	15
	40


	0
	46
	1
	27
	2
	20
	3
	18
	4
	17
	5
	32
	6
	42
	7
	43
	8
	13
	9
	28
	10
	28
	11
	24
	12
	29
	13
	34
	14
	21
	15
	25


	0
	15
	1
	24
	2
	28
	3
	11
	4
	44
	5
	13
	6
	41
	7
	19
	8
	9
	9
	46
	10
	28
	11
	22
	12
	6
	13
	28
	14
	33
	15
	17


	0
	28
	1
	29
	2
	31
	3
	13
	4
	18
	5
	19
	6
	22
	7
	48
	8
	13
	9
	36
	10
	11
	11
	20
	12
	7
	13
	16
	14
	32
	15
	39


	0
	34
	1
	31
	2
	33
	3
	45
	4
	38
	5
	22
	6
	41
	7
	8
	8
	27
	9
	48
	10
	18
	11
	42
	12
	35
	13
	32
	14
	38
	15
	33


	0
	40
	1
	20
	2
	32
	3
	7
	4
	36
	5
	30
	6
	14
	7
	35
	8
	29
	9
	40
	10
	27
	11
	44
	12
	28
	13
	5
	14
	46
	15
	15


	0
	45
	1
	16
	2
	26
	3
	32
	4
	7
	5
	9
	6
	25
	7
	8
	8
	22
	9
	31
	10
	23
	11
	5
	12
	16
	13
	25
	14
	21
	15
	10


	0
	45
	1
	30
	2
	20
	3
	45
	4
	38
	5
	12
	6
	49
	7
	9
	8
	48
	9
	35
	10
	31
	11
	33
	12
	24
	13
	5
	14
	17
	15
	40

