60
16
4

	0
	21
	1
	33
	2
	42
	3
	15
	4
	17
	5
	39
	6
	22
	7
	19
	8
	40
	9
	7
	10
	16
	11
	6
	12
	11
	13
	32
	14
	27
	15
	10


	0
	6
	1
	49
	2
	19
	3
	9
	4
	22
	5
	12
	6
	24
	7
	6
	8
	39
	9
	49
	10
	23
	11
	18
	12
	10
	13
	24
	14
	44
	15
	22


	0
	7
	1
	18
	2
	22
	3
	18
	4
	27
	5
	12
	6
	24
	7
	38
	8
	21
	9
	34
	10
	38
	11
	27
	12
	45
	13
	28
	14
	16
	15
	33


	0
	26
	1
	25
	2
	10
	3
	35
	4
	11
	5
	14
	6
	7
	7
	29
	8
	23
	9
	25
	10
	43
	11
	5
	12
	40
	13
	21
	14
	24
	15
	28


	0
	6
	1
	8
	2
	20
	3
	17
	4
	38
	5
	29
	6
	46
	7
	15
	8
	21
	9
	8
	10
	22
	11
	22
	12
	21
	13
	29
	14
	35
	15
	27


	0
	24
	1
	25
	2
	37
	3
	42
	4
	37
	5
	10
	6
	15
	7
	39
	8
	26
	9
	24
	10
	11
	11
	14
	12
	42
	13
	29
	14
	20
	15
	44


	0
	20
	1
	21
	2
	33
	3
	41
	4
	7
	5
	43
	6
	34
	7
	27
	8
	13
	9
	36
	10
	45
	11
	21
	12
	37
	13
	29
	14
	14
	15
	31


	0
	42
	1
	23
	2
	36
	3
	44
	4
	11
	5
	47
	6
	16
	7
	33
	8
	12
	9
	14
	10
	17
	11
	20
	12
	34
	13
	41
	14
	6
	15
	33


	0
	40
	1
	47
	2
	35
	3
	28
	4
	15
	5
	10
	6
	41
	7
	28
	8
	45
	9
	23
	10
	42
	11
	49
	12
	12
	13
	49
	14
	12
	15
	23


	0
	21
	1
	37
	2
	42
	3
	26
	4
	38
	5
	20
	6
	12
	7
	36
	8
	28
	9
	39
	10
	19
	11
	17
	12
	24
	13
	37
	14
	32
	15
	26


	0
	46
	1
	18
	2
	43
	3
	18
	4
	35
	5
	13
	6
	27
	7
	24
	8
	43
	9
	9
	10
	23
	11
	8
	12
	31
	13
	16
	14
	19
	15
	9


	0
	18
	1
	11
	2
	48
	3
	13
	4
	44
	5
	16
	6
	38
	7
	35
	8
	35
	9
	24
	10
	32
	11
	44
	12
	38
	13
	26
	14
	40
	15
	13


	0
	32
	1
	40
	2
	6
	3
	22
	4
	21
	5
	12
	6
	12
	7
	5
	8
	9
	9
	13
	10
	25
	11
	14
	12
	29
	13
	25
	14
	18
	15
	39


	0
	46
	1
	23
	2
	49
	3
	18
	4
	34
	5
	19
	6
	44
	7
	22
	8
	37
	9
	49
	10
	28
	11
	38
	12
	5
	13
	41
	14
	48
	15
	13


	0
	10
	1
	31
	2
	46
	3
	15
	4
	26
	5
	18
	6
	30
	7
	39
	8
	31
	9
	6
	10
	33
	11
	25
	12
	27
	13
	26
	14
	35
	15
	48


	0
	43
	1
	41
	2
	37
	3
	38
	4
	48
	5
	20
	6
	40
	7
	38
	8
	19
	9
	26
	10
	13
	11
	42
	12
	35
	13
	45
	14
	42
	15
	13


	0
	6
	1
	28
	2
	20
	3
	28
	4
	27
	5
	38
	6
	31
	7
	8
	8
	16
	9
	22
	10
	33
	11
	31
	12
	31
	13
	5
	14
	28
	15
	15


	0
	38
	1
	44
	2
	29
	3
	32
	4
	17
	5
	26
	6
	25
	7
	36
	8
	10
	9
	27
	10
	33
	11
	12
	12
	31
	13
	44
	14
	46
	15
	28


	0
	6
	1
	47
	2
	12
	3
	10
	4
	14
	5
	43
	6
	34
	7
	47
	8
	44
	9
	20
	10
	30
	11
	43
	12
	33
	13
	14
	14
	45
	15
	37


	0
	49
	1
	26
	2
	24
	3
	24
	4
	45
	5
	43
	6
	48
	7
	26
	8
	20
	9
	8
	10
	45
	11
	42
	12
	29
	13
	16
	14
	31
	15
	19


	0
	15
	1
	21
	2
	42
	3
	19
	4
	17
	5
	19
	6
	20
	7
	9
	8
	20
	9
	12
	10
	14
	11
	26
	12
	19
	13
	26
	14
	22
	15
	23


	0
	38
	1
	10
	2
	27
	3
	21
	4
	49
	5
	12
	6
	46
	7
	15
	8
	11
	9
	14
	10
	6
	11
	46
	12
	17
	13
	33
	14
	49
	15
	14


	0
	27
	1
	42
	2
	42
	3
	23
	4
	13
	5
	13
	6
	9
	7
	12
	8
	48
	9
	23
	10
	29
	11
	11
	12
	5
	13
	19
	14
	17
	15
	13


	0
	34
	1
	19
	2
	15
	3
	22
	4
	17
	5
	5
	6
	35
	7
	38
	8
	6
	9
	24
	10
	22
	11
	10
	12
	34
	13
	15
	14
	30
	15
	9


	0
	29
	1
	14
	2
	39
	3
	17
	4
	22
	5
	18
	6
	13
	7
	19
	8
	42
	9
	36
	10
	40
	11
	24
	12
	41
	13
	31
	14
	48
	15
	26


	0
	31
	1
	26
	2
	44
	3
	29
	4
	17
	5
	31
	6
	12
	7
	5
	8
	7
	9
	22
	10
	25
	11
	47
	12
	10
	13
	49
	14
	28
	15
	49


	0
	10
	1
	13
	2
	8
	3
	34
	4
	21
	5
	22
	6
	37
	7
	29
	8
	11
	9
	18
	10
	21
	11
	7
	12
	32
	13
	29
	14
	23
	15
	15


	0
	37
	1
	24
	2
	8
	3
	18
	4
	32
	5
	8
	6
	21
	7
	7
	8
	43
	9
	39
	10
	14
	11
	28
	12
	46
	13
	41
	14
	14
	15
	31


	0
	10
	1
	32
	2
	20
	3
	41
	4
	9
	5
	49
	6
	7
	7
	35
	8
	14
	9
	10
	10
	13
	11
	42
	12
	7
	13
	21
	14
	11
	15
	34


	0
	12
	1
	38
	2
	13
	3
	10
	4
	6
	5
	18
	6
	5
	7
	15
	8
	8
	9
	48
	10
	34
	11
	9
	12
	6
	13
	40
	14
	33
	15
	40


	0
	37
	1
	9
	2
	41
	3
	16
	4
	42
	5
	13
	6
	10
	7
	18
	8
	25
	9
	47
	10
	47
	11
	43
	12
	25
	13
	40
	14
	30
	15
	18


	0
	40
	1
	47
	2
	18
	3
	35
	4
	28
	5
	32
	6
	15
	7
	23
	8
	47
	9
	11
	10
	14
	11
	7
	12
	25
	13
	28
	14
	5
	15
	8


	0
	27
	1
	18
	2
	43
	3
	30
	4
	11
	5
	41
	6
	45
	7
	33
	8
	24
	9
	23
	10
	49
	11
	30
	12
	48
	13
	36
	14
	5
	15
	48


	0
	18
	1
	17
	2
	24
	3
	7
	4
	29
	5
	21
	6
	21
	7
	13
	8
	24
	9
	12
	10
	20
	11
	26
	12
	14
	13
	49
	14
	16
	15
	11


	0
	15
	1
	34
	2
	28
	3
	40
	4
	30
	5
	26
	6
	26
	7
	44
	8
	31
	9
	33
	10
	27
	11
	26
	12
	35
	13
	49
	14
	21
	15
	26


	0
	46
	1
	41
	2
	49
	3
	44
	4
	27
	5
	37
	6
	7
	7
	49
	8
	29
	9
	31
	10
	46
	11
	38
	12
	5
	13
	37
	14
	14
	15
	34


	0
	35
	1
	27
	2
	12
	3
	47
	4
	9
	5
	44
	6
	32
	7
	27
	8
	5
	9
	37
	10
	35
	11
	33
	12
	46
	13
	15
	14
	9
	15
	49


	0
	37
	1
	45
	2
	40
	3
	18
	4
	22
	5
	24
	6
	16
	7
	6
	8
	32
	9
	47
	10
	8
	11
	38
	12
	32
	13
	14
	14
	26
	15
	48


	0
	19
	1
	11
	2
	17
	3
	36
	4
	36
	5
	11
	6
	45
	7
	18
	8
	37
	9
	19
	10
	11
	11
	40
	12
	19
	13
	5
	14
	46
	15
	12


	0
	28
	1
	19
	2
	20
	3
	21
	4
	11
	5
	12
	6
	44
	7
	20
	8
	12
	9
	18
	10
	12
	11
	34
	12
	8
	13
	45
	14
	20
	15
	49


	0
	28
	1
	9
	2
	29
	3
	24
	4
	21
	5
	47
	6
	13
	7
	20
	8
	6
	9
	15
	10
	14
	11
	39
	12
	41
	13
	44
	14
	44
	15
	31


	0
	17
	1
	10
	2
	18
	3
	5
	4
	5
	5
	40
	6
	22
	7
	15
	8
	48
	9
	37
	10
	31
	11
	22
	12
	22
	13
	32
	14
	43
	15
	41


	0
	38
	1
	18
	2
	8
	3
	26
	4
	10
	5
	9
	6
	44
	7
	35
	8
	6
	9
	24
	10
	18
	11
	47
	12
	20
	13
	26
	14
	42
	15
	18


	0
	42
	1
	23
	2
	32
	3
	45
	4
	40
	5
	42
	6
	34
	7
	25
	8
	45
	9
	30
	10
	20
	11
	37
	12
	21
	13
	46
	14
	40
	15
	40


	0
	26
	1
	42
	2
	13
	3
	25
	4
	29
	5
	48
	6
	27
	7
	20
	8
	7
	9
	45
	10
	14
	11
	12
	12
	33
	13
	34
	14
	35
	15
	27


	0
	35
	1
	38
	2
	23
	3
	49
	4
	19
	5
	38
	6
	10
	7
	46
	8
	25
	9
	16
	10
	25
	11
	6
	12
	20
	13
	34
	14
	43
	15
	24


	0
	29
	1
	40
	2
	27
	3
	24
	4
	21
	5
	44
	6
	28
	7
	39
	8
	45
	9
	32
	10
	36
	11
	39
	12
	41
	13
	31
	14
	29
	15
	34


	0
	23
	1
	30
	2
	48
	3
	30
	4
	15
	5
	19
	6
	9
	7
	35
	8
	7
	9
	5
	10
	24
	11
	36
	12
	44
	13
	48
	14
	9
	15
	36


	0
	32
	1
	45
	2
	22
	3
	34
	4
	13
	5
	37
	6
	20
	7
	7
	8
	19
	9
	8
	10
	10
	11
	45
	12
	18
	13
	25
	14
	47
	15
	14


	0
	38
	1
	11
	2
	6
	3
	21
	4
	24
	5
	37
	6
	43
	7
	15
	8
	39
	9
	47
	10
	29
	11
	42
	12
	42
	13
	34
	14
	36
	15
	28


	0
	17
	1
	11
	2
	12
	3
	16
	4
	33
	5
	47
	6
	44
	7
	18
	8
	26
	9
	24
	10
	46
	11
	16
	12
	5
	13
	39
	14
	27
	15
	40


	0
	49
	1
	22
	2
	27
	3
	9
	4
	48
	5
	46
	6
	19
	7
	13
	8
	7
	9
	17
	10
	49
	11
	45
	12
	5
	13
	28
	14
	27
	15
	34


	0
	38
	1
	23
	2
	13
	3
	16
	4
	45
	5
	11
	6
	40
	7
	19
	8
	5
	9
	35
	10
	40
	11
	40
	12
	13
	13
	46
	14
	7
	15
	43


	0
	15
	1
	45
	2
	25
	3
	46
	4
	9
	5
	44
	6
	45
	7
	27
	8
	44
	9
	31
	10
	26
	11
	32
	12
	41
	13
	16
	14
	41
	15
	7


	0
	48
	1
	42
	2
	35
	3
	22
	4
	40
	5
	33
	6
	35
	7
	34
	8
	18
	9
	36
	10
	37
	11
	25
	12
	33
	13
	23
	14
	49
	15
	25


	0
	27
	1
	19
	2
	23
	3
	48
	4
	31
	5
	11
	6
	13
	7
	14
	8
	16
	9
	11
	10
	34
	11
	15
	12
	30
	13
	40
	14
	20
	15
	8


	0
	30
	1
	29
	2
	35
	3
	9
	4
	14
	5
	49
	6
	34
	7
	30
	8
	30
	9
	48
	10
	46
	11
	46
	12
	13
	13
	49
	14
	32
	15
	45


	0
	9
	1
	39
	2
	45
	3
	5
	4
	46
	5
	5
	6
	6
	7
	41
	8
	19
	9
	29
	10
	38
	11
	35
	12
	16
	13
	14
	14
	49
	15
	36


	0
	6
	1
	40
	2
	13
	3
	21
	4
	21
	5
	6
	6
	47
	7
	10
	8
	29
	9
	34
	10
	45
	11
	25
	12
	5
	13
	48
	14
	32
	15
	31


	0
	33
	1
	21
	2
	46
	3
	29
	4
	24
	5
	19
	6
	27
	7
	5
	8
	36
	9
	38
	10
	49
	11
	33
	12
	32
	13
	17
	14
	22
	15
	9

