60
16
5

	0
	22
	1
	5
	2
	30
	3
	17
	4
	22
	5
	31
	6
	49
	7
	39
	8
	14
	9
	27
	10
	38
	11
	43
	12
	48
	13
	30
	14
	8
	15
	12


	0
	29
	1
	23
	2
	8
	3
	43
	4
	48
	5
	31
	6
	8
	7
	7
	8
	33
	9
	8
	10
	36
	11
	12
	12
	42
	13
	30
	14
	20
	15
	28


	0
	34
	1
	47
	2
	21
	3
	26
	4
	36
	5
	31
	6
	40
	7
	14
	8
	43
	9
	17
	10
	23
	11
	23
	12
	27
	13
	18
	14
	34
	15
	45


	0
	10
	1
	27
	2
	9
	3
	43
	4
	41
	5
	42
	6
	35
	7
	28
	8
	14
	9
	28
	10
	5
	11
	41
	12
	19
	13
	5
	14
	5
	15
	40


	0
	8
	1
	22
	2
	43
	3
	30
	4
	28
	5
	23
	6
	5
	7
	26
	8
	29
	9
	36
	10
	22
	11
	43
	12
	43
	13
	12
	14
	20
	15
	28


	0
	29
	1
	45
	2
	5
	3
	38
	4
	10
	5
	27
	6
	44
	7
	6
	8
	20
	9
	16
	10
	46
	11
	19
	12
	48
	13
	41
	14
	15
	15
	14


	0
	5
	1
	32
	2
	49
	3
	16
	4
	39
	5
	30
	6
	10
	7
	7
	8
	40
	9
	24
	10
	24
	11
	20
	12
	49
	13
	29
	14
	37
	15
	6


	0
	10
	1
	7
	2
	21
	3
	40
	4
	10
	5
	35
	6
	12
	7
	26
	8
	28
	9
	7
	10
	10
	11
	38
	12
	48
	13
	22
	14
	8
	15
	17


	0
	39
	1
	12
	2
	22
	3
	40
	4
	5
	5
	31
	6
	28
	7
	23
	8
	32
	9
	48
	10
	48
	11
	48
	12
	19
	13
	23
	14
	43
	15
	28


	0
	14
	1
	6
	2
	25
	3
	48
	4
	12
	5
	7
	6
	40
	7
	18
	8
	30
	9
	11
	10
	45
	11
	13
	12
	13
	13
	24
	14
	36
	15
	22


	0
	10
	1
	43
	2
	9
	3
	26
	4
	47
	5
	25
	6
	47
	7
	22
	8
	15
	9
	32
	10
	13
	11
	35
	12
	39
	13
	42
	14
	42
	15
	31


	0
	47
	1
	48
	2
	28
	3
	29
	4
	26
	5
	24
	6
	14
	7
	21
	8
	19
	9
	9
	10
	22
	11
	18
	12
	31
	13
	8
	14
	5
	15
	17


	0
	9
	1
	46
	2
	14
	3
	20
	4
	19
	5
	23
	6
	15
	7
	37
	8
	9
	9
	30
	10
	48
	11
	49
	12
	46
	13
	10
	14
	11
	15
	10


	0
	47
	1
	25
	2
	23
	3
	47
	4
	19
	5
	39
	6
	26
	7
	21
	8
	14
	9
	5
	10
	29
	11
	40
	12
	33
	13
	26
	14
	24
	15
	27


	0
	34
	1
	19
	2
	31
	3
	39
	4
	29
	5
	31
	6
	49
	7
	14
	8
	32
	9
	18
	10
	13
	11
	17
	12
	44
	13
	7
	14
	14
	15
	38


	0
	28
	1
	46
	2
	44
	3
	15
	4
	25
	5
	24
	6
	35
	7
	31
	8
	39
	9
	19
	10
	33
	11
	37
	12
	30
	13
	10
	14
	19
	15
	41


	0
	39
	1
	13
	2
	31
	3
	29
	4
	48
	5
	9
	6
	19
	7
	42
	8
	46
	9
	20
	10
	12
	11
	6
	12
	13
	13
	22
	14
	19
	15
	47


	0
	36
	1
	27
	2
	9
	3
	14
	4
	22
	5
	45
	6
	13
	7
	19
	8
	5
	9
	47
	10
	15
	11
	15
	12
	17
	13
	43
	14
	32
	15
	22


	0
	38
	1
	39
	2
	30
	3
	34
	4
	12
	5
	23
	6
	9
	7
	41
	8
	14
	9
	14
	10
	7
	11
	33
	12
	18
	13
	10
	14
	20
	15
	42


	0
	29
	1
	18
	2
	22
	3
	21
	4
	23
	5
	5
	6
	29
	7
	17
	8
	34
	9
	10
	10
	23
	11
	49
	12
	32
	13
	19
	14
	25
	15
	31


	0
	46
	1
	28
	2
	37
	3
	12
	4
	22
	5
	11
	6
	26
	7
	45
	8
	41
	9
	31
	10
	13
	11
	7
	12
	18
	13
	36
	14
	8
	15
	32


	0
	16
	1
	11
	2
	40
	3
	11
	4
	38
	5
	39
	6
	22
	7
	21
	8
	8
	9
	44
	10
	45
	11
	30
	12
	17
	13
	7
	14
	44
	15
	42


	0
	6
	1
	32
	2
	27
	3
	32
	4
	32
	5
	26
	6
	31
	7
	39
	8
	16
	9
	36
	10
	43
	11
	9
	12
	14
	13
	47
	14
	42
	15
	42


	0
	41
	1
	11
	2
	30
	3
	33
	4
	8
	5
	36
	6
	26
	7
	35
	8
	39
	9
	38
	10
	22
	11
	13
	12
	13
	13
	30
	14
	37
	15
	8


	0
	46
	1
	34
	2
	37
	3
	26
	4
	19
	5
	48
	6
	35
	7
	13
	8
	34
	9
	28
	10
	34
	11
	42
	12
	28
	13
	10
	14
	43
	15
	48


	0
	32
	1
	39
	2
	22
	3
	26
	4
	6
	5
	48
	6
	29
	7
	38
	8
	33
	9
	6
	10
	16
	11
	36
	12
	25
	13
	22
	14
	33
	15
	28


	0
	17
	1
	25
	2
	20
	3
	48
	4
	11
	5
	35
	6
	45
	7
	41
	8
	7
	9
	33
	10
	44
	11
	11
	12
	32
	13
	9
	14
	48
	15
	17


	0
	49
	1
	41
	2
	20
	3
	22
	4
	5
	5
	33
	6
	32
	7
	8
	8
	36
	9
	6
	10
	17
	11
	46
	12
	7
	13
	27
	14
	29
	15
	22


	0
	47
	1
	12
	2
	41
	3
	47
	4
	12
	5
	43
	6
	41
	7
	5
	8
	49
	9
	7
	10
	23
	11
	28
	12
	28
	13
	34
	14
	43
	15
	37


	0
	17
	1
	47
	2
	13
	3
	24
	4
	49
	5
	27
	6
	16
	7
	41
	8
	18
	9
	21
	10
	35
	11
	26
	12
	10
	13
	27
	14
	48
	15
	8


	0
	11
	1
	47
	2
	28
	3
	20
	4
	16
	5
	37
	6
	13
	7
	19
	8
	43
	9
	28
	10
	41
	11
	33
	12
	29
	13
	33
	14
	48
	15
	12


	0
	6
	1
	42
	2
	43
	3
	9
	4
	32
	5
	11
	6
	41
	7
	44
	8
	33
	9
	13
	10
	37
	11
	33
	12
	20
	13
	20
	14
	25
	15
	39


	0
	27
	1
	39
	2
	8
	3
	12
	4
	27
	5
	6
	6
	7
	7
	16
	8
	8
	9
	22
	10
	41
	11
	15
	12
	36
	13
	43
	14
	34
	15
	39


	0
	10
	1
	32
	2
	23
	3
	37
	4
	38
	5
	9
	6
	26
	7
	34
	8
	46
	9
	18
	10
	45
	11
	13
	12
	16
	13
	11
	14
	40
	15
	19


	0
	30
	1
	47
	2
	43
	3
	10
	4
	42
	5
	36
	6
	25
	7
	39
	8
	10
	9
	8
	10
	33
	11
	21
	12
	9
	13
	28
	14
	27
	15
	5


	0
	41
	1
	10
	2
	23
	3
	12
	4
	31
	5
	46
	6
	7
	7
	43
	8
	40
	9
	19
	10
	26
	11
	45
	12
	47
	13
	37
	14
	34
	15
	20


	0
	30
	1
	42
	2
	37
	3
	39
	4
	38
	5
	12
	6
	8
	7
	33
	8
	10
	9
	33
	10
	46
	11
	30
	12
	47
	13
	38
	14
	26
	15
	34


	0
	6
	1
	5
	2
	21
	3
	37
	4
	13
	5
	40
	6
	5
	7
	34
	8
	48
	9
	39
	10
	43
	11
	28
	12
	42
	13
	20
	14
	6
	15
	16


	0
	23
	1
	32
	2
	37
	3
	44
	4
	15
	5
	19
	6
	26
	7
	13
	8
	8
	9
	33
	10
	36
	11
	29
	12
	13
	13
	24
	14
	49
	15
	32


	0
	47
	1
	41
	2
	49
	3
	22
	4
	19
	5
	11
	6
	12
	7
	40
	8
	34
	9
	31
	10
	49
	11
	5
	12
	14
	13
	20
	14
	44
	15
	39


	0
	43
	1
	9
	2
	6
	3
	42
	4
	41
	5
	19
	6
	46
	7
	49
	8
	20
	9
	42
	10
	18
	11
	5
	12
	25
	13
	14
	14
	10
	15
	7


	0
	42
	1
	44
	2
	47
	3
	41
	4
	32
	5
	11
	6
	11
	7
	43
	8
	42
	9
	41
	10
	7
	11
	30
	12
	44
	13
	43
	14
	25
	15
	14


	0
	23
	1
	42
	2
	11
	3
	5
	4
	5
	5
	36
	6
	16
	7
	43
	8
	43
	9
	17
	10
	42
	11
	10
	12
	46
	13
	19
	14
	37
	15
	35


	0
	17
	1
	6
	2
	6
	3
	48
	4
	21
	5
	46
	6
	48
	7
	24
	8
	21
	9
	9
	10
	12
	11
	38
	12
	5
	13
	30
	14
	28
	15
	37


	0
	13
	1
	19
	2
	7
	3
	20
	4
	47
	5
	48
	6
	23
	7
	36
	8
	19
	9
	8
	10
	24
	11
	5
	12
	46
	13
	8
	14
	37
	15
	46


	0
	16
	1
	41
	2
	24
	3
	38
	4
	39
	5
	28
	6
	26
	7
	34
	8
	40
	9
	39
	10
	10
	11
	20
	12
	33
	13
	37
	14
	26
	15
	9


	0
	15
	1
	16
	2
	29
	3
	11
	4
	35
	5
	20
	6
	37
	7
	48
	8
	7
	9
	48
	10
	29
	11
	48
	12
	20
	13
	7
	14
	17
	15
	43


	0
	31
	1
	8
	2
	30
	3
	21
	4
	26
	5
	5
	6
	35
	7
	21
	8
	21
	9
	41
	10
	26
	11
	20
	12
	19
	13
	37
	14
	39
	15
	8


	0
	16
	1
	43
	2
	7
	3
	16
	4
	42
	5
	27
	6
	29
	7
	5
	8
	19
	9
	30
	10
	9
	11
	6
	12
	38
	13
	8
	14
	39
	15
	44


	0
	48
	1
	27
	2
	7
	3
	36
	4
	9
	5
	11
	6
	48
	7
	19
	8
	14
	9
	25
	10
	37
	11
	41
	12
	49
	13
	35
	14
	20
	15
	34


	0
	42
	1
	25
	2
	6
	3
	39
	4
	39
	5
	20
	6
	37
	7
	41
	8
	40
	9
	10
	10
	41
	11
	6
	12
	24
	13
	24
	14
	48
	15
	13


	0
	38
	1
	28
	2
	42
	3
	12
	4
	5
	5
	35
	6
	6
	7
	38
	8
	47
	9
	6
	10
	42
	11
	25
	12
	14
	13
	48
	14
	12
	15
	21


	0
	14
	1
	24
	2
	15
	3
	25
	4
	41
	5
	15
	6
	7
	7
	14
	8
	18
	9
	23
	10
	47
	11
	43
	12
	49
	13
	15
	14
	39
	15
	30


	0
	6
	1
	33
	2
	48
	3
	15
	4
	20
	5
	28
	6
	39
	7
	41
	8
	14
	9
	7
	10
	33
	11
	47
	12
	43
	13
	22
	14
	28
	15
	25


	0
	6
	1
	43
	2
	29
	3
	13
	4
	49
	5
	24
	6
	13
	7
	32
	8
	17
	9
	30
	10
	49
	11
	22
	12
	29
	13
	17
	14
	14
	15
	10


	0
	29
	1
	6
	2
	42
	3
	48
	4
	36
	5
	10
	6
	10
	7
	30
	8
	15
	9
	38
	10
	37
	11
	18
	12
	6
	13
	13
	14
	9
	15
	15


	0
	23
	1
	32
	2
	28
	3
	18
	4
	36
	5
	31
	6
	16
	7
	23
	8
	46
	9
	42
	10
	37
	11
	24
	12
	19
	13
	24
	14
	41
	15
	47


	0
	46
	1
	27
	2
	12
	3
	8
	4
	32
	5
	45
	6
	25
	7
	32
	8
	5
	9
	48
	10
	21
	11
	37
	12
	32
	13
	49
	14
	28
	15
	30


	0
	31
	1
	15
	2
	22
	3
	46
	4
	29
	5
	35
	6
	12
	7
	33
	8
	6
	9
	28
	10
	8
	11
	11
	12
	19
	13
	31
	14
	26
	15
	22


	0
	33
	1
	22
	2
	5
	3
	13
	4
	38
	5
	41
	6
	36
	7
	21
	8
	26
	9
	15
	10
	43
	11
	43
	12
	18
	13
	6
	14
	49
	15
	39

