60
16
5

	0
	43
	1
	48
	2
	19
	3
	12
	4
	41
	5
	43
	6
	36
	7
	46
	8
	20
	9
	30
	10
	46
	11
	38
	12
	10
	13
	19
	14
	41
	15
	32


	0
	37
	1
	47
	2
	13
	3
	26
	4
	5
	5
	32
	6
	12
	7
	7
	8
	14
	9
	46
	10
	37
	11
	12
	12
	5
	13
	17
	14
	35
	15
	21


	0
	12
	1
	15
	2
	41
	3
	31
	4
	25
	5
	24
	6
	22
	7
	45
	8
	15
	9
	48
	10
	23
	11
	13
	12
	49
	13
	15
	14
	12
	15
	46


	0
	5
	1
	14
	2
	14
	3
	10
	4
	9
	5
	48
	6
	33
	7
	20
	8
	22
	9
	17
	10
	44
	11
	5
	12
	28
	13
	21
	14
	18
	15
	25


	0
	23
	1
	22
	2
	37
	3
	38
	4
	5
	5
	24
	6
	27
	7
	49
	8
	42
	9
	49
	10
	27
	11
	45
	12
	19
	13
	5
	14
	41
	15
	16


	0
	17
	1
	26
	2
	44
	3
	45
	4
	32
	5
	9
	6
	43
	7
	7
	8
	45
	9
	13
	10
	29
	11
	12
	12
	9
	13
	15
	14
	28
	15
	47


	0
	36
	1
	13
	2
	49
	3
	37
	4
	48
	5
	19
	6
	44
	7
	44
	8
	7
	9
	11
	10
	40
	11
	24
	12
	41
	13
	47
	14
	39
	15
	26


	0
	29
	1
	40
	2
	43
	3
	25
	4
	7
	5
	14
	6
	45
	7
	26
	8
	41
	9
	13
	10
	29
	11
	39
	12
	31
	13
	20
	14
	27
	15
	13


	0
	36
	1
	8
	2
	46
	3
	22
	4
	22
	5
	34
	6
	23
	7
	40
	8
	31
	9
	23
	10
	8
	11
	35
	12
	45
	13
	9
	14
	22
	15
	32


	0
	47
	1
	37
	2
	22
	3
	49
	4
	13
	5
	43
	6
	19
	7
	49
	8
	26
	9
	44
	10
	8
	11
	48
	12
	19
	13
	20
	14
	20
	15
	36


	0
	7
	1
	11
	2
	47
	3
	24
	4
	29
	5
	29
	6
	31
	7
	40
	8
	7
	9
	15
	10
	47
	11
	40
	12
	20
	13
	33
	14
	28
	15
	26


	0
	32
	1
	45
	2
	10
	3
	36
	4
	8
	5
	30
	6
	28
	7
	18
	8
	18
	9
	18
	10
	33
	11
	49
	12
	26
	13
	27
	14
	45
	15
	32


	0
	32
	1
	47
	2
	6
	3
	33
	4
	42
	5
	44
	6
	30
	7
	28
	8
	14
	9
	25
	10
	9
	11
	14
	12
	11
	13
	37
	14
	12
	15
	28


	0
	8
	1
	22
	2
	17
	3
	7
	4
	22
	5
	47
	6
	27
	7
	9
	8
	12
	9
	14
	10
	21
	11
	10
	12
	12
	13
	43
	14
	37
	15
	27


	0
	40
	1
	25
	2
	7
	3
	31
	4
	47
	5
	19
	6
	27
	7
	45
	8
	14
	9
	16
	10
	25
	11
	29
	12
	7
	13
	7
	14
	8
	15
	42


	0
	26
	1
	11
	2
	46
	3
	6
	4
	49
	5
	35
	6
	25
	7
	41
	8
	45
	9
	12
	10
	30
	11
	5
	12
	17
	13
	5
	14
	46
	15
	18


	0
	48
	1
	30
	2
	17
	3
	43
	4
	49
	5
	25
	6
	44
	7
	30
	8
	36
	9
	25
	10
	15
	11
	26
	12
	42
	13
	27
	14
	9
	15
	31


	0
	8
	1
	10
	2
	19
	3
	44
	4
	21
	5
	44
	6
	29
	7
	38
	8
	17
	9
	48
	10
	43
	11
	5
	12
	9
	13
	18
	14
	46
	15
	11


	0
	46
	1
	31
	2
	14
	3
	33
	4
	34
	5
	15
	6
	15
	7
	15
	8
	7
	9
	15
	10
	8
	11
	22
	12
	49
	13
	16
	14
	34
	15
	26


	0
	29
	1
	22
	2
	41
	3
	17
	4
	17
	5
	47
	6
	22
	7
	31
	8
	19
	9
	28
	10
	49
	11
	29
	12
	10
	13
	22
	14
	8
	15
	14


	0
	25
	1
	26
	2
	38
	3
	30
	4
	5
	5
	39
	6
	9
	7
	12
	8
	27
	9
	39
	10
	29
	11
	31
	12
	17
	13
	29
	14
	43
	15
	41


	0
	37
	1
	16
	2
	38
	3
	24
	4
	12
	5
	9
	6
	49
	7
	5
	8
	12
	9
	30
	10
	22
	11
	22
	12
	49
	13
	47
	14
	27
	15
	26


	0
	15
	1
	26
	2
	44
	3
	47
	4
	17
	5
	37
	6
	11
	7
	16
	8
	47
	9
	23
	10
	31
	11
	26
	12
	38
	13
	43
	14
	38
	15
	41


	0
	43
	1
	42
	2
	34
	3
	42
	4
	22
	5
	24
	6
	17
	7
	21
	8
	24
	9
	8
	10
	47
	11
	31
	12
	46
	13
	32
	14
	41
	15
	10


	0
	7
	1
	15
	2
	41
	3
	26
	4
	36
	5
	19
	6
	12
	7
	16
	8
	48
	9
	12
	10
	14
	11
	11
	12
	17
	13
	25
	14
	47
	15
	31


	0
	11
	1
	31
	2
	6
	3
	36
	4
	48
	5
	38
	6
	8
	7
	9
	8
	48
	9
	10
	10
	22
	11
	26
	12
	46
	13
	17
	14
	30
	15
	46


	0
	21
	1
	29
	2
	12
	3
	47
	4
	9
	5
	38
	6
	42
	7
	5
	8
	8
	9
	37
	10
	21
	11
	33
	12
	46
	13
	7
	14
	47
	15
	40


	0
	14
	1
	20
	2
	35
	3
	11
	4
	40
	5
	38
	6
	21
	7
	39
	8
	46
	9
	42
	10
	31
	11
	12
	12
	40
	13
	38
	14
	24
	15
	35


	0
	26
	1
	22
	2
	23
	3
	39
	4
	24
	5
	10
	6
	6
	7
	26
	8
	14
	9
	41
	10
	19
	11
	25
	12
	47
	13
	21
	14
	33
	15
	39


	0
	41
	1
	43
	2
	45
	3
	49
	4
	23
	5
	23
	6
	26
	7
	16
	8
	13
	9
	27
	10
	45
	11
	42
	12
	9
	13
	16
	14
	7
	15
	20


	0
	8
	1
	22
	2
	6
	3
	12
	4
	7
	5
	48
	6
	18
	7
	39
	8
	32
	9
	25
	10
	12
	11
	6
	12
	17
	13
	25
	14
	21
	15
	48


	0
	25
	1
	17
	2
	11
	3
	39
	4
	11
	5
	49
	6
	15
	7
	45
	8
	35
	9
	23
	10
	12
	11
	18
	12
	34
	13
	24
	14
	21
	15
	22


	0
	29
	1
	44
	2
	47
	3
	49
	4
	48
	5
	44
	6
	39
	7
	40
	8
	38
	9
	43
	10
	13
	11
	19
	12
	23
	13
	38
	14
	26
	15
	9


	0
	39
	1
	25
	2
	49
	3
	37
	4
	8
	5
	17
	6
	15
	7
	42
	8
	49
	9
	6
	10
	13
	11
	5
	12
	10
	13
	43
	14
	7
	15
	21


	0
	22
	1
	34
	2
	45
	3
	7
	4
	25
	5
	37
	6
	26
	7
	45
	8
	9
	9
	38
	10
	46
	11
	29
	12
	43
	13
	9
	14
	31
	15
	17


	0
	5
	1
	28
	2
	13
	3
	49
	4
	7
	5
	43
	6
	46
	7
	49
	8
	22
	9
	26
	10
	40
	11
	7
	12
	42
	13
	29
	14
	10
	15
	18


	0
	39
	1
	7
	2
	27
	3
	41
	4
	44
	5
	32
	6
	13
	7
	32
	8
	35
	9
	34
	10
	39
	11
	6
	12
	33
	13
	41
	14
	44
	15
	25


	0
	36
	1
	48
	2
	49
	3
	23
	4
	30
	5
	45
	6
	23
	7
	9
	8
	37
	9
	30
	10
	17
	11
	24
	12
	27
	13
	36
	14
	47
	15
	5


	0
	7
	1
	6
	2
	39
	3
	19
	4
	37
	5
	17
	6
	14
	7
	28
	8
	26
	9
	34
	10
	8
	11
	16
	12
	33
	13
	32
	14
	9
	15
	18


	0
	9
	1
	33
	2
	47
	3
	30
	4
	6
	5
	27
	6
	23
	7
	20
	8
	48
	9
	17
	10
	30
	11
	13
	12
	14
	13
	7
	14
	11
	15
	10


	0
	26
	1
	26
	2
	9
	3
	26
	4
	24
	5
	5
	6
	12
	7
	47
	8
	19
	9
	41
	10
	28
	11
	13
	12
	39
	13
	16
	14
	7
	15
	22


	0
	19
	1
	12
	2
	30
	3
	27
	4
	26
	5
	26
	6
	34
	7
	7
	8
	36
	9
	31
	10
	31
	11
	24
	12
	6
	13
	49
	14
	13
	15
	44


	0
	39
	1
	6
	2
	6
	3
	16
	4
	34
	5
	5
	6
	32
	7
	6
	8
	22
	9
	13
	10
	18
	11
	45
	12
	49
	13
	49
	14
	19
	15
	41


	0
	20
	1
	9
	2
	30
	3
	38
	4
	28
	5
	17
	6
	29
	7
	14
	8
	8
	9
	41
	10
	46
	11
	41
	12
	40
	13
	35
	14
	38
	15
	27


	0
	6
	1
	44
	2
	6
	3
	41
	4
	18
	5
	16
	6
	35
	7
	12
	8
	12
	9
	42
	10
	22
	11
	46
	12
	38
	13
	48
	14
	41
	15
	39


	0
	33
	1
	32
	2
	24
	3
	34
	4
	9
	5
	16
	6
	7
	7
	12
	8
	16
	9
	48
	10
	49
	11
	49
	12
	45
	13
	16
	14
	20
	15
	34


	0
	24
	1
	21
	2
	27
	3
	21
	4
	45
	5
	27
	6
	21
	7
	20
	8
	8
	9
	22
	10
	16
	11
	39
	12
	36
	13
	7
	14
	29
	15
	29


	0
	31
	1
	36
	2
	20
	3
	10
	4
	13
	5
	35
	6
	17
	7
	28
	8
	40
	9
	28
	10
	33
	11
	44
	12
	32
	13
	23
	14
	20
	15
	49


	0
	24
	1
	42
	2
	28
	3
	43
	4
	19
	5
	44
	6
	32
	7
	26
	8
	13
	9
	44
	10
	35
	11
	22
	12
	28
	13
	47
	14
	9
	15
	10


	0
	13
	1
	45
	2
	7
	3
	10
	4
	10
	5
	44
	6
	33
	7
	23
	8
	21
	9
	42
	10
	46
	11
	46
	12
	7
	13
	30
	14
	45
	15
	48


	0
	37
	1
	27
	2
	31
	3
	9
	4
	28
	5
	40
	6
	38
	7
	5
	8
	41
	9
	39
	10
	33
	11
	37
	12
	41
	13
	35
	14
	12
	15
	16


	0
	24
	1
	45
	2
	23
	3
	12
	4
	33
	5
	43
	6
	26
	7
	43
	8
	25
	9
	8
	10
	19
	11
	18
	12
	42
	13
	46
	14
	26
	15
	32


	0
	21
	1
	6
	2
	34
	3
	25
	4
	26
	5
	45
	6
	48
	7
	18
	8
	5
	9
	32
	10
	27
	11
	20
	12
	23
	13
	38
	14
	39
	15
	28


	0
	5
	1
	37
	2
	26
	3
	31
	4
	15
	5
	33
	6
	9
	7
	24
	8
	46
	9
	16
	10
	15
	11
	13
	12
	34
	13
	34
	14
	6
	15
	42


	0
	31
	1
	5
	2
	33
	3
	5
	4
	26
	5
	19
	6
	15
	7
	11
	8
	36
	9
	6
	10
	15
	11
	38
	12
	25
	13
	39
	14
	35
	15
	36


	0
	9
	1
	17
	2
	37
	3
	22
	4
	13
	5
	19
	6
	10
	7
	20
	8
	25
	9
	8
	10
	38
	11
	21
	12
	20
	13
	24
	14
	20
	15
	8


	0
	33
	1
	46
	2
	33
	3
	43
	4
	38
	5
	5
	6
	32
	7
	30
	8
	34
	9
	33
	10
	5
	11
	46
	12
	22
	13
	30
	14
	48
	15
	20


	0
	33
	1
	23
	2
	6
	3
	27
	4
	32
	5
	42
	6
	25
	7
	5
	8
	35
	9
	28
	10
	36
	11
	10
	12
	35
	13
	29
	14
	15
	15
	43


	0
	35
	1
	35
	2
	21
	3
	27
	4
	17
	5
	23
	6
	11
	7
	48
	8
	19
	9
	20
	10
	31
	11
	34
	12
	28
	13
	7
	14
	35
	15
	34


	0
	43
	1
	35
	2
	40
	3
	10
	4
	26
	5
	24
	6
	14
	7
	15
	8
	41
	9
	12
	10
	28
	11
	34
	12
	26
	13
	23
	14
	35
	15
	6

