60
16
5

	0
	18
	1
	12
	2
	30
	3
	36
	4
	34
	5
	30
	6
	20
	7
	30
	8
	37
	9
	34
	10
	18
	11
	45
	12
	22
	13
	47
	14
	11
	15
	24


	0
	15
	1
	48
	2
	29
	3
	12
	4
	16
	5
	37
	6
	32
	7
	33
	8
	6
	9
	35
	10
	34
	11
	20
	12
	47
	13
	41
	14
	5
	15
	29


	0
	46
	1
	9
	2
	17
	3
	19
	4
	18
	5
	37
	6
	9
	7
	30
	8
	41
	9
	48
	10
	28
	11
	41
	12
	18
	13
	34
	14
	25
	15
	43


	0
	44
	1
	20
	2
	36
	3
	8
	4
	12
	5
	26
	6
	22
	7
	33
	8
	10
	9
	32
	10
	14
	11
	26
	12
	48
	13
	44
	14
	36
	15
	15


	0
	42
	1
	29
	2
	43
	3
	22
	4
	27
	5
	30
	6
	15
	7
	40
	8
	14
	9
	9
	10
	44
	11
	24
	12
	21
	13
	7
	14
	43
	15
	30


	0
	13
	1
	36
	2
	37
	3
	13
	4
	22
	5
	33
	6
	23
	7
	25
	8
	32
	9
	28
	10
	45
	11
	44
	12
	47
	13
	35
	14
	36
	15
	7


	0
	49
	1
	38
	2
	32
	3
	30
	4
	15
	5
	15
	6
	16
	7
	27
	8
	23
	9
	43
	10
	29
	11
	45
	12
	42
	13
	8
	14
	15
	15
	36


	0
	49
	1
	16
	2
	18
	3
	37
	4
	35
	5
	43
	6
	44
	7
	47
	8
	35
	9
	32
	10
	33
	11
	37
	12
	10
	13
	35
	14
	47
	15
	17


	0
	9
	1
	30
	2
	23
	3
	23
	4
	11
	5
	38
	6
	17
	7
	10
	8
	30
	9
	44
	10
	25
	11
	33
	12
	33
	13
	25
	14
	27
	15
	29


	0
	36
	1
	18
	2
	16
	3
	17
	4
	41
	5
	13
	6
	9
	7
	46
	8
	24
	9
	31
	10
	16
	11
	40
	12
	27
	13
	36
	14
	34
	15
	35


	0
	33
	1
	18
	2
	13
	3
	8
	4
	32
	5
	30
	6
	17
	7
	36
	8
	31
	9
	25
	10
	17
	11
	5
	12
	46
	13
	26
	14
	35
	15
	26


	0
	36
	1
	35
	2
	13
	3
	17
	4
	36
	5
	5
	6
	31
	7
	27
	8
	31
	9
	14
	10
	20
	11
	14
	12
	35
	13
	35
	14
	33
	15
	10


	0
	45
	1
	35
	2
	24
	3
	21
	4
	43
	5
	16
	6
	12
	7
	8
	8
	11
	9
	14
	10
	38
	11
	9
	12
	12
	13
	12
	14
	26
	15
	12


	0
	10
	1
	22
	2
	23
	3
	25
	4
	37
	5
	36
	6
	11
	7
	44
	8
	40
	9
	44
	10
	22
	11
	11
	12
	28
	13
	45
	14
	28
	15
	31


	0
	45
	1
	25
	2
	31
	3
	49
	4
	40
	5
	9
	6
	23
	7
	30
	8
	30
	9
	20
	10
	32
	11
	7
	12
	38
	13
	28
	14
	14
	15
	25


	0
	46
	1
	33
	2
	21
	3
	29
	4
	35
	5
	11
	6
	16
	7
	10
	8
	12
	9
	34
	10
	13
	11
	12
	12
	46
	13
	44
	14
	24
	15
	23


	0
	10
	1
	37
	2
	14
	3
	29
	4
	13
	5
	33
	6
	7
	7
	38
	8
	7
	9
	12
	10
	18
	11
	11
	12
	45
	13
	8
	14
	7
	15
	46


	0
	33
	1
	35
	2
	33
	3
	25
	4
	47
	5
	23
	6
	41
	7
	46
	8
	8
	9
	23
	10
	46
	11
	43
	12
	17
	13
	15
	14
	28
	15
	18


	0
	20
	1
	38
	2
	32
	3
	49
	4
	27
	5
	45
	6
	21
	7
	21
	8
	26
	9
	49
	10
	5
	11
	48
	12
	26
	13
	12
	14
	10
	15
	34


	0
	30
	1
	18
	2
	9
	3
	45
	4
	9
	5
	29
	6
	41
	7
	20
	8
	5
	9
	40
	10
	36
	11
	22
	12
	48
	13
	38
	14
	34
	15
	42


	0
	31
	1
	10
	2
	40
	3
	28
	4
	45
	5
	7
	6
	42
	7
	24
	8
	33
	9
	42
	10
	40
	11
	38
	12
	48
	13
	5
	14
	45
	15
	28


	0
	41
	1
	25
	2
	35
	3
	43
	4
	6
	5
	35
	6
	39
	7
	7
	8
	22
	9
	20
	10
	19
	11
	47
	12
	33
	13
	12
	14
	17
	15
	21


	0
	41
	1
	33
	2
	35
	3
	28
	4
	24
	5
	27
	6
	7
	7
	18
	8
	46
	9
	28
	10
	12
	11
	48
	12
	41
	13
	17
	14
	49
	15
	30


	0
	22
	1
	30
	2
	15
	3
	33
	4
	30
	5
	48
	6
	18
	7
	29
	8
	46
	9
	41
	10
	28
	11
	47
	12
	31
	13
	29
	14
	38
	15
	8


	0
	49
	1
	30
	2
	32
	3
	40
	4
	22
	5
	8
	6
	11
	7
	14
	8
	19
	9
	23
	10
	49
	11
	34
	12
	19
	13
	45
	14
	19
	15
	6


	0
	32
	1
	39
	2
	10
	3
	5
	4
	18
	5
	44
	6
	16
	7
	29
	8
	25
	9
	36
	10
	23
	11
	12
	12
	42
	13
	49
	14
	49
	15
	44


	0
	16
	1
	6
	2
	39
	3
	10
	4
	39
	5
	20
	6
	19
	7
	26
	8
	5
	9
	42
	10
	7
	11
	43
	12
	13
	13
	42
	14
	47
	15
	6


	0
	8
	1
	49
	2
	20
	3
	26
	4
	31
	5
	19
	6
	28
	7
	28
	8
	28
	9
	5
	10
	23
	11
	42
	12
	6
	13
	7
	14
	49
	15
	14


	0
	47
	1
	35
	2
	28
	3
	47
	4
	25
	5
	43
	6
	13
	7
	32
	8
	27
	9
	42
	10
	29
	11
	5
	12
	10
	13
	20
	14
	34
	15
	42


	0
	33
	1
	7
	2
	46
	3
	26
	4
	33
	5
	22
	6
	46
	7
	39
	8
	6
	9
	32
	10
	5
	11
	46
	12
	40
	13
	21
	14
	18
	15
	15


	0
	19
	1
	16
	2
	19
	3
	24
	4
	14
	5
	32
	6
	17
	7
	18
	8
	11
	9
	17
	10
	6
	11
	41
	12
	28
	13
	18
	14
	39
	15
	9


	0
	24
	1
	8
	2
	19
	3
	46
	4
	48
	5
	20
	6
	34
	7
	41
	8
	10
	9
	21
	10
	49
	11
	45
	12
	18
	13
	5
	14
	7
	15
	28


	0
	36
	1
	47
	2
	41
	3
	9
	4
	15
	5
	38
	6
	42
	7
	35
	8
	7
	9
	27
	10
	6
	11
	39
	12
	26
	13
	26
	14
	28
	15
	47


	0
	44
	1
	36
	2
	11
	3
	33
	4
	11
	5
	25
	6
	35
	7
	39
	8
	44
	9
	18
	10
	33
	11
	39
	12
	28
	13
	7
	14
	24
	15
	27


	0
	39
	1
	13
	2
	18
	3
	24
	4
	27
	5
	39
	6
	48
	7
	43
	8
	25
	9
	36
	10
	38
	11
	26
	12
	38
	13
	43
	14
	38
	15
	44


	0
	26
	1
	29
	2
	29
	3
	19
	4
	42
	5
	48
	6
	21
	7
	39
	8
	48
	9
	49
	10
	48
	11
	21
	12
	16
	13
	20
	14
	5
	15
	46


	0
	37
	1
	19
	2
	36
	3
	13
	4
	22
	5
	17
	6
	8
	7
	30
	8
	36
	9
	11
	10
	10
	11
	45
	12
	12
	13
	46
	14
	10
	15
	48


	0
	6
	1
	33
	2
	16
	3
	7
	4
	39
	5
	37
	6
	37
	7
	47
	8
	8
	9
	37
	10
	5
	11
	8
	12
	11
	13
	9
	14
	41
	15
	15


	0
	32
	1
	18
	2
	47
	3
	9
	4
	47
	5
	19
	6
	47
	7
	28
	8
	21
	9
	26
	10
	7
	11
	8
	12
	8
	13
	21
	14
	9
	15
	38


	0
	41
	1
	9
	2
	6
	3
	12
	4
	48
	5
	10
	6
	25
	7
	16
	8
	15
	9
	5
	10
	7
	11
	7
	12
	23
	13
	41
	14
	37
	15
	16


	0
	44
	1
	48
	2
	25
	3
	28
	4
	40
	5
	42
	6
	38
	7
	36
	8
	28
	9
	11
	10
	38
	11
	28
	12
	27
	13
	40
	14
	6
	15
	29


	0
	48
	1
	16
	2
	18
	3
	17
	4
	47
	5
	18
	6
	39
	7
	22
	8
	42
	9
	18
	10
	36
	11
	25
	12
	36
	13
	23
	14
	44
	15
	12


	0
	24
	1
	12
	2
	24
	3
	33
	4
	11
	5
	21
	6
	15
	7
	23
	8
	12
	9
	27
	10
	31
	11
	36
	12
	19
	13
	30
	14
	27
	15
	6


	0
	10
	1
	10
	2
	8
	3
	48
	4
	7
	5
	28
	6
	16
	7
	37
	8
	27
	9
	22
	10
	46
	11
	48
	12
	18
	13
	21
	14
	17
	15
	15


	0
	11
	1
	43
	2
	46
	3
	28
	4
	28
	5
	30
	6
	30
	7
	15
	8
	45
	9
	24
	10
	23
	11
	23
	12
	25
	13
	43
	14
	26
	15
	32


	0
	22
	1
	12
	2
	16
	3
	35
	4
	15
	5
	35
	6
	33
	7
	23
	8
	32
	9
	40
	10
	25
	11
	7
	12
	17
	13
	26
	14
	14
	15
	44


	0
	46
	1
	23
	2
	41
	3
	41
	4
	38
	5
	17
	6
	48
	7
	38
	8
	8
	9
	44
	10
	45
	11
	45
	12
	42
	13
	21
	14
	21
	15
	21


	0
	30
	1
	17
	2
	34
	3
	15
	4
	21
	5
	47
	6
	26
	7
	24
	8
	38
	9
	25
	10
	8
	11
	13
	12
	17
	13
	46
	14
	12
	15
	19


	0
	44
	1
	18
	2
	31
	3
	42
	4
	26
	5
	42
	6
	43
	7
	16
	8
	7
	9
	23
	10
	35
	11
	36
	12
	47
	13
	45
	14
	15
	15
	42


	0
	10
	1
	17
	2
	34
	3
	33
	4
	46
	5
	9
	6
	31
	7
	19
	8
	33
	9
	23
	10
	49
	11
	6
	12
	45
	13
	32
	14
	14
	15
	23


	0
	20
	1
	31
	2
	23
	3
	41
	4
	11
	5
	34
	6
	47
	7
	40
	8
	24
	9
	45
	10
	38
	11
	11
	12
	24
	13
	36
	14
	49
	15
	49


	0
	33
	1
	12
	2
	15
	3
	27
	4
	30
	5
	43
	6
	44
	7
	27
	8
	22
	9
	11
	10
	23
	11
	27
	12
	13
	13
	15
	14
	49
	15
	33


	0
	24
	1
	16
	2
	24
	3
	35
	4
	47
	5
	12
	6
	12
	7
	16
	8
	14
	9
	41
	10
	15
	11
	21
	12
	12
	13
	45
	14
	19
	15
	40


	0
	45
	1
	41
	2
	19
	3
	46
	4
	46
	5
	45
	6
	10
	7
	17
	8
	20
	9
	19
	10
	6
	11
	6
	12
	35
	13
	24
	14
	13
	15
	22


	0
	5
	1
	20
	2
	18
	3
	8
	4
	5
	5
	35
	6
	11
	7
	46
	8
	31
	9
	36
	10
	44
	11
	10
	12
	20
	13
	16
	14
	47
	15
	13


	0
	9
	1
	32
	2
	31
	3
	7
	4
	8
	5
	15
	6
	35
	7
	19
	8
	39
	9
	39
	10
	22
	11
	12
	12
	23
	13
	15
	14
	46
	15
	39


	0
	11
	1
	7
	2
	40
	3
	37
	4
	40
	5
	47
	6
	40
	7
	18
	8
	49
	9
	5
	10
	48
	11
	20
	12
	5
	13
	32
	14
	28
	15
	20


	0
	38
	1
	28
	2
	33
	3
	42
	4
	29
	5
	36
	6
	26
	7
	21
	8
	39
	9
	28
	10
	48
	11
	21
	12
	26
	13
	38
	14
	27
	15
	26


	0
	7
	1
	23
	2
	41
	3
	27
	4
	39
	5
	40
	6
	15
	7
	16
	8
	45
	9
	12
	10
	37
	11
	49
	12
	18
	13
	5
	14
	21
	15
	42


	0
	5
	1
	5
	2
	22
	3
	34
	4
	39
	5
	31
	6
	27
	7
	6
	8
	11
	9
	17
	10
	39
	11
	39
	12
	34
	13
	36
	14
	28
	15
	19

