60
16
4

	0
	11
	1
	20
	2
	8
	3
	42
	4
	39
	5
	13
	6
	49
	7
	43
	8
	13
	9
	25
	10
	35
	11
	21
	12
	13
	13
	40
	14
	26
	15
	22


	0
	16
	1
	44
	2
	37
	3
	39
	4
	13
	5
	44
	6
	30
	7
	37
	8
	20
	9
	30
	10
	18
	11
	36
	12
	33
	13
	12
	14
	7
	15
	31


	0
	40
	1
	44
	2
	7
	3
	25
	4
	5
	5
	22
	6
	15
	7
	30
	8
	29
	9
	26
	10
	15
	11
	30
	12
	5
	13
	45
	14
	5
	15
	42


	0
	37
	1
	39
	2
	8
	3
	7
	4
	7
	5
	20
	6
	14
	7
	31
	8
	36
	9
	20
	10
	39
	11
	34
	12
	6
	13
	20
	14
	43
	15
	16


	0
	39
	1
	31
	2
	32
	3
	18
	4
	23
	5
	27
	6
	21
	7
	11
	8
	7
	9
	5
	10
	38
	11
	6
	12
	5
	13
	6
	14
	49
	15
	22


	0
	17
	1
	44
	2
	44
	3
	5
	4
	16
	5
	20
	6
	47
	7
	13
	8
	41
	9
	39
	10
	36
	11
	44
	12
	14
	13
	21
	14
	26
	15
	12


	0
	12
	1
	31
	2
	32
	3
	12
	4
	40
	5
	8
	6
	39
	7
	48
	8
	19
	9
	23
	10
	15
	11
	47
	12
	27
	13
	16
	14
	12
	15
	40


	0
	48
	1
	19
	2
	42
	3
	30
	4
	30
	5
	15
	6
	12
	7
	43
	8
	49
	9
	23
	10
	44
	11
	26
	12
	17
	13
	15
	14
	15
	15
	21


	0
	38
	1
	47
	2
	31
	3
	22
	4
	34
	5
	46
	6
	27
	7
	31
	8
	17
	9
	32
	10
	6
	11
	30
	12
	46
	13
	5
	14
	17
	15
	15


	0
	13
	1
	17
	2
	32
	3
	33
	4
	32
	5
	24
	6
	44
	7
	5
	8
	15
	9
	36
	10
	18
	11
	28
	12
	21
	13
	43
	14
	5
	15
	44


	0
	42
	1
	49
	2
	43
	3
	13
	4
	37
	5
	41
	6
	41
	7
	39
	8
	7
	9
	29
	10
	16
	11
	27
	12
	39
	13
	29
	14
	28
	15
	13


	0
	28
	1
	48
	2
	13
	3
	30
	4
	28
	5
	42
	6
	46
	7
	12
	8
	15
	9
	34
	10
	23
	11
	46
	12
	5
	13
	17
	14
	41
	15
	12


	0
	37
	1
	16
	2
	15
	3
	35
	4
	8
	5
	41
	6
	17
	7
	19
	8
	13
	9
	15
	10
	6
	11
	48
	12
	44
	13
	20
	14
	18
	15
	25


	0
	42
	1
	45
	2
	22
	3
	44
	4
	26
	5
	26
	6
	48
	7
	21
	8
	27
	9
	25
	10
	45
	11
	45
	12
	7
	13
	32
	14
	11
	15
	36


	0
	25
	1
	29
	2
	43
	3
	19
	4
	34
	5
	31
	6
	28
	7
	48
	8
	12
	9
	35
	10
	49
	11
	25
	12
	35
	13
	41
	14
	26
	15
	32


	0
	7
	1
	31
	2
	41
	3
	28
	4
	19
	5
	34
	6
	28
	7
	29
	8
	29
	9
	17
	10
	16
	11
	49
	12
	22
	13
	23
	14
	10
	15
	19


	0
	30
	1
	40
	2
	49
	3
	34
	4
	8
	5
	29
	6
	33
	7
	39
	8
	8
	9
	7
	10
	36
	11
	48
	12
	13
	13
	40
	14
	8
	15
	31


	0
	37
	1
	16
	2
	8
	3
	16
	4
	34
	5
	46
	6
	20
	7
	28
	8
	15
	9
	10
	10
	41
	11
	7
	12
	16
	13
	32
	14
	7
	15
	47


	0
	33
	1
	34
	2
	45
	3
	38
	4
	5
	5
	43
	6
	46
	7
	36
	8
	39
	9
	7
	10
	15
	11
	40
	12
	21
	13
	35
	14
	36
	15
	12


	0
	13
	1
	38
	2
	18
	3
	42
	4
	35
	5
	6
	6
	31
	7
	27
	8
	22
	9
	20
	10
	45
	11
	43
	12
	26
	13
	31
	14
	29
	15
	21


	0
	45
	1
	29
	2
	36
	3
	38
	4
	25
	5
	33
	6
	35
	7
	46
	8
	45
	9
	14
	10
	27
	11
	47
	12
	42
	13
	27
	14
	23
	15
	37


	0
	38
	1
	40
	2
	13
	3
	22
	4
	28
	5
	45
	6
	49
	7
	35
	8
	26
	9
	33
	10
	12
	11
	44
	12
	18
	13
	20
	14
	23
	15
	30


	0
	29
	1
	18
	2
	9
	3
	9
	4
	24
	5
	48
	6
	37
	7
	34
	8
	8
	9
	42
	10
	20
	11
	20
	12
	45
	13
	49
	14
	32
	15
	25


	0
	8
	1
	46
	2
	26
	3
	47
	4
	48
	5
	11
	6
	27
	7
	44
	8
	8
	9
	43
	10
	14
	11
	24
	12
	9
	13
	37
	14
	33
	15
	10


	0
	40
	1
	41
	2
	42
	3
	23
	4
	28
	5
	8
	6
	5
	7
	12
	8
	27
	9
	43
	10
	13
	11
	40
	12
	38
	13
	5
	14
	17
	15
	12


	0
	45
	1
	14
	2
	37
	3
	31
	4
	37
	5
	5
	6
	26
	7
	8
	8
	41
	9
	14
	10
	26
	11
	17
	12
	6
	13
	44
	14
	21
	15
	24


	0
	31
	1
	43
	2
	39
	3
	45
	4
	19
	5
	30
	6
	49
	7
	33
	8
	39
	9
	9
	10
	19
	11
	16
	12
	14
	13
	44
	14
	27
	15
	14


	0
	24
	1
	45
	2
	40
	3
	31
	4
	46
	5
	26
	6
	43
	7
	20
	8
	35
	9
	8
	10
	45
	11
	27
	12
	25
	13
	30
	14
	32
	15
	20


	0
	44
	1
	24
	2
	16
	3
	15
	4
	47
	5
	31
	6
	45
	7
	36
	8
	35
	9
	11
	10
	24
	11
	11
	12
	7
	13
	30
	14
	36
	15
	7


	0
	46
	1
	20
	2
	43
	3
	17
	4
	33
	5
	24
	6
	10
	7
	45
	8
	21
	9
	49
	10
	21
	11
	25
	12
	20
	13
	17
	14
	32
	15
	12


	0
	40
	1
	40
	2
	48
	3
	23
	4
	20
	5
	33
	6
	25
	7
	49
	8
	37
	9
	41
	10
	27
	11
	22
	12
	28
	13
	43
	14
	39
	15
	6


	0
	5
	1
	11
	2
	16
	3
	44
	4
	47
	5
	29
	6
	28
	7
	39
	8
	44
	9
	14
	10
	24
	11
	19
	12
	38
	13
	7
	14
	5
	15
	41


	0
	6
	1
	43
	2
	15
	3
	36
	4
	23
	5
	21
	6
	46
	7
	39
	8
	7
	9
	46
	10
	49
	11
	25
	12
	37
	13
	34
	14
	24
	15
	5


	0
	26
	1
	28
	2
	32
	3
	11
	4
	9
	5
	37
	6
	28
	7
	23
	8
	27
	9
	14
	10
	27
	11
	12
	12
	34
	13
	9
	14
	27
	15
	23


	0
	8
	1
	5
	2
	36
	3
	21
	4
	9
	5
	32
	6
	19
	7
	6
	8
	31
	9
	22
	10
	43
	11
	36
	12
	41
	13
	8
	14
	37
	15
	32


	0
	28
	1
	23
	2
	9
	3
	38
	4
	30
	5
	19
	6
	42
	7
	25
	8
	39
	9
	47
	10
	30
	11
	34
	12
	35
	13
	48
	14
	15
	15
	18


	0
	7
	1
	37
	2
	11
	3
	15
	4
	5
	5
	46
	6
	21
	7
	34
	8
	42
	9
	32
	10
	21
	11
	22
	12
	45
	13
	19
	14
	28
	15
	42


	0
	17
	1
	21
	2
	27
	3
	33
	4
	26
	5
	8
	6
	42
	7
	48
	8
	20
	9
	41
	10
	26
	11
	25
	12
	36
	13
	13
	14
	27
	15
	5


	0
	48
	1
	5
	2
	20
	3
	13
	4
	7
	5
	7
	6
	20
	7
	46
	8
	23
	9
	42
	10
	10
	11
	24
	12
	46
	13
	13
	14
	11
	15
	49


	0
	44
	1
	13
	2
	29
	3
	16
	4
	28
	5
	28
	6
	16
	7
	42
	8
	34
	9
	35
	10
	45
	11
	40
	12
	37
	13
	14
	14
	31
	15
	25


	0
	34
	1
	35
	2
	46
	3
	18
	4
	41
	5
	17
	6
	42
	7
	26
	8
	15
	9
	9
	10
	18
	11
	13
	12
	36
	13
	17
	14
	39
	15
	5


	0
	27
	1
	32
	2
	28
	3
	15
	4
	15
	5
	8
	6
	41
	7
	35
	8
	23
	9
	42
	10
	12
	11
	23
	12
	35
	13
	35
	14
	42
	15
	31


	0
	21
	1
	19
	2
	9
	3
	15
	4
	40
	5
	14
	6
	30
	7
	49
	8
	28
	9
	13
	10
	28
	11
	12
	12
	12
	13
	13
	14
	11
	15
	41


	0
	33
	1
	8
	2
	35
	3
	13
	4
	13
	5
	24
	6
	40
	7
	42
	8
	40
	9
	35
	10
	22
	11
	19
	12
	25
	13
	29
	14
	38
	15
	11


	0
	34
	1
	22
	2
	48
	3
	26
	4
	9
	5
	8
	6
	14
	7
	29
	8
	35
	9
	26
	10
	33
	11
	35
	12
	45
	13
	36
	14
	18
	15
	24


	0
	29
	1
	42
	2
	35
	3
	21
	4
	10
	5
	37
	6
	31
	7
	36
	8
	43
	9
	32
	10
	13
	11
	44
	12
	28
	13
	13
	14
	10
	15
	10


	0
	10
	1
	39
	2
	14
	3
	10
	4
	40
	5
	24
	6
	37
	7
	23
	8
	17
	9
	32
	10
	12
	11
	18
	12
	23
	13
	39
	14
	26
	15
	30


	0
	8
	1
	37
	2
	33
	3
	42
	4
	11
	5
	17
	6
	34
	7
	6
	8
	20
	9
	37
	10
	19
	11
	27
	12
	13
	13
	45
	14
	48
	15
	44


	0
	38
	1
	18
	2
	13
	3
	16
	4
	22
	5
	40
	6
	43
	7
	9
	8
	21
	9
	47
	10
	32
	11
	39
	12
	41
	13
	11
	14
	32
	15
	41


	0
	29
	1
	40
	2
	29
	3
	21
	4
	31
	5
	31
	6
	47
	7
	27
	8
	14
	9
	49
	10
	6
	11
	49
	12
	25
	13
	36
	14
	38
	15
	48


	0
	5
	1
	30
	2
	24
	3
	14
	4
	26
	5
	49
	6
	42
	7
	27
	8
	6
	9
	49
	10
	26
	11
	25
	12
	40
	13
	5
	14
	9
	15
	9


	0
	29
	1
	44
	2
	29
	3
	36
	4
	46
	5
	27
	6
	23
	7
	30
	8
	8
	9
	10
	10
	30
	11
	19
	12
	49
	13
	15
	14
	37
	15
	21


	0
	45
	1
	15
	2
	48
	3
	44
	4
	18
	5
	18
	6
	17
	7
	18
	8
	35
	9
	40
	10
	23
	11
	34
	12
	15
	13
	33
	14
	22
	15
	44


	0
	46
	1
	38
	2
	43
	3
	6
	4
	13
	5
	5
	6
	43
	7
	14
	8
	24
	9
	17
	10
	34
	11
	37
	12
	22
	13
	43
	14
	49
	15
	15


	0
	35
	1
	44
	2
	23
	3
	11
	4
	35
	5
	15
	6
	43
	7
	15
	8
	41
	9
	43
	10
	13
	11
	42
	12
	21
	13
	34
	14
	40
	15
	25


	0
	5
	1
	43
	2
	46
	3
	26
	4
	16
	5
	26
	6
	19
	7
	27
	8
	39
	9
	43
	10
	41
	11
	26
	12
	43
	13
	16
	14
	27
	15
	32


	0
	5
	1
	26
	2
	15
	3
	11
	4
	22
	5
	23
	6
	25
	7
	31
	8
	45
	9
	44
	10
	24
	11
	7
	12
	25
	13
	44
	14
	29
	15
	18


	0
	42
	1
	29
	2
	7
	3
	35
	4
	22
	5
	23
	6
	8
	7
	48
	8
	6
	9
	28
	10
	30
	11
	44
	12
	28
	13
	48
	14
	24
	15
	25


	0
	15
	1
	37
	2
	46
	3
	16
	4
	40
	5
	33
	6
	32
	7
	10
	8
	18
	9
	44
	10
	7
	11
	22
	12
	16
	13
	25
	14
	42
	15
	46


	0
	11
	1
	32
	2
	28
	3
	20
	4
	20
	5
	35
	6
	48
	7
	10
	8
	8
	9
	14
	10
	39
	11
	18
	12
	42
	13
	40
	14
	29
	15
	20

