60
16
2

	0
	46
	1
	29
	2
	49
	3
	47
	4
	20
	5
	38
	6
	49
	7
	48
	8
	17
	9
	9
	10
	18
	11
	10
	12
	47
	13
	21
	14
	41
	15
	19


	0
	17
	1
	30
	2
	46
	3
	49
	4
	47
	5
	21
	6
	10
	7
	14
	8
	30
	9
	42
	10
	9
	11
	21
	12
	46
	13
	16
	14
	17
	15
	20


	0
	48
	1
	17
	2
	19
	3
	29
	4
	25
	5
	48
	6
	25
	7
	35
	8
	38
	9
	23
	10
	21
	11
	18
	12
	44
	13
	32
	14
	49
	15
	6


	0
	22
	1
	31
	2
	48
	3
	6
	4
	34
	5
	16
	6
	36
	7
	7
	8
	26
	9
	39
	10
	25
	11
	28
	12
	43
	13
	42
	14
	21
	15
	44


	0
	18
	1
	14
	2
	37
	3
	40
	4
	47
	5
	41
	6
	34
	7
	40
	8
	48
	9
	7
	10
	35
	11
	29
	12
	12
	13
	18
	14
	21
	15
	21


	0
	30
	1
	43
	2
	24
	3
	18
	4
	20
	5
	16
	6
	23
	7
	39
	8
	43
	9
	37
	10
	34
	11
	46
	12
	40
	13
	33
	14
	42
	15
	32


	0
	14
	1
	35
	2
	34
	3
	47
	4
	33
	5
	42
	6
	21
	7
	12
	8
	35
	9
	10
	10
	33
	11
	19
	12
	39
	13
	44
	14
	29
	15
	36


	0
	17
	1
	6
	2
	21
	3
	30
	4
	25
	5
	12
	6
	7
	7
	32
	8
	14
	9
	14
	10
	44
	11
	9
	12
	34
	13
	35
	14
	33
	15
	12


	0
	44
	1
	23
	2
	49
	3
	11
	4
	22
	5
	30
	6
	15
	7
	39
	8
	26
	9
	44
	10
	48
	11
	20
	12
	8
	13
	36
	14
	23
	15
	43


	0
	25
	1
	6
	2
	37
	3
	39
	4
	46
	5
	7
	6
	13
	7
	47
	8
	13
	9
	41
	10
	7
	11
	37
	12
	40
	13
	24
	14
	23
	15
	44


	0
	26
	1
	48
	2
	35
	3
	45
	4
	22
	5
	9
	6
	8
	7
	49
	8
	41
	9
	38
	10
	21
	11
	6
	12
	39
	13
	27
	14
	13
	15
	31


	0
	14
	1
	14
	2
	6
	3
	19
	4
	37
	5
	30
	6
	26
	7
	23
	8
	18
	9
	34
	10
	27
	11
	49
	12
	34
	13
	48
	14
	11
	15
	40


	0
	26
	1
	36
	2
	9
	3
	37
	4
	6
	5
	24
	6
	43
	7
	17
	8
	44
	9
	29
	10
	29
	11
	26
	12
	7
	13
	33
	14
	14
	15
	17


	0
	42
	1
	33
	2
	44
	3
	47
	4
	19
	5
	28
	6
	30
	7
	41
	8
	16
	9
	35
	10
	42
	11
	38
	12
	47
	13
	23
	14
	12
	15
	42


	0
	30
	1
	36
	2
	31
	3
	38
	4
	9
	5
	49
	6
	42
	7
	33
	8
	33
	9
	22
	10
	28
	11
	21
	12
	23
	13
	44
	14
	22
	15
	20


	0
	9
	1
	29
	2
	15
	3
	8
	4
	9
	5
	27
	6
	38
	7
	22
	8
	41
	9
	21
	10
	46
	11
	41
	12
	37
	13
	29
	14
	10
	15
	19


	0
	39
	1
	34
	2
	14
	3
	45
	4
	36
	5
	36
	6
	24
	7
	36
	8
	36
	9
	14
	10
	16
	11
	46
	12
	32
	13
	46
	14
	11
	15
	31


	0
	29
	1
	18
	2
	13
	3
	16
	4
	47
	5
	5
	6
	27
	7
	29
	8
	43
	9
	9
	10
	37
	11
	42
	12
	21
	13
	32
	14
	32
	15
	46


	0
	11
	1
	28
	2
	33
	3
	46
	4
	33
	5
	8
	6
	21
	7
	9
	8
	22
	9
	5
	10
	24
	11
	37
	12
	14
	13
	44
	14
	21
	15
	41


	0
	28
	1
	35
	2
	12
	3
	10
	4
	8
	5
	29
	6
	16
	7
	10
	8
	22
	9
	18
	10
	32
	11
	41
	12
	13
	13
	8
	14
	46
	15
	30


	0
	31
	1
	12
	2
	18
	3
	13
	4
	29
	5
	31
	6
	37
	7
	9
	8
	6
	9
	7
	10
	28
	11
	32
	12
	19
	13
	18
	14
	40
	15
	24


	0
	25
	1
	29
	2
	36
	3
	49
	4
	30
	5
	30
	6
	47
	7
	31
	8
	28
	9
	27
	10
	17
	11
	7
	12
	9
	13
	47
	14
	9
	15
	20


	0
	17
	1
	49
	2
	38
	3
	40
	4
	12
	5
	41
	6
	36
	7
	44
	8
	21
	9
	43
	10
	48
	11
	37
	12
	32
	13
	34
	14
	40
	15
	35


	0
	36
	1
	13
	2
	8
	3
	11
	4
	9
	5
	13
	6
	25
	7
	30
	8
	11
	9
	23
	10
	32
	11
	49
	12
	47
	13
	40
	14
	47
	15
	24


	0
	33
	1
	24
	2
	37
	3
	47
	4
	21
	5
	39
	6
	42
	7
	39
	8
	15
	9
	14
	10
	20
	11
	19
	12
	45
	13
	40
	14
	29
	15
	30


	0
	17
	1
	12
	2
	37
	3
	48
	4
	32
	5
	44
	6
	28
	7
	11
	8
	29
	9
	33
	10
	16
	11
	18
	12
	15
	13
	8
	14
	9
	15
	20


	0
	35
	1
	31
	2
	14
	3
	12
	4
	23
	5
	11
	6
	31
	7
	39
	8
	48
	9
	9
	10
	31
	11
	22
	12
	20
	13
	44
	14
	45
	15
	38


	0
	8
	1
	38
	2
	40
	3
	18
	4
	49
	5
	24
	6
	28
	7
	11
	8
	14
	9
	14
	10
	16
	11
	14
	12
	12
	13
	11
	14
	43
	15
	22


	0
	45
	1
	21
	2
	32
	3
	44
	4
	37
	5
	34
	6
	29
	7
	49
	8
	31
	9
	34
	10
	10
	11
	29
	12
	21
	13
	17
	14
	42
	15
	34


	0
	34
	1
	29
	2
	27
	3
	18
	4
	37
	5
	13
	6
	20
	7
	16
	8
	19
	9
	45
	10
	29
	11
	42
	12
	40
	13
	48
	14
	13
	15
	48


	0
	8
	1
	14
	2
	20
	3
	14
	4
	46
	5
	38
	6
	16
	7
	25
	8
	19
	9
	32
	10
	19
	11
	43
	12
	36
	13
	19
	14
	12
	15
	29


	0
	27
	1
	10
	2
	46
	3
	26
	4
	7
	5
	47
	6
	17
	7
	48
	8
	13
	9
	25
	10
	24
	11
	33
	12
	36
	13
	11
	14
	48
	15
	12


	0
	7
	1
	29
	2
	10
	3
	21
	4
	5
	5
	13
	6
	38
	7
	45
	8
	32
	9
	37
	10
	36
	11
	37
	12
	10
	13
	23
	14
	43
	15
	25


	0
	27
	1
	16
	2
	48
	3
	42
	4
	15
	5
	34
	6
	29
	7
	19
	8
	47
	9
	17
	10
	28
	11
	19
	12
	36
	13
	24
	14
	33
	15
	5


	0
	11
	1
	19
	2
	6
	3
	37
	4
	13
	5
	47
	6
	24
	7
	47
	8
	43
	9
	37
	10
	27
	11
	49
	12
	37
	13
	6
	14
	12
	15
	8


	0
	38
	1
	31
	2
	19
	3
	40
	4
	8
	5
	44
	6
	31
	7
	16
	8
	16
	9
	25
	10
	32
	11
	48
	12
	38
	13
	36
	14
	29
	15
	32


	0
	47
	1
	27
	2
	31
	3
	46
	4
	49
	5
	47
	6
	24
	7
	38
	8
	15
	9
	16
	10
	43
	11
	19
	12
	43
	13
	10
	14
	22
	15
	42


	0
	42
	1
	15
	2
	20
	3
	5
	4
	5
	5
	8
	6
	37
	7
	32
	8
	32
	9
	47
	10
	46
	11
	44
	12
	13
	13
	23
	14
	41
	15
	47


	0
	5
	1
	27
	2
	41
	3
	45
	4
	41
	5
	5
	6
	48
	7
	29
	8
	43
	9
	35
	10
	46
	11
	47
	12
	14
	13
	41
	14
	14
	15
	43


	0
	43
	1
	10
	2
	15
	3
	49
	4
	22
	5
	46
	6
	29
	7
	27
	8
	40
	9
	20
	10
	28
	11
	30
	12
	21
	13
	39
	14
	15
	15
	32


	0
	24
	1
	40
	2
	42
	3
	45
	4
	45
	5
	23
	6
	34
	7
	44
	8
	10
	9
	35
	10
	43
	11
	47
	12
	32
	13
	21
	14
	24
	15
	12


	0
	5
	1
	37
	2
	48
	3
	10
	4
	15
	5
	23
	6
	43
	7
	8
	8
	11
	9
	45
	10
	27
	11
	29
	12
	12
	13
	30
	14
	21
	15
	39


	0
	10
	1
	21
	2
	28
	3
	20
	4
	16
	5
	19
	6
	49
	7
	23
	8
	21
	9
	9
	10
	18
	11
	21
	12
	28
	13
	26
	14
	37
	15
	35


	0
	17
	1
	6
	2
	5
	3
	20
	4
	24
	5
	45
	6
	44
	7
	31
	8
	41
	9
	46
	10
	13
	11
	9
	12
	27
	13
	8
	14
	20
	15
	33


	0
	49
	1
	11
	2
	12
	3
	42
	4
	34
	5
	42
	6
	14
	7
	27
	8
	15
	9
	36
	10
	35
	11
	37
	12
	42
	13
	46
	14
	40
	15
	34


	0
	14
	1
	33
	2
	34
	3
	34
	4
	37
	5
	8
	6
	7
	7
	22
	8
	15
	9
	21
	10
	40
	11
	15
	12
	34
	13
	5
	14
	20
	15
	49


	0
	25
	1
	34
	2
	21
	3
	31
	4
	17
	5
	18
	6
	10
	7
	44
	8
	7
	9
	32
	10
	17
	11
	32
	12
	26
	13
	6
	14
	49
	15
	24


	0
	13
	1
	6
	2
	30
	3
	23
	4
	7
	5
	33
	6
	36
	7
	49
	8
	45
	9
	34
	10
	40
	11
	31
	12
	16
	13
	22
	14
	18
	15
	24


	0
	41
	1
	11
	2
	46
	3
	25
	4
	27
	5
	27
	6
	41
	7
	33
	8
	8
	9
	38
	10
	49
	11
	41
	12
	10
	13
	39
	14
	41
	15
	37


	0
	5
	1
	29
	2
	10
	3
	14
	4
	44
	5
	31
	6
	46
	7
	28
	8
	27
	9
	24
	10
	36
	11
	40
	12
	48
	13
	24
	14
	28
	15
	28


	0
	43
	1
	34
	2
	39
	3
	8
	4
	13
	5
	18
	6
	36
	7
	10
	8
	12
	9
	49
	10
	29
	11
	21
	12
	17
	13
	12
	14
	31
	15
	31


	0
	45
	1
	34
	2
	9
	3
	42
	4
	35
	5
	20
	6
	44
	7
	38
	8
	23
	9
	27
	10
	11
	11
	9
	12
	39
	13
	33
	14
	24
	15
	48


	0
	30
	1
	19
	2
	16
	3
	45
	4
	11
	5
	41
	6
	41
	7
	36
	8
	38
	9
	37
	10
	19
	11
	48
	12
	40
	13
	34
	14
	32
	15
	13


	0
	21
	1
	43
	2
	6
	3
	18
	4
	19
	5
	14
	6
	39
	7
	30
	8
	19
	9
	5
	10
	32
	11
	28
	12
	37
	13
	46
	14
	11
	15
	46


	0
	6
	1
	25
	2
	34
	3
	12
	4
	39
	5
	31
	6
	14
	7
	25
	8
	41
	9
	27
	10
	37
	11
	37
	12
	37
	13
	32
	14
	5
	15
	5


	0
	38
	1
	33
	2
	5
	3
	5
	4
	49
	5
	18
	6
	14
	7
	21
	8
	14
	9
	31
	10
	13
	11
	38
	12
	38
	13
	39
	14
	29
	15
	42


	0
	47
	1
	23
	2
	49
	3
	47
	4
	6
	5
	8
	6
	45
	7
	49
	8
	40
	9
	43
	10
	30
	11
	11
	12
	41
	13
	21
	14
	7
	15
	49


	0
	7
	1
	13
	2
	45
	3
	13
	4
	32
	5
	24
	6
	15
	7
	8
	8
	41
	9
	30
	10
	25
	11
	15
	12
	16
	13
	48
	14
	43
	15
	47


	0
	44
	1
	13
	2
	19
	3
	35
	4
	18
	5
	28
	6
	45
	7
	6
	8
	22
	9
	8
	10
	28
	11
	39
	12
	13
	13
	33
	14
	27
	15
	27


	0
	12
	1
	34
	2
	21
	3
	13
	4
	8
	5
	7
	6
	45
	7
	43
	8
	12
	9
	8
	10
	13
	11
	17
	12
	37
	13
	36
	14
	31
	15
	34

