60
4
5

	0
	14
	1
	41
	2
	20
	3
	43


	0
	37
	1
	10
	2
	39
	3
	42


	0
	10
	1
	34
	2
	24
	3
	22


	0
	38
	1
	35
	2
	48
	3
	11


	0
	27
	1
	15
	2
	13
	3
	30


	0
	48
	1
	13
	2
	13
	3
	11


	0
	48
	1
	21
	2
	13
	3
	25


	0
	16
	1
	47
	2
	44
	3
	15


	0
	33
	1
	14
	2
	40
	3
	21


	0
	32
	1
	45
	2
	21
	3
	45


	0
	43
	1
	42
	2
	34
	3
	20


	0
	5
	1
	45
	2
	30
	3
	48


	0
	29
	1
	13
	2
	30
	3
	39


	0
	31
	1
	20
	2
	15
	3
	28


	0
	19
	1
	32
	2
	9
	3
	11


	0
	34
	1
	35
	2
	42
	3
	11


	0
	28
	1
	30
	2
	11
	3
	35


	0
	36
	1
	25
	2
	48
	3
	44


	0
	45
	1
	42
	2
	39
	3
	12


	0
	34
	1
	27
	2
	45
	3
	23


	0
	15
	1
	19
	2
	16
	3
	26


	0
	38
	1
	47
	2
	38
	3
	45


	0
	31
	1
	14
	2
	23
	3
	24


	0
	20
	1
	28
	2
	49
	3
	13


	0
	17
	1
	37
	2
	13
	3
	11


	0
	18
	1
	28
	2
	11
	3
	29


	0
	16
	1
	45
	2
	31
	3
	37


	0
	37
	1
	43
	2
	46
	3
	40


	0
	34
	1
	14
	2
	18
	3
	14


	0
	43
	1
	45
	2
	19
	3
	49


	0
	46
	1
	11
	2
	6
	3
	16


	0
	5
	1
	18
	2
	7
	3
	49


	0
	7
	1
	41
	2
	24
	3
	26


	0
	35
	1
	22
	2
	7
	3
	43


	0
	36
	1
	46
	2
	27
	3
	37


	0
	42
	1
	10
	2
	8
	3
	35


	0
	46
	1
	10
	2
	38
	3
	16


	0
	10
	1
	46
	2
	35
	3
	48


	0
	36
	1
	37
	2
	8
	3
	5


	0
	46
	1
	33
	2
	40
	3
	32


	0
	13
	1
	5
	2
	7
	3
	36


	0
	42
	1
	32
	2
	46
	3
	19


	0
	23
	1
	32
	2
	41
	3
	28


	0
	6
	1
	42
	2
	10
	3
	12


	0
	13
	1
	49
	2
	18
	3
	24


	0
	12
	1
	37
	2
	14
	3
	22


	0
	19
	1
	48
	2
	10
	3
	13


	0
	36
	1
	28
	2
	20
	3
	26


	0
	7
	1
	13
	2
	16
	3
	10


	0
	19
	1
	33
	2
	49
	3
	48


	0
	39
	1
	45
	2
	22
	3
	5


	0
	5
	1
	11
	2
	39
	3
	32


	0
	30
	1
	20
	2
	9
	3
	9


	0
	30
	1
	29
	2
	8
	3
	14


	0
	36
	1
	42
	2
	15
	3
	25


	0
	13
	1
	7
	2
	32
	3
	14


	0
	12
	1
	6
	2
	28
	3
	48


	0
	42
	1
	23
	2
	11
	3
	11


	0
	34
	1
	29
	2
	12
	3
	28


	0
	15
	1
	47
	2
	24
	3
	12

