60
4
5

	0
	37
	1
	20
	2
	21
	3
	24


	0
	48
	1
	15
	2
	37
	3
	17


	0
	17
	1
	34
	2
	13
	3
	21


	0
	39
	1
	30
	2
	14
	3
	11


	0
	16
	1
	39
	2
	20
	3
	26


	0
	30
	1
	26
	2
	41
	3
	42


	0
	35
	1
	12
	2
	13
	3
	25


	0
	49
	1
	19
	2
	10
	3
	7


	0
	40
	1
	30
	2
	11
	3
	18


	0
	37
	1
	7
	2
	18
	3
	45


	0
	33
	1
	45
	2
	35
	3
	41


	0
	34
	1
	10
	2
	38
	3
	7


	0
	5
	1
	33
	2
	48
	3
	23


	0
	48
	1
	20
	2
	49
	3
	47


	0
	11
	1
	12
	2
	39
	3
	42


	0
	38
	1
	19
	2
	39
	3
	25


	0
	8
	1
	43
	2
	20
	3
	13


	0
	5
	1
	7
	2
	35
	3
	13


	0
	27
	1
	15
	2
	28
	3
	26


	0
	30
	1
	31
	2
	41
	3
	19


	0
	43
	1
	35
	2
	23
	3
	24


	0
	27
	1
	44
	2
	14
	3
	40


	0
	43
	1
	16
	2
	41
	3
	11


	0
	5
	1
	13
	2
	41
	3
	14


	0
	45
	1
	18
	2
	6
	3
	41


	0
	31
	1
	15
	2
	43
	3
	38


	0
	36
	1
	30
	2
	27
	3
	42


	0
	14
	1
	30
	2
	45
	3
	36


	0
	7
	1
	12
	2
	10
	3
	38


	0
	21
	1
	35
	2
	40
	3
	21


	0
	32
	1
	32
	2
	5
	3
	24


	0
	29
	1
	41
	2
	39
	3
	30


	0
	12
	1
	19
	2
	15
	3
	19


	0
	5
	1
	29
	2
	12
	3
	20


	0
	5
	1
	12
	2
	46
	3
	39


	0
	7
	1
	30
	2
	43
	3
	13


	0
	30
	1
	20
	2
	32
	3
	45


	0
	29
	1
	7
	2
	24
	3
	43


	0
	33
	1
	44
	2
	16
	3
	37


	0
	35
	1
	19
	2
	20
	3
	5


	0
	45
	1
	23
	2
	28
	3
	43


	0
	22
	1
	21
	2
	7
	3
	13


	0
	17
	1
	10
	2
	44
	3
	12


	0
	23
	1
	37
	2
	43
	3
	11


	0
	10
	1
	44
	2
	15
	3
	28


	0
	31
	1
	31
	2
	19
	3
	43


	0
	9
	1
	39
	2
	42
	3
	27


	0
	36
	1
	13
	2
	21
	3
	22


	0
	40
	1
	48
	2
	24
	3
	13


	0
	14
	1
	49
	2
	44
	3
	42


	0
	41
	1
	28
	2
	47
	3
	20


	0
	17
	1
	7
	2
	10
	3
	18


	0
	9
	1
	20
	2
	36
	3
	31


	0
	7
	1
	17
	2
	27
	3
	19


	0
	47
	1
	33
	2
	11
	3
	12


	0
	18
	1
	44
	2
	7
	3
	30


	0
	6
	1
	42
	2
	46
	3
	41


	0
	49
	1
	24
	2
	14
	3
	38


	0
	22
	1
	41
	2
	13
	3
	49


	0
	20
	1
	30
	2
	12
	3
	17

