60
4
3

	0
	16
	1
	10
	2
	41
	3
	15


	0
	46
	1
	5
	2
	44
	3
	28


	0
	33
	1
	24
	2
	32
	3
	18


	0
	20
	1
	12
	2
	32
	3
	25


	0
	7
	1
	11
	2
	17
	3
	21


	0
	6
	1
	22
	2
	7
	3
	36


	0
	41
	1
	33
	2
	28
	3
	15


	0
	14
	1
	42
	2
	21
	3
	39


	0
	47
	1
	33
	2
	16
	3
	7


	0
	33
	1
	48
	2
	7
	3
	11


	0
	39
	1
	8
	2
	25
	3
	34


	0
	39
	1
	30
	2
	49
	3
	24


	0
	24
	1
	5
	2
	22
	3
	21


	0
	24
	1
	18
	2
	43
	3
	33


	0
	49
	1
	8
	2
	21
	3
	32


	0
	5
	1
	27
	2
	27
	3
	26


	0
	7
	1
	28
	2
	18
	3
	23


	0
	28
	1
	21
	2
	6
	3
	39


	0
	49
	1
	18
	2
	46
	3
	21


	0
	33
	1
	41
	2
	15
	3
	28


	0
	8
	1
	20
	2
	39
	3
	23


	0
	12
	1
	22
	2
	34
	3
	9


	0
	24
	1
	39
	2
	44
	3
	21


	0
	25
	1
	43
	2
	38
	3
	5


	0
	8
	1
	24
	2
	23
	3
	33


	0
	16
	1
	12
	2
	43
	3
	36


	0
	23
	1
	32
	2
	9
	3
	11


	0
	5
	1
	12
	2
	30
	3
	8


	0
	13
	1
	18
	2
	45
	3
	27


	0
	48
	1
	9
	2
	15
	3
	49


	0
	30
	1
	41
	2
	23
	3
	48


	0
	35
	1
	40
	2
	49
	3
	48


	0
	44
	1
	12
	2
	8
	3
	14


	0
	28
	1
	15
	2
	36
	3
	15


	0
	11
	1
	15
	2
	32
	3
	15


	0
	37
	1
	11
	2
	41
	3
	21


	0
	25
	1
	43
	2
	7
	3
	20


	0
	45
	1
	11
	2
	39
	3
	33


	0
	10
	1
	43
	2
	20
	3
	32


	0
	17
	1
	9
	2
	48
	3
	49


	0
	26
	1
	44
	2
	6
	3
	45


	0
	12
	1
	41
	2
	45
	3
	9


	0
	41
	1
	5
	2
	14
	3
	39


	0
	21
	1
	44
	2
	42
	3
	17


	0
	35
	1
	25
	2
	12
	3
	42


	0
	10
	1
	21
	2
	35
	3
	12


	0
	28
	1
	13
	2
	10
	3
	14


	0
	40
	1
	14
	2
	21
	3
	25


	0
	38
	1
	36
	2
	14
	3
	16


	0
	24
	1
	10
	2
	24
	3
	34


	0
	37
	1
	6
	2
	32
	3
	39


	0
	26
	1
	6
	2
	37
	3
	38


	0
	39
	1
	48
	2
	33
	3
	17


	0
	25
	1
	36
	2
	16
	3
	36


	0
	6
	1
	9
	2
	30
	3
	43


	0
	37
	1
	24
	2
	30
	3
	30


	0
	34
	1
	26
	2
	6
	3
	49


	0
	44
	1
	9
	2
	10
	3
	23


	0
	7
	1
	26
	2
	22
	3
	32


	0
	8
	1
	32
	2
	6
	3
	45

