60
16
3

	0
	44
	1
	29
	2
	20
	3
	30
	4
	26
	5
	35
	6
	48
	7
	36
	8
	18
	9
	43
	10
	41
	11
	31
	12
	10
	13
	46
	14
	43
	15
	26


	0
	41
	1
	44
	2
	12
	3
	9
	4
	17
	5
	28
	6
	17
	7
	33
	8
	33
	9
	9
	10
	20
	11
	15
	12
	37
	13
	25
	14
	5
	15
	23


	0
	45
	1
	40
	2
	24
	3
	14
	4
	36
	5
	16
	6
	47
	7
	9
	8
	38
	9
	38
	10
	21
	11
	22
	12
	25
	13
	17
	14
	44
	15
	34


	0
	22
	1
	39
	2
	23
	3
	19
	4
	6
	5
	22
	6
	12
	7
	19
	8
	19
	9
	37
	10
	33
	11
	8
	12
	49
	13
	35
	14
	11
	15
	23


	0
	9
	1
	25
	2
	9
	3
	29
	4
	42
	5
	29
	6
	10
	7
	29
	8
	18
	9
	49
	10
	15
	11
	39
	12
	8
	13
	10
	14
	22
	15
	9


	0
	21
	1
	22
	2
	42
	3
	19
	4
	34
	5
	48
	6
	16
	7
	46
	8
	37
	9
	38
	10
	32
	11
	5
	12
	7
	13
	39
	14
	46
	15
	29


	0
	37
	1
	49
	2
	26
	3
	44
	4
	22
	5
	8
	6
	26
	7
	13
	8
	16
	9
	40
	10
	40
	11
	19
	12
	9
	13
	32
	14
	22
	15
	45


	0
	19
	1
	45
	2
	28
	3
	33
	4
	14
	5
	11
	6
	38
	7
	10
	8
	11
	9
	9
	10
	15
	11
	10
	12
	21
	13
	12
	14
	38
	15
	33


	0
	7
	1
	37
	2
	42
	3
	48
	4
	22
	5
	17
	6
	9
	7
	38
	8
	44
	9
	44
	10
	41
	11
	5
	12
	5
	13
	15
	14
	22
	15
	11


	0
	20
	1
	40
	2
	31
	3
	27
	4
	14
	5
	45
	6
	6
	7
	44
	8
	32
	9
	45
	10
	13
	11
	31
	12
	38
	13
	42
	14
	26
	15
	36


	0
	16
	1
	41
	2
	38
	3
	30
	4
	44
	5
	29
	6
	15
	7
	47
	8
	42
	9
	25
	10
	13
	11
	35
	12
	19
	13
	26
	14
	42
	15
	20


	0
	21
	1
	29
	2
	32
	3
	44
	4
	18
	5
	33
	6
	25
	7
	10
	8
	5
	9
	26
	10
	18
	11
	46
	12
	15
	13
	29
	14
	19
	15
	10


	0
	39
	1
	43
	2
	49
	3
	48
	4
	18
	5
	33
	6
	8
	7
	37
	8
	10
	9
	37
	10
	10
	11
	7
	12
	44
	13
	12
	14
	9
	15
	15


	0
	36
	1
	18
	2
	42
	3
	40
	4
	49
	5
	36
	6
	14
	7
	32
	8
	37
	9
	25
	10
	33
	11
	46
	12
	42
	13
	23
	14
	23
	15
	29


	0
	14
	1
	47
	2
	23
	3
	31
	4
	31
	5
	17
	6
	36
	7
	23
	8
	39
	9
	46
	10
	13
	11
	23
	12
	46
	13
	27
	14
	44
	15
	46


	0
	43
	1
	8
	2
	33
	3
	32
	4
	33
	5
	13
	6
	17
	7
	34
	8
	13
	9
	33
	10
	28
	11
	18
	12
	26
	13
	16
	14
	16
	15
	31


	0
	46
	1
	42
	2
	23
	3
	19
	4
	21
	5
	38
	6
	46
	7
	31
	8
	20
	9
	17
	10
	14
	11
	46
	12
	5
	13
	39
	14
	7
	15
	20


	0
	43
	1
	36
	2
	37
	3
	41
	4
	20
	5
	38
	6
	47
	7
	24
	8
	20
	9
	28
	10
	36
	11
	42
	12
	23
	13
	28
	14
	42
	15
	35


	0
	34
	1
	45
	2
	28
	3
	32
	4
	49
	5
	25
	6
	10
	7
	49
	8
	25
	9
	21
	10
	36
	11
	23
	12
	17
	13
	36
	14
	39
	15
	15


	0
	38
	1
	28
	2
	38
	3
	19
	4
	42
	5
	12
	6
	43
	7
	37
	8
	49
	9
	8
	10
	39
	11
	34
	12
	9
	13
	21
	14
	17
	15
	6


	0
	20
	1
	40
	2
	22
	3
	19
	4
	48
	5
	6
	6
	24
	7
	33
	8
	6
	9
	39
	10
	17
	11
	35
	12
	12
	13
	46
	14
	28
	15
	11


	0
	48
	1
	29
	2
	16
	3
	44
	4
	38
	5
	24
	6
	12
	7
	26
	8
	33
	9
	19
	10
	46
	11
	32
	12
	27
	13
	9
	14
	27
	15
	11


	0
	11
	1
	22
	2
	15
	3
	11
	4
	42
	5
	21
	6
	14
	7
	33
	8
	6
	9
	44
	10
	10
	11
	40
	12
	20
	13
	35
	14
	48
	15
	5


	0
	46
	1
	10
	2
	23
	3
	21
	4
	22
	5
	43
	6
	22
	7
	43
	8
	42
	9
	38
	10
	22
	11
	32
	12
	27
	13
	7
	14
	25
	15
	5


	0
	36
	1
	35
	2
	11
	3
	21
	4
	43
	5
	40
	6
	43
	7
	49
	8
	12
	9
	25
	10
	12
	11
	11
	12
	26
	13
	17
	14
	6
	15
	12


	0
	40
	1
	31
	2
	40
	3
	39
	4
	39
	5
	10
	6
	27
	7
	8
	8
	9
	9
	34
	10
	6
	11
	9
	12
	15
	13
	42
	14
	35
	15
	30


	0
	36
	1
	7
	2
	40
	3
	33
	4
	40
	5
	28
	6
	44
	7
	44
	8
	38
	9
	31
	10
	22
	11
	31
	12
	49
	13
	34
	14
	44
	15
	6


	0
	11
	1
	28
	2
	23
	3
	23
	4
	37
	5
	34
	6
	35
	7
	9
	8
	37
	9
	31
	10
	22
	11
	15
	12
	18
	13
	34
	14
	24
	15
	13


	0
	5
	1
	5
	2
	47
	3
	10
	4
	16
	5
	23
	6
	34
	7
	45
	8
	13
	9
	21
	10
	42
	11
	31
	12
	8
	13
	9
	14
	7
	15
	18


	0
	39
	1
	15
	2
	20
	3
	41
	4
	5
	5
	6
	6
	5
	7
	27
	8
	38
	9
	7
	10
	39
	11
	7
	12
	31
	13
	33
	14
	38
	15
	32


	0
	46
	1
	26
	2
	28
	3
	25
	4
	46
	5
	13
	6
	11
	7
	43
	8
	15
	9
	22
	10
	46
	11
	32
	12
	28
	13
	15
	14
	49
	15
	49


	0
	10
	1
	34
	2
	7
	3
	40
	4
	37
	5
	13
	6
	28
	7
	37
	8
	15
	9
	46
	10
	20
	11
	27
	12
	38
	13
	19
	14
	19
	15
	25


	0
	40
	1
	23
	2
	33
	3
	13
	4
	47
	5
	14
	6
	15
	7
	29
	8
	26
	9
	32
	10
	30
	11
	35
	12
	47
	13
	44
	14
	38
	15
	17


	0
	12
	1
	17
	2
	16
	3
	25
	4
	8
	5
	34
	6
	39
	7
	47
	8
	15
	9
	20
	10
	44
	11
	44
	12
	29
	13
	20
	14
	12
	15
	44


	0
	32
	1
	8
	2
	20
	3
	13
	4
	15
	5
	38
	6
	47
	7
	37
	8
	29
	9
	41
	10
	25
	11
	44
	12
	42
	13
	18
	14
	37
	15
	38


	0
	39
	1
	34
	2
	35
	3
	5
	4
	31
	5
	18
	6
	12
	7
	49
	8
	20
	9
	37
	10
	43
	11
	27
	12
	49
	13
	47
	14
	48
	15
	17


	0
	14
	1
	21
	2
	35
	3
	43
	4
	26
	5
	32
	6
	6
	7
	26
	8
	17
	9
	15
	10
	10
	11
	34
	12
	13
	13
	43
	14
	45
	15
	39


	0
	25
	1
	14
	2
	29
	3
	21
	4
	16
	5
	26
	6
	32
	7
	34
	8
	29
	9
	46
	10
	37
	11
	26
	12
	9
	13
	46
	14
	19
	15
	23


	0
	38
	1
	33
	2
	22
	3
	15
	4
	10
	5
	32
	6
	11
	7
	41
	8
	41
	9
	29
	10
	38
	11
	28
	12
	43
	13
	40
	14
	21
	15
	39


	0
	41
	1
	34
	2
	13
	3
	40
	4
	15
	5
	41
	6
	13
	7
	13
	8
	34
	9
	17
	10
	28
	11
	13
	12
	47
	13
	12
	14
	32
	15
	39


	0
	39
	1
	26
	2
	18
	3
	28
	4
	17
	5
	45
	6
	18
	7
	29
	8
	47
	9
	27
	10
	20
	11
	28
	12
	39
	13
	27
	14
	37
	15
	29


	0
	29
	1
	36
	2
	27
	3
	32
	4
	23
	5
	23
	6
	23
	7
	41
	8
	13
	9
	28
	10
	14
	11
	28
	12
	30
	13
	12
	14
	36
	15
	42


	0
	49
	1
	47
	2
	8
	3
	13
	4
	8
	5
	48
	6
	42
	7
	18
	8
	41
	9
	46
	10
	29
	11
	23
	12
	49
	13
	31
	14
	27
	15
	8


	0
	5
	1
	38
	2
	48
	3
	15
	4
	44
	5
	47
	6
	33
	7
	21
	8
	27
	9
	29
	10
	19
	11
	26
	12
	30
	13
	6
	14
	31
	15
	29


	0
	18
	1
	32
	2
	23
	3
	43
	4
	6
	5
	26
	6
	43
	7
	12
	8
	30
	9
	24
	10
	42
	11
	5
	12
	33
	13
	38
	14
	41
	15
	24


	0
	17
	1
	16
	2
	15
	3
	15
	4
	7
	5
	17
	6
	15
	7
	35
	8
	20
	9
	23
	10
	8
	11
	10
	12
	46
	13
	44
	14
	34
	15
	40


	0
	7
	1
	15
	2
	23
	3
	24
	4
	36
	5
	24
	6
	35
	7
	19
	8
	18
	9
	5
	10
	17
	11
	27
	12
	43
	13
	24
	14
	24
	15
	12


	0
	15
	1
	45
	2
	8
	3
	9
	4
	15
	5
	40
	6
	34
	7
	5
	8
	40
	9
	34
	10
	34
	11
	26
	12
	10
	13
	28
	14
	28
	15
	11


	0
	35
	1
	14
	2
	22
	3
	17
	4
	16
	5
	42
	6
	37
	7
	33
	8
	36
	9
	49
	10
	6
	11
	11
	12
	10
	13
	29
	14
	20
	15
	13


	0
	29
	1
	27
	2
	41
	3
	19
	4
	29
	5
	14
	6
	37
	7
	24
	8
	19
	9
	36
	10
	37
	11
	27
	12
	48
	13
	8
	14
	35
	15
	10


	0
	5
	1
	26
	2
	40
	3
	30
	4
	25
	5
	13
	6
	33
	7
	22
	8
	6
	9
	49
	10
	43
	11
	43
	12
	41
	13
	15
	14
	39
	15
	45


	0
	9
	1
	32
	2
	44
	3
	41
	4
	35
	5
	8
	6
	38
	7
	13
	8
	21
	9
	39
	10
	11
	11
	47
	12
	29
	13
	12
	14
	29
	15
	25


	0
	37
	1
	39
	2
	13
	3
	16
	4
	15
	5
	14
	6
	30
	7
	7
	8
	22
	9
	27
	10
	47
	11
	12
	12
	48
	13
	43
	14
	39
	15
	18


	0
	41
	1
	11
	2
	27
	3
	29
	4
	28
	5
	41
	6
	48
	7
	29
	8
	25
	9
	32
	10
	13
	11
	30
	12
	45
	13
	26
	14
	9
	15
	25


	0
	23
	1
	44
	2
	5
	3
	10
	4
	9
	5
	28
	6
	35
	7
	26
	8
	48
	9
	44
	10
	36
	11
	23
	12
	43
	13
	46
	14
	32
	15
	9


	0
	41
	1
	23
	2
	9
	3
	41
	4
	10
	5
	9
	6
	14
	7
	5
	8
	47
	9
	40
	10
	36
	11
	5
	12
	47
	13
	48
	14
	16
	15
	19


	0
	9
	1
	7
	2
	11
	3
	13
	4
	49
	5
	37
	6
	33
	7
	30
	8
	14
	9
	47
	10
	12
	11
	45
	12
	29
	13
	26
	14
	40
	15
	28


	0
	12
	1
	42
	2
	31
	3
	11
	4
	30
	5
	7
	6
	49
	7
	49
	8
	8
	9
	9
	10
	38
	11
	49
	12
	48
	13
	48
	14
	24
	15
	31


	0
	9
	1
	24
	2
	27
	3
	21
	4
	47
	5
	10
	6
	40
	7
	47
	8
	28
	9
	36
	10
	35
	11
	14
	12
	43
	13
	21
	14
	37
	15
	24


	0
	40
	1
	5
	2
	26
	3
	35
	4
	32
	5
	7
	6
	38
	7
	7
	8
	15
	9
	17
	10
	48
	11
	38
	12
	17
	13
	40
	14
	12
	15
	16

