60
4
4

	0
	37
	1
	42
	2
	37
	3
	14


	0
	28
	1
	28
	2
	8
	3
	40


	0
	11
	1
	44
	2
	27
	3
	10


	0
	47
	1
	40
	2
	21
	3
	42


	0
	19
	1
	33
	2
	37
	3
	23


	0
	7
	1
	25
	2
	28
	3
	41


	0
	5
	1
	48
	2
	10
	3
	45


	0
	15
	1
	26
	2
	43
	3
	18


	0
	8
	1
	37
	2
	37
	3
	18


	0
	42
	1
	40
	2
	46
	3
	35


	0
	22
	1
	25
	2
	11
	3
	39


	0
	37
	1
	37
	2
	36
	3
	26


	0
	13
	1
	47
	2
	25
	3
	34


	0
	29
	1
	38
	2
	44
	3
	28


	0
	5
	1
	29
	2
	31
	3
	18


	0
	10
	1
	31
	2
	45
	3
	30


	0
	39
	1
	36
	2
	22
	3
	14


	0
	28
	1
	36
	2
	40
	3
	34


	0
	33
	1
	25
	2
	8
	3
	35


	0
	37
	1
	29
	2
	45
	3
	28


	0
	16
	1
	17
	2
	30
	3
	49


	0
	48
	1
	22
	2
	15
	3
	31


	0
	35
	1
	47
	2
	22
	3
	42


	0
	5
	1
	29
	2
	42
	3
	17


	0
	47
	1
	22
	2
	15
	3
	26


	0
	5
	1
	35
	2
	23
	3
	15


	0
	45
	1
	44
	2
	19
	3
	43


	0
	46
	1
	44
	2
	16
	3
	24


	0
	37
	1
	40
	2
	14
	3
	8


	0
	36
	1
	41
	2
	20
	3
	38


	0
	34
	1
	42
	2
	25
	3
	33


	0
	22
	1
	26
	2
	28
	3
	27


	0
	47
	1
	39
	2
	49
	3
	28


	0
	25
	1
	49
	2
	26
	3
	29


	0
	28
	1
	5
	2
	27
	3
	30


	0
	24
	1
	19
	2
	46
	3
	39


	0
	25
	1
	48
	2
	11
	3
	46


	0
	16
	1
	23
	2
	25
	3
	28


	0
	39
	1
	10
	2
	19
	3
	29


	0
	39
	1
	15
	2
	15
	3
	49


	0
	19
	1
	12
	2
	8
	3
	18


	0
	27
	1
	30
	2
	20
	3
	28


	0
	44
	1
	40
	2
	24
	3
	15


	0
	42
	1
	13
	2
	16
	3
	21


	0
	24
	1
	18
	2
	37
	3
	41


	0
	40
	1
	39
	2
	10
	3
	9


	0
	36
	1
	12
	2
	30
	3
	18


	0
	12
	1
	33
	2
	19
	3
	15


	0
	39
	1
	37
	2
	14
	3
	34


	0
	42
	1
	39
	2
	14
	3
	45


	0
	5
	1
	22
	2
	23
	3
	37


	0
	10
	1
	23
	2
	33
	3
	7


	0
	36
	1
	25
	2
	22
	3
	46


	0
	20
	1
	48
	2
	14
	3
	30


	0
	33
	1
	30
	2
	28
	3
	13


	0
	34
	1
	44
	2
	37
	3
	21


	0
	29
	1
	17
	2
	26
	3
	49


	0
	41
	1
	19
	2
	43
	3
	44


	0
	37
	1
	16
	2
	22
	3
	37


	0
	44
	1
	33
	2
	19
	3
	41

