60
16
3

	0
	16
	1
	27
	2
	44
	3
	35
	4
	7
	5
	21
	6
	44
	7
	32
	8
	15
	9
	19
	10
	14
	11
	30
	12
	36
	13
	34
	14
	6
	15
	6


	0
	32
	1
	37
	2
	14
	3
	12
	4
	11
	5
	38
	6
	22
	7
	30
	8
	10
	9
	15
	10
	19
	11
	33
	12
	8
	13
	40
	14
	33
	15
	36


	0
	24
	1
	16
	2
	45
	3
	22
	4
	25
	5
	40
	6
	33
	7
	40
	8
	39
	9
	11
	10
	14
	11
	34
	12
	7
	13
	34
	14
	27
	15
	49


	0
	5
	1
	27
	2
	37
	3
	32
	4
	36
	5
	12
	6
	15
	7
	6
	8
	8
	9
	26
	10
	45
	11
	35
	12
	37
	13
	14
	14
	32
	15
	17


	0
	37
	1
	38
	2
	47
	3
	28
	4
	7
	5
	47
	6
	28
	7
	9
	8
	22
	9
	46
	10
	33
	11
	47
	12
	45
	13
	8
	14
	41
	15
	28


	0
	18
	1
	32
	2
	14
	3
	47
	4
	7
	5
	39
	6
	34
	7
	44
	8
	36
	9
	44
	10
	27
	11
	49
	12
	28
	13
	37
	14
	43
	15
	8


	0
	23
	1
	13
	2
	47
	3
	28
	4
	20
	5
	34
	6
	22
	7
	16
	8
	34
	9
	12
	10
	46
	11
	9
	12
	14
	13
	6
	14
	5
	15
	14


	0
	5
	1
	12
	2
	6
	3
	5
	4
	13
	5
	38
	6
	28
	7
	29
	8
	44
	9
	48
	10
	29
	11
	29
	12
	18
	13
	15
	14
	27
	15
	33


	0
	41
	1
	49
	2
	22
	3
	22
	4
	22
	5
	9
	6
	10
	7
	9
	8
	34
	9
	43
	10
	34
	11
	43
	12
	25
	13
	37
	14
	41
	15
	37


	0
	12
	1
	46
	2
	40
	3
	10
	4
	30
	5
	34
	6
	23
	7
	10
	8
	45
	9
	41
	10
	27
	11
	35
	12
	30
	13
	46
	14
	45
	15
	25


	0
	46
	1
	24
	2
	36
	3
	26
	4
	9
	5
	24
	6
	14
	7
	10
	8
	26
	9
	48
	10
	47
	11
	21
	12
	5
	13
	10
	14
	36
	15
	36


	0
	26
	1
	17
	2
	31
	3
	5
	4
	37
	5
	14
	6
	34
	7
	24
	8
	16
	9
	49
	10
	15
	11
	39
	12
	36
	13
	15
	14
	25
	15
	27


	0
	23
	1
	16
	2
	27
	3
	21
	4
	15
	5
	37
	6
	33
	7
	45
	8
	20
	9
	33
	10
	14
	11
	16
	12
	9
	13
	34
	14
	34
	15
	47


	0
	43
	1
	19
	2
	19
	3
	5
	4
	19
	5
	42
	6
	35
	7
	12
	8
	47
	9
	8
	10
	43
	11
	32
	12
	22
	13
	49
	14
	49
	15
	29


	0
	36
	1
	45
	2
	13
	3
	15
	4
	18
	5
	39
	6
	37
	7
	49
	8
	18
	9
	15
	10
	18
	11
	39
	12
	33
	13
	38
	14
	34
	15
	29


	0
	24
	1
	13
	2
	31
	3
	14
	4
	31
	5
	14
	6
	47
	7
	33
	8
	33
	9
	42
	10
	27
	11
	22
	12
	32
	13
	11
	14
	36
	15
	25


	0
	49
	1
	40
	2
	35
	3
	9
	4
	31
	5
	33
	6
	48
	7
	33
	8
	40
	9
	44
	10
	32
	11
	10
	12
	14
	13
	28
	14
	29
	15
	19


	0
	17
	1
	26
	2
	46
	3
	14
	4
	42
	5
	25
	6
	19
	7
	15
	8
	9
	9
	34
	10
	10
	11
	7
	12
	39
	13
	8
	14
	45
	15
	24


	0
	23
	1
	7
	2
	34
	3
	34
	4
	32
	5
	41
	6
	8
	7
	47
	8
	22
	9
	26
	10
	27
	11
	12
	12
	9
	13
	39
	14
	36
	15
	48


	0
	26
	1
	32
	2
	15
	3
	45
	4
	33
	5
	48
	6
	8
	7
	45
	8
	28
	9
	33
	10
	20
	11
	15
	12
	13
	13
	45
	14
	47
	15
	26


	0
	39
	1
	25
	2
	34
	3
	13
	4
	32
	5
	7
	6
	7
	7
	29
	8
	16
	9
	10
	10
	33
	11
	22
	12
	35
	13
	15
	14
	8
	15
	19


	0
	17
	1
	45
	2
	36
	3
	7
	4
	32
	5
	11
	6
	23
	7
	47
	8
	38
	9
	37
	10
	14
	11
	36
	12
	7
	13
	41
	14
	37
	15
	19


	0
	13
	1
	33
	2
	14
	3
	14
	4
	33
	5
	6
	6
	10
	7
	14
	8
	14
	9
	31
	10
	12
	11
	20
	12
	30
	13
	9
	14
	45
	15
	16


	0
	18
	1
	17
	2
	33
	3
	31
	4
	18
	5
	45
	6
	5
	7
	6
	8
	42
	9
	28
	10
	12
	11
	18
	12
	35
	13
	17
	14
	23
	15
	46


	0
	5
	1
	44
	2
	49
	3
	16
	4
	46
	5
	19
	6
	34
	7
	49
	8
	10
	9
	19
	10
	8
	11
	5
	12
	27
	13
	33
	14
	32
	15
	36


	0
	38
	1
	22
	2
	45
	3
	20
	4
	21
	5
	6
	6
	39
	7
	8
	8
	20
	9
	25
	10
	36
	11
	32
	12
	49
	13
	6
	14
	14
	15
	27


	0
	26
	1
	10
	2
	48
	3
	6
	4
	34
	5
	46
	6
	38
	7
	6
	8
	12
	9
	29
	10
	5
	11
	29
	12
	44
	13
	34
	14
	43
	15
	34


	0
	7
	1
	35
	2
	47
	3
	40
	4
	7
	5
	16
	6
	33
	7
	22
	8
	15
	9
	26
	10
	30
	11
	43
	12
	45
	13
	13
	14
	23
	15
	43


	0
	48
	1
	21
	2
	40
	3
	22
	4
	16
	5
	40
	6
	8
	7
	49
	8
	25
	9
	34
	10
	22
	11
	10
	12
	39
	13
	40
	14
	31
	15
	26


	0
	11
	1
	18
	2
	32
	3
	22
	4
	30
	5
	37
	6
	10
	7
	18
	8
	39
	9
	37
	10
	18
	11
	44
	12
	34
	13
	41
	14
	23
	15
	18


	0
	16
	1
	15
	2
	23
	3
	49
	4
	24
	5
	32
	6
	42
	7
	42
	8
	14
	9
	40
	10
	35
	11
	28
	12
	12
	13
	13
	14
	45
	15
	16


	0
	23
	1
	15
	2
	33
	3
	43
	4
	22
	5
	27
	6
	7
	7
	19
	8
	40
	9
	40
	10
	27
	11
	35
	12
	7
	13
	22
	14
	32
	15
	47


	0
	17
	1
	44
	2
	9
	3
	14
	4
	5
	5
	41
	6
	44
	7
	9
	8
	40
	9
	6
	10
	31
	11
	36
	12
	27
	13
	12
	14
	21
	15
	8


	0
	31
	1
	25
	2
	47
	3
	32
	4
	40
	5
	22
	6
	43
	7
	31
	8
	40
	9
	48
	10
	22
	11
	28
	12
	25
	13
	43
	14
	49
	15
	28


	0
	13
	1
	24
	2
	24
	3
	28
	4
	17
	5
	24
	6
	26
	7
	27
	8
	47
	9
	9
	10
	43
	11
	27
	12
	26
	13
	30
	14
	23
	15
	25


	0
	48
	1
	47
	2
	26
	3
	32
	4
	16
	5
	48
	6
	49
	7
	43
	8
	43
	9
	23
	10
	23
	11
	35
	12
	49
	13
	49
	14
	25
	15
	44


	0
	41
	1
	38
	2
	5
	3
	22
	4
	39
	5
	31
	6
	12
	7
	14
	8
	22
	9
	37
	10
	6
	11
	35
	12
	39
	13
	6
	14
	23
	15
	10


	0
	35
	1
	13
	2
	18
	3
	37
	4
	17
	5
	23
	6
	27
	7
	6
	8
	19
	9
	9
	10
	7
	11
	10
	12
	9
	13
	45
	14
	18
	15
	5


	0
	20
	1
	26
	2
	14
	3
	5
	4
	11
	5
	5
	6
	28
	7
	27
	8
	26
	9
	46
	10
	12
	11
	17
	12
	39
	13
	39
	14
	8
	15
	21


	0
	31
	1
	14
	2
	40
	3
	17
	4
	33
	5
	49
	6
	20
	7
	27
	8
	41
	9
	34
	10
	15
	11
	48
	12
	10
	13
	23
	14
	15
	15
	21


	0
	13
	1
	39
	2
	8
	3
	9
	4
	11
	5
	41
	6
	36
	7
	40
	8
	32
	9
	39
	10
	24
	11
	42
	12
	38
	13
	7
	14
	7
	15
	39


	0
	21
	1
	26
	2
	41
	3
	38
	4
	49
	5
	12
	6
	7
	7
	13
	8
	47
	9
	23
	10
	36
	11
	16
	12
	35
	13
	11
	14
	42
	15
	21


	0
	16
	1
	48
	2
	10
	3
	43
	4
	10
	5
	21
	6
	45
	7
	41
	8
	14
	9
	5
	10
	27
	11
	7
	12
	17
	13
	33
	14
	45
	15
	23


	0
	16
	1
	28
	2
	45
	3
	18
	4
	27
	5
	38
	6
	6
	7
	16
	8
	43
	9
	19
	10
	15
	11
	26
	12
	6
	13
	45
	14
	16
	15
	7


	0
	18
	1
	32
	2
	7
	3
	15
	4
	33
	5
	34
	6
	32
	7
	47
	8
	22
	9
	23
	10
	36
	11
	26
	12
	20
	13
	10
	14
	46
	15
	27


	0
	26
	1
	36
	2
	29
	3
	39
	4
	22
	5
	8
	6
	24
	7
	10
	8
	36
	9
	31
	10
	13
	11
	26
	12
	14
	13
	12
	14
	38
	15
	25


	0
	42
	1
	19
	2
	5
	3
	33
	4
	6
	5
	16
	6
	26
	7
	10
	8
	17
	9
	42
	10
	19
	11
	32
	12
	39
	13
	39
	14
	39
	15
	27


	0
	24
	1
	34
	2
	37
	3
	23
	4
	12
	5
	8
	6
	12
	7
	26
	8
	14
	9
	43
	10
	27
	11
	12
	12
	5
	13
	17
	14
	10
	15
	6


	0
	48
	1
	36
	2
	20
	3
	49
	4
	37
	5
	26
	6
	32
	7
	49
	8
	23
	9
	30
	10
	11
	11
	23
	12
	31
	13
	7
	14
	14
	15
	14


	0
	28
	1
	24
	2
	32
	3
	34
	4
	41
	5
	24
	6
	42
	7
	13
	8
	8
	9
	18
	10
	48
	11
	41
	12
	49
	13
	42
	14
	45
	15
	8


	0
	38
	1
	21
	2
	26
	3
	40
	4
	26
	5
	37
	6
	12
	7
	16
	8
	17
	9
	12
	10
	11
	11
	49
	12
	33
	13
	22
	14
	36
	15
	14


	0
	18
	1
	15
	2
	33
	3
	45
	4
	23
	5
	40
	6
	32
	7
	14
	8
	23
	9
	9
	10
	19
	11
	46
	12
	13
	13
	15
	14
	20
	15
	32


	0
	7
	1
	29
	2
	6
	3
	44
	4
	46
	5
	34
	6
	36
	7
	12
	8
	47
	9
	24
	10
	37
	11
	38
	12
	29
	13
	32
	14
	27
	15
	16


	0
	29
	1
	24
	2
	15
	3
	26
	4
	10
	5
	28
	6
	40
	7
	26
	8
	16
	9
	16
	10
	44
	11
	30
	12
	36
	13
	15
	14
	18
	15
	37


	0
	10
	1
	40
	2
	17
	3
	49
	4
	36
	5
	14
	6
	49
	7
	36
	8
	19
	9
	24
	10
	10
	11
	11
	12
	35
	13
	10
	14
	22
	15
	26


	0
	29
	1
	44
	2
	36
	3
	12
	4
	22
	5
	38
	6
	12
	7
	8
	8
	27
	9
	18
	10
	32
	11
	9
	12
	25
	13
	38
	14
	5
	15
	35


	0
	13
	1
	10
	2
	19
	3
	16
	4
	6
	5
	28
	6
	46
	7
	34
	8
	5
	9
	10
	10
	8
	11
	16
	12
	14
	13
	46
	14
	13
	15
	45


	0
	16
	1
	10
	2
	38
	3
	16
	4
	27
	5
	5
	6
	26
	7
	13
	8
	37
	9
	38
	10
	28
	11
	21
	12
	32
	13
	6
	14
	39
	15
	12


	0
	23
	1
	46
	2
	36
	3
	29
	4
	30
	5
	6
	6
	45
	7
	32
	8
	33
	9
	25
	10
	25
	11
	48
	12
	9
	13
	40
	14
	13
	15
	46


	0
	37
	1
	45
	2
	9
	3
	49
	4
	8
	5
	47
	6
	42
	7
	49
	8
	49
	9
	25
	10
	6
	11
	22
	12
	41
	13
	28
	14
	40
	15
	7

