60
4
4

	0
	31
	1
	16
	2
	47
	3
	20


	0
	35
	1
	22
	2
	43
	3
	27


	0
	23
	1
	36
	2
	16
	3
	31


	0
	31
	1
	41
	2
	39
	3
	32


	0
	35
	1
	17
	2
	7
	3
	26


	0
	32
	1
	22
	2
	18
	3
	19


	0
	43
	1
	45
	2
	37
	3
	35


	0
	27
	1
	42
	2
	27
	3
	48


	0
	21
	1
	49
	2
	34
	3
	18


	0
	28
	1
	20
	2
	36
	3
	16


	0
	30
	1
	18
	2
	41
	3
	28


	0
	34
	1
	36
	2
	21
	3
	8


	0
	17
	1
	18
	2
	48
	3
	18


	0
	44
	1
	9
	2
	17
	3
	16


	0
	25
	1
	40
	2
	40
	3
	29


	0
	34
	1
	21
	2
	41
	3
	12


	0
	38
	1
	43
	2
	12
	3
	8


	0
	34
	1
	36
	2
	41
	3
	7


	0
	49
	1
	45
	2
	46
	3
	38


	0
	24
	1
	15
	2
	28
	3
	41


	0
	24
	1
	38
	2
	44
	3
	38


	0
	12
	1
	38
	2
	8
	3
	7


	0
	48
	1
	30
	2
	28
	3
	40


	0
	30
	1
	8
	2
	18
	3
	43


	0
	34
	1
	31
	2
	32
	3
	25


	0
	14
	1
	13
	2
	49
	3
	45


	0
	37
	1
	34
	2
	15
	3
	17


	0
	29
	1
	27
	2
	7
	3
	27


	0
	27
	1
	17
	2
	14
	3
	32


	0
	27
	1
	15
	2
	9
	3
	13


	0
	13
	1
	34
	2
	48
	3
	47


	0
	37
	1
	44
	2
	13
	3
	6


	0
	41
	1
	38
	2
	28
	3
	49


	0
	48
	1
	16
	2
	33
	3
	26


	0
	29
	1
	40
	2
	20
	3
	48


	0
	20
	1
	38
	2
	10
	3
	14


	0
	7
	1
	49
	2
	7
	3
	48


	0
	33
	1
	48
	2
	27
	3
	14


	0
	48
	1
	34
	2
	26
	3
	49


	0
	17
	1
	26
	2
	33
	3
	36


	0
	6
	1
	20
	2
	26
	3
	7


	0
	25
	1
	11
	2
	33
	3
	46


	0
	8
	1
	12
	2
	36
	3
	42


	0
	27
	1
	9
	2
	36
	3
	25


	0
	28
	1
	15
	2
	14
	3
	22


	0
	49
	1
	5
	2
	20
	3
	40


	0
	16
	1
	7
	2
	15
	3
	45


	0
	48
	1
	10
	2
	37
	3
	25


	0
	25
	1
	25
	2
	18
	3
	25


	0
	49
	1
	12
	2
	8
	3
	10


	0
	19
	1
	26
	2
	15
	3
	44


	0
	8
	1
	20
	2
	40
	3
	11


	0
	13
	1
	32
	2
	46
	3
	37


	0
	43
	1
	15
	2
	33
	3
	38


	0
	6
	1
	40
	2
	16
	3
	8


	0
	26
	1
	6
	2
	6
	3
	9


	0
	24
	1
	42
	2
	5
	3
	20


	0
	33
	1
	45
	2
	34
	3
	34


	0
	48
	1
	9
	2
	5
	3
	29


	0
	26
	1
	45
	2
	49
	3
	22

