60
8
2

	0
	10
	1
	40
	2
	45
	3
	43
	4
	27
	5
	34
	6
	21
	7
	38


	0
	43
	1
	17
	2
	41
	3
	46
	4
	10
	5
	49
	6
	34
	7
	39


	0
	36
	1
	35
	2
	32
	3
	8
	4
	13
	5
	36
	6
	28
	7
	38


	0
	33
	1
	33
	2
	39
	3
	37
	4
	35
	5
	24
	6
	38
	7
	47


	0
	10
	1
	46
	2
	37
	3
	31
	4
	48
	5
	9
	6
	27
	7
	38


	0
	26
	1
	27
	2
	22
	3
	10
	4
	17
	5
	43
	6
	8
	7
	32


	0
	16
	1
	31
	2
	49
	3
	9
	4
	11
	5
	11
	6
	39
	7
	8


	0
	44
	1
	10
	2
	34
	3
	13
	4
	6
	5
	28
	6
	19
	7
	16


	0
	38
	1
	29
	2
	25
	3
	28
	4
	38
	5
	45
	6
	19
	7
	8


	0
	6
	1
	15
	2
	34
	3
	42
	4
	29
	5
	48
	6
	19
	7
	16


	0
	21
	1
	31
	2
	22
	3
	42
	4
	40
	5
	14
	6
	6
	7
	48


	0
	36
	1
	31
	2
	13
	3
	8
	4
	15
	5
	29
	6
	21
	7
	27


	0
	5
	1
	45
	2
	9
	3
	42
	4
	15
	5
	21
	6
	36
	7
	41


	0
	17
	1
	33
	2
	47
	3
	16
	4
	37
	5
	43
	6
	32
	7
	30


	0
	7
	1
	36
	2
	41
	3
	40
	4
	34
	5
	11
	6
	25
	7
	7


	0
	44
	1
	5
	2
	8
	3
	24
	4
	13
	5
	27
	6
	46
	7
	30


	0
	23
	1
	33
	2
	35
	3
	28
	4
	35
	5
	16
	6
	24
	7
	26


	0
	11
	1
	30
	2
	24
	3
	35
	4
	37
	5
	16
	6
	27
	7
	34


	0
	37
	1
	34
	2
	9
	3
	20
	4
	39
	5
	30
	6
	18
	7
	19


	0
	10
	1
	33
	2
	28
	3
	23
	4
	15
	5
	39
	6
	13
	7
	36


	0
	6
	1
	22
	2
	12
	3
	13
	4
	8
	5
	30
	6
	5
	7
	38


	0
	32
	1
	8
	2
	20
	3
	45
	4
	39
	5
	20
	6
	29
	7
	20


	0
	11
	1
	49
	2
	8
	3
	26
	4
	5
	5
	5
	6
	19
	7
	34


	0
	22
	1
	39
	2
	38
	3
	27
	4
	42
	5
	33
	6
	31
	7
	44


	0
	22
	1
	16
	2
	43
	3
	19
	4
	6
	5
	24
	6
	27
	7
	48


	0
	19
	1
	35
	2
	29
	3
	27
	4
	46
	5
	30
	6
	32
	7
	41


	0
	39
	1
	48
	2
	49
	3
	12
	4
	39
	5
	49
	6
	16
	7
	47


	0
	47
	1
	49
	2
	25
	3
	25
	4
	36
	5
	49
	6
	13
	7
	7


	0
	46
	1
	47
	2
	15
	3
	7
	4
	16
	5
	13
	6
	15
	7
	7


	0
	41
	1
	23
	2
	7
	3
	44
	4
	13
	5
	24
	6
	7
	7
	27


	0
	8
	1
	22
	2
	49
	3
	39
	4
	19
	5
	22
	6
	18
	7
	20


	0
	34
	1
	10
	2
	16
	3
	21
	4
	33
	5
	27
	6
	37
	7
	44


	0
	8
	1
	28
	2
	6
	3
	19
	4
	30
	5
	32
	6
	39
	7
	46


	0
	45
	1
	18
	2
	42
	3
	13
	4
	12
	5
	45
	6
	6
	7
	18


	0
	15
	1
	47
	2
	49
	3
	37
	4
	5
	5
	5
	6
	43
	7
	12


	0
	40
	1
	25
	2
	29
	3
	23
	4
	20
	5
	46
	6
	7
	7
	21


	0
	36
	1
	6
	2
	21
	3
	43
	4
	8
	5
	30
	6
	28
	7
	46


	0
	44
	1
	16
	2
	39
	3
	23
	4
	14
	5
	42
	6
	28
	7
	48


	0
	48
	1
	7
	2
	30
	3
	47
	4
	32
	5
	24
	6
	24
	7
	20


	0
	40
	1
	25
	2
	24
	3
	46
	4
	48
	5
	14
	6
	14
	7
	8


	0
	31
	1
	32
	2
	34
	3
	13
	4
	19
	5
	12
	6
	44
	7
	30


	0
	11
	1
	33
	2
	7
	3
	39
	4
	20
	5
	5
	6
	21
	7
	49


	0
	48
	1
	46
	2
	19
	3
	26
	4
	25
	5
	43
	6
	7
	7
	16


	0
	43
	1
	30
	2
	28
	3
	44
	4
	31
	5
	26
	6
	11
	7
	26


	0
	48
	1
	30
	2
	46
	3
	19
	4
	11
	5
	11
	6
	37
	7
	34


	0
	28
	1
	6
	2
	9
	3
	7
	4
	32
	5
	33
	6
	25
	7
	35


	0
	27
	1
	37
	2
	17
	3
	36
	4
	48
	5
	26
	6
	28
	7
	33


	0
	24
	1
	34
	2
	40
	3
	20
	4
	37
	5
	21
	6
	45
	7
	21


	0
	20
	1
	16
	2
	22
	3
	12
	4
	17
	5
	32
	6
	36
	7
	45


	0
	32
	1
	49
	2
	45
	3
	17
	4
	33
	5
	35
	6
	40
	7
	32


	0
	35
	1
	47
	2
	27
	3
	45
	4
	20
	5
	5
	6
	35
	7
	23


	0
	16
	1
	11
	2
	11
	3
	13
	4
	12
	5
	27
	6
	46
	7
	49


	0
	28
	1
	43
	2
	47
	3
	28
	4
	45
	5
	47
	6
	29
	7
	15


	0
	39
	1
	30
	2
	48
	3
	16
	4
	41
	5
	22
	6
	22
	7
	44


	0
	26
	1
	16
	2
	17
	3
	13
	4
	22
	5
	7
	6
	31
	7
	38


	0
	29
	1
	8
	2
	5
	3
	18
	4
	5
	5
	7
	6
	28
	7
	30


	0
	24
	1
	13
	2
	45
	3
	37
	4
	46
	5
	10
	6
	30
	7
	35


	0
	13
	1
	20
	2
	38
	3
	31
	4
	10
	5
	6
	6
	38
	7
	42


	0
	21
	1
	26
	2
	12
	3
	25
	4
	27
	5
	40
	6
	31
	7
	44


	0
	22
	1
	15
	2
	47
	3
	19
	4
	17
	5
	47
	6
	40
	7
	39

