60
8
2

	0
	41
	1
	7
	2
	43
	3
	49
	4
	16
	5
	22
	6
	28
	7
	47


	0
	38
	1
	10
	2
	46
	3
	41
	4
	21
	5
	19
	6
	48
	7
	34


	0
	43
	1
	31
	2
	43
	3
	20
	4
	22
	5
	36
	6
	44
	7
	6


	0
	29
	1
	31
	2
	20
	3
	16
	4
	19
	5
	16
	6
	37
	7
	23


	0
	12
	1
	18
	2
	11
	3
	32
	4
	38
	5
	9
	6
	47
	7
	23


	0
	13
	1
	17
	2
	13
	3
	26
	4
	47
	5
	28
	6
	26
	7
	19


	0
	43
	1
	44
	2
	14
	3
	28
	4
	34
	5
	11
	6
	6
	7
	31


	0
	23
	1
	41
	2
	9
	3
	40
	4
	10
	5
	41
	6
	6
	7
	38


	0
	6
	1
	36
	2
	30
	3
	40
	4
	37
	5
	19
	6
	12
	7
	43


	0
	14
	1
	26
	2
	13
	3
	35
	4
	26
	5
	9
	6
	5
	7
	6


	0
	42
	1
	35
	2
	47
	3
	12
	4
	5
	5
	9
	6
	5
	7
	12


	0
	16
	1
	15
	2
	42
	3
	31
	4
	6
	5
	47
	6
	20
	7
	15


	0
	43
	1
	39
	2
	16
	3
	34
	4
	12
	5
	38
	6
	13
	7
	14


	0
	36
	1
	46
	2
	6
	3
	42
	4
	29
	5
	14
	6
	11
	7
	10


	0
	9
	1
	11
	2
	35
	3
	49
	4
	7
	5
	32
	6
	33
	7
	45


	0
	39
	1
	43
	2
	27
	3
	10
	4
	43
	5
	25
	6
	15
	7
	17


	0
	37
	1
	10
	2
	10
	3
	19
	4
	33
	5
	43
	6
	28
	7
	30


	0
	26
	1
	49
	2
	48
	3
	45
	4
	49
	5
	12
	6
	41
	7
	26


	0
	41
	1
	45
	2
	41
	3
	15
	4
	31
	5
	28
	6
	19
	7
	17


	0
	22
	1
	40
	2
	11
	3
	5
	4
	44
	5
	38
	6
	11
	7
	27


	0
	34
	1
	30
	2
	46
	3
	20
	4
	42
	5
	33
	6
	40
	7
	9


	0
	5
	1
	7
	2
	29
	3
	9
	4
	11
	5
	41
	6
	16
	7
	33


	0
	44
	1
	24
	2
	17
	3
	7
	4
	32
	5
	15
	6
	36
	7
	7


	0
	30
	1
	19
	2
	6
	3
	36
	4
	19
	5
	21
	6
	36
	7
	37


	0
	25
	1
	47
	2
	16
	3
	8
	4
	27
	5
	14
	6
	12
	7
	19


	0
	12
	1
	34
	2
	11
	3
	31
	4
	6
	5
	32
	6
	43
	7
	24


	0
	33
	1
	10
	2
	27
	3
	8
	4
	33
	5
	15
	6
	36
	7
	41


	0
	19
	1
	16
	2
	34
	3
	42
	4
	21
	5
	41
	6
	42
	7
	47


	0
	36
	1
	8
	2
	19
	3
	44
	4
	17
	5
	11
	6
	39
	7
	13


	0
	47
	1
	14
	2
	12
	3
	13
	4
	37
	5
	10
	6
	27
	7
	44


	0
	28
	1
	21
	2
	35
	3
	7
	4
	5
	5
	33
	6
	14
	7
	6


	0
	17
	1
	17
	2
	17
	3
	25
	4
	39
	5
	12
	6
	16
	7
	40


	0
	13
	1
	49
	2
	12
	3
	26
	4
	10
	5
	44
	6
	14
	7
	33


	0
	10
	1
	40
	2
	24
	3
	36
	4
	39
	5
	17
	6
	34
	7
	45


	0
	42
	1
	24
	2
	19
	3
	16
	4
	43
	5
	45
	6
	48
	7
	45


	0
	49
	1
	41
	2
	18
	3
	43
	4
	10
	5
	49
	6
	36
	7
	27


	0
	24
	1
	48
	2
	42
	3
	43
	4
	6
	5
	34
	6
	7
	7
	44


	0
	7
	1
	9
	2
	32
	3
	5
	4
	26
	5
	48
	6
	7
	7
	13


	0
	21
	1
	32
	2
	27
	3
	27
	4
	36
	5
	42
	6
	13
	7
	14


	0
	6
	1
	45
	2
	43
	3
	19
	4
	21
	5
	9
	6
	14
	7
	10


	0
	42
	1
	37
	2
	19
	3
	11
	4
	36
	5
	17
	6
	24
	7
	23


	0
	10
	1
	29
	2
	22
	3
	5
	4
	10
	5
	7
	6
	26
	7
	18


	0
	23
	1
	45
	2
	28
	3
	48
	4
	29
	5
	31
	6
	6
	7
	35


	0
	11
	1
	27
	2
	39
	3
	7
	4
	33
	5
	41
	6
	48
	7
	35


	0
	42
	1
	39
	2
	18
	3
	40
	4
	26
	5
	25
	6
	28
	7
	16


	0
	43
	1
	23
	2
	36
	3
	43
	4
	21
	5
	21
	6
	17
	7
	30


	0
	37
	1
	20
	2
	21
	3
	46
	4
	20
	5
	10
	6
	31
	7
	45


	0
	8
	1
	17
	2
	27
	3
	32
	4
	49
	5
	41
	6
	49
	7
	26


	0
	40
	1
	33
	2
	39
	3
	29
	4
	41
	5
	36
	6
	45
	7
	11


	0
	49
	1
	37
	2
	35
	3
	35
	4
	7
	5
	31
	6
	7
	7
	39


	0
	9
	1
	41
	2
	43
	3
	40
	4
	25
	5
	34
	6
	9
	7
	34


	0
	36
	1
	23
	2
	35
	3
	24
	4
	22
	5
	28
	6
	24
	7
	17


	0
	38
	1
	18
	2
	19
	3
	5
	4
	33
	5
	44
	6
	16
	7
	36


	0
	12
	1
	18
	2
	47
	3
	23
	4
	24
	5
	10
	6
	45
	7
	35


	0
	37
	1
	33
	2
	10
	3
	40
	4
	21
	5
	16
	6
	9
	7
	11


	0
	46
	1
	16
	2
	43
	3
	7
	4
	32
	5
	12
	6
	38
	7
	33


	0
	12
	1
	28
	2
	31
	3
	46
	4
	22
	5
	21
	6
	32
	7
	8


	0
	20
	1
	35
	2
	45
	3
	33
	4
	44
	5
	40
	6
	16
	7
	41


	0
	38
	1
	6
	2
	8
	3
	24
	4
	5
	5
	26
	6
	36
	7
	38


	0
	6
	1
	33
	2
	28
	3
	10
	4
	13
	5
	35
	6
	18
	7
	48

