60
16
5

	0
	16
	1
	45
	2
	44
	3
	37
	4
	45
	5
	39
	6
	19
	7
	36
	8
	15
	9
	46
	10
	11
	11
	29
	12
	43
	13
	41
	14
	14
	15
	49


	0
	29
	1
	31
	2
	44
	3
	46
	4
	13
	5
	41
	6
	14
	7
	31
	8
	43
	9
	9
	10
	26
	11
	49
	12
	10
	13
	5
	14
	20
	15
	16


	0
	38
	1
	8
	2
	46
	3
	34
	4
	7
	5
	16
	6
	6
	7
	44
	8
	44
	9
	22
	10
	36
	11
	40
	12
	10
	13
	40
	14
	46
	15
	23


	0
	24
	1
	35
	2
	28
	3
	42
	4
	42
	5
	24
	6
	14
	7
	46
	8
	24
	9
	26
	10
	36
	11
	6
	12
	15
	13
	31
	14
	42
	15
	28


	0
	25
	1
	42
	2
	47
	3
	44
	4
	39
	5
	40
	6
	11
	7
	41
	8
	17
	9
	17
	10
	27
	11
	12
	12
	31
	13
	26
	14
	39
	15
	22


	0
	42
	1
	26
	2
	30
	3
	34
	4
	29
	5
	5
	6
	32
	7
	23
	8
	5
	9
	46
	10
	15
	11
	18
	12
	32
	13
	49
	14
	7
	15
	14


	0
	28
	1
	10
	2
	40
	3
	37
	4
	28
	5
	46
	6
	24
	7
	39
	8
	13
	9
	7
	10
	21
	11
	20
	12
	44
	13
	8
	14
	49
	15
	32


	0
	39
	1
	18
	2
	47
	3
	17
	4
	11
	5
	7
	6
	35
	7
	12
	8
	39
	9
	7
	10
	21
	11
	20
	12
	22
	13
	44
	14
	22
	15
	19


	0
	38
	1
	45
	2
	6
	3
	5
	4
	22
	5
	20
	6
	42
	7
	16
	8
	23
	9
	24
	10
	35
	11
	12
	12
	39
	13
	49
	14
	44
	15
	22


	0
	37
	1
	24
	2
	33
	3
	5
	4
	15
	5
	7
	6
	21
	7
	35
	8
	29
	9
	16
	10
	27
	11
	48
	12
	38
	13
	38
	14
	44
	15
	34


	0
	16
	1
	31
	2
	43
	3
	45
	4
	31
	5
	45
	6
	22
	7
	49
	8
	18
	9
	30
	10
	38
	11
	42
	12
	26
	13
	36
	14
	19
	15
	18


	0
	47
	1
	49
	2
	5
	3
	44
	4
	12
	5
	43
	6
	41
	7
	31
	8
	31
	9
	27
	10
	44
	11
	5
	12
	20
	13
	39
	14
	14
	15
	38


	0
	38
	1
	26
	2
	15
	3
	8
	4
	22
	5
	43
	6
	8
	7
	6
	8
	5
	9
	35
	10
	14
	11
	35
	12
	21
	13
	18
	14
	7
	15
	46


	0
	41
	1
	24
	2
	7
	3
	32
	4
	48
	5
	25
	6
	25
	7
	36
	8
	9
	9
	14
	10
	23
	11
	7
	12
	32
	13
	10
	14
	10
	15
	5


	0
	39
	1
	45
	2
	12
	3
	27
	4
	37
	5
	21
	6
	6
	7
	44
	8
	16
	9
	9
	10
	6
	11
	19
	12
	5
	13
	27
	14
	25
	15
	16


	0
	47
	1
	23
	2
	15
	3
	48
	4
	20
	5
	14
	6
	36
	7
	8
	8
	22
	9
	20
	10
	16
	11
	48
	12
	9
	13
	11
	14
	35
	15
	24


	0
	12
	1
	26
	2
	47
	3
	23
	4
	16
	5
	23
	6
	43
	7
	28
	8
	11
	9
	44
	10
	34
	11
	26
	12
	18
	13
	13
	14
	30
	15
	34


	0
	8
	1
	6
	2
	42
	3
	47
	4
	43
	5
	25
	6
	41
	7
	24
	8
	29
	9
	42
	10
	10
	11
	18
	12
	23
	13
	44
	14
	18
	15
	11


	0
	25
	1
	42
	2
	7
	3
	6
	4
	27
	5
	32
	6
	20
	7
	23
	8
	29
	9
	44
	10
	21
	11
	30
	12
	23
	13
	24
	14
	30
	15
	22


	0
	32
	1
	9
	2
	20
	3
	8
	4
	12
	5
	15
	6
	17
	7
	17
	8
	15
	9
	19
	10
	6
	11
	20
	12
	36
	13
	5
	14
	21
	15
	16


	0
	5
	1
	18
	2
	15
	3
	22
	4
	34
	5
	25
	6
	7
	7
	9
	8
	12
	9
	18
	10
	43
	11
	37
	12
	47
	13
	25
	14
	48
	15
	20


	0
	17
	1
	33
	2
	27
	3
	32
	4
	5
	5
	30
	6
	6
	7
	22
	8
	19
	9
	16
	10
	40
	11
	37
	12
	8
	13
	44
	14
	38
	15
	35


	0
	28
	1
	43
	2
	23
	3
	10
	4
	31
	5
	11
	6
	47
	7
	10
	8
	23
	9
	36
	10
	8
	11
	40
	12
	8
	13
	13
	14
	22
	15
	17


	0
	21
	1
	47
	2
	8
	3
	35
	4
	15
	5
	35
	6
	23
	7
	7
	8
	42
	9
	33
	10
	43
	11
	44
	12
	10
	13
	6
	14
	25
	15
	8


	0
	48
	1
	34
	2
	12
	3
	36
	4
	9
	5
	33
	6
	43
	7
	34
	8
	20
	9
	40
	10
	23
	11
	28
	12
	5
	13
	6
	14
	35
	15
	35


	0
	22
	1
	12
	2
	9
	3
	48
	4
	28
	5
	44
	6
	32
	7
	34
	8
	41
	9
	29
	10
	37
	11
	24
	12
	34
	13
	6
	14
	49
	15
	25


	0
	37
	1
	42
	2
	38
	3
	11
	4
	31
	5
	24
	6
	6
	7
	48
	8
	11
	9
	49
	10
	6
	11
	48
	12
	33
	13
	29
	14
	8
	15
	35


	0
	24
	1
	11
	2
	11
	3
	12
	4
	7
	5
	25
	6
	8
	7
	38
	8
	14
	9
	27
	10
	18
	11
	27
	12
	32
	13
	8
	14
	35
	15
	24


	0
	5
	1
	46
	2
	5
	3
	28
	4
	6
	5
	5
	6
	47
	7
	34
	8
	15
	9
	41
	10
	48
	11
	26
	12
	27
	13
	45
	14
	7
	15
	22


	0
	40
	1
	45
	2
	37
	3
	30
	4
	10
	5
	15
	6
	41
	7
	24
	8
	18
	9
	49
	10
	36
	11
	26
	12
	15
	13
	21
	14
	19
	15
	16


	0
	38
	1
	9
	2
	48
	3
	35
	4
	40
	5
	24
	6
	19
	7
	25
	8
	48
	9
	29
	10
	44
	11
	47
	12
	16
	13
	30
	14
	12
	15
	21


	0
	16
	1
	37
	2
	45
	3
	12
	4
	16
	5
	18
	6
	18
	7
	36
	8
	30
	9
	48
	10
	19
	11
	27
	12
	49
	13
	11
	14
	7
	15
	48


	0
	35
	1
	5
	2
	49
	3
	38
	4
	12
	5
	6
	6
	18
	7
	22
	8
	36
	9
	23
	10
	17
	11
	37
	12
	43
	13
	31
	14
	29
	15
	12


	0
	26
	1
	35
	2
	33
	3
	40
	4
	17
	5
	28
	6
	9
	7
	11
	8
	5
	9
	33
	10
	23
	11
	39
	12
	42
	13
	18
	14
	19
	15
	31


	0
	19
	1
	21
	2
	22
	3
	10
	4
	39
	5
	49
	6
	7
	7
	30
	8
	21
	9
	41
	10
	17
	11
	35
	12
	10
	13
	13
	14
	5
	15
	45


	0
	43
	1
	46
	2
	24
	3
	7
	4
	19
	5
	27
	6
	35
	7
	9
	8
	27
	9
	18
	10
	12
	11
	42
	12
	33
	13
	45
	14
	21
	15
	31


	0
	48
	1
	27
	2
	20
	3
	30
	4
	40
	5
	49
	6
	49
	7
	41
	8
	27
	9
	35
	10
	42
	11
	31
	12
	38
	13
	20
	14
	27
	15
	37


	0
	21
	1
	12
	2
	47
	3
	14
	4
	29
	5
	16
	6
	17
	7
	40
	8
	22
	9
	25
	10
	34
	11
	11
	12
	30
	13
	13
	14
	16
	15
	24


	0
	18
	1
	17
	2
	16
	3
	45
	4
	13
	5
	8
	6
	40
	7
	34
	8
	23
	9
	30
	10
	38
	11
	14
	12
	17
	13
	47
	14
	12
	15
	22


	0
	5
	1
	30
	2
	47
	3
	18
	4
	43
	5
	17
	6
	16
	7
	11
	8
	47
	9
	9
	10
	5
	11
	14
	12
	14
	13
	21
	14
	45
	15
	11


	0
	30
	1
	38
	2
	48
	3
	35
	4
	39
	5
	17
	6
	34
	7
	20
	8
	29
	9
	25
	10
	31
	11
	26
	12
	31
	13
	34
	14
	22
	15
	10


	0
	18
	1
	36
	2
	44
	3
	21
	4
	31
	5
	36
	6
	44
	7
	41
	8
	25
	9
	34
	10
	46
	11
	38
	12
	18
	13
	32
	14
	35
	15
	25


	0
	33
	1
	23
	2
	30
	3
	38
	4
	34
	5
	11
	6
	29
	7
	6
	8
	30
	9
	16
	10
	16
	11
	35
	12
	33
	13
	46
	14
	48
	15
	7


	0
	23
	1
	15
	2
	42
	3
	33
	4
	21
	5
	44
	6
	12
	7
	12
	8
	29
	9
	6
	10
	13
	11
	41
	12
	48
	13
	22
	14
	10
	15
	49


	0
	9
	1
	34
	2
	10
	3
	16
	4
	21
	5
	22
	6
	20
	7
	20
	8
	19
	9
	15
	10
	49
	11
	44
	12
	6
	13
	38
	14
	37
	15
	30


	0
	41
	1
	8
	2
	30
	3
	25
	4
	47
	5
	28
	6
	19
	7
	15
	8
	43
	9
	13
	10
	41
	11
	29
	12
	18
	13
	23
	14
	44
	15
	16


	0
	48
	1
	21
	2
	29
	3
	45
	4
	32
	5
	38
	6
	24
	7
	43
	8
	7
	9
	41
	10
	12
	11
	48
	12
	17
	13
	6
	14
	47
	15
	14


	0
	6
	1
	31
	2
	49
	3
	13
	4
	18
	5
	8
	6
	10
	7
	13
	8
	24
	9
	8
	10
	22
	11
	27
	12
	42
	13
	35
	14
	20
	15
	18


	0
	41
	1
	32
	2
	14
	3
	5
	4
	19
	5
	22
	6
	6
	7
	42
	8
	11
	9
	41
	10
	34
	11
	22
	12
	20
	13
	19
	14
	39
	15
	16


	0
	45
	1
	42
	2
	16
	3
	22
	4
	8
	5
	40
	6
	17
	7
	25
	8
	33
	9
	25
	10
	13
	11
	28
	12
	23
	13
	28
	14
	24
	15
	36


	0
	15
	1
	38
	2
	20
	3
	45
	4
	36
	5
	9
	6
	11
	7
	17
	8
	22
	9
	20
	10
	26
	11
	42
	12
	11
	13
	43
	14
	17
	15
	7


	0
	28
	1
	7
	2
	32
	3
	35
	4
	27
	5
	49
	6
	7
	7
	35
	8
	43
	9
	12
	10
	27
	11
	24
	12
	46
	13
	20
	14
	49
	15
	26


	0
	12
	1
	21
	2
	10
	3
	27
	4
	6
	5
	9
	6
	32
	7
	5
	8
	12
	9
	28
	10
	24
	11
	20
	12
	21
	13
	6
	14
	8
	15
	32


	0
	10
	1
	40
	2
	44
	3
	22
	4
	30
	5
	6
	6
	40
	7
	37
	8
	6
	9
	23
	10
	43
	11
	35
	12
	47
	13
	41
	14
	31
	15
	31


	0
	46
	1
	21
	2
	14
	3
	21
	4
	20
	5
	24
	6
	39
	7
	34
	8
	22
	9
	49
	10
	28
	11
	35
	12
	25
	13
	32
	14
	36
	15
	36


	0
	36
	1
	17
	2
	45
	3
	31
	4
	6
	5
	39
	6
	42
	7
	30
	8
	20
	9
	24
	10
	41
	11
	27
	12
	21
	13
	48
	14
	30
	15
	18


	0
	6
	1
	25
	2
	10
	3
	7
	4
	8
	5
	22
	6
	45
	7
	25
	8
	5
	9
	13
	10
	6
	11
	27
	12
	28
	13
	11
	14
	8
	15
	32


	0
	35
	1
	9
	2
	42
	3
	49
	4
	43
	5
	25
	6
	30
	7
	7
	8
	34
	9
	10
	10
	10
	11
	48
	12
	28
	13
	13
	14
	47
	15
	30


	0
	11
	1
	22
	2
	18
	3
	26
	4
	48
	5
	21
	6
	11
	7
	18
	8
	39
	9
	41
	10
	9
	11
	10
	12
	20
	13
	46
	14
	20
	15
	37


	0
	16
	1
	13
	2
	11
	3
	16
	4
	47
	5
	9
	6
	40
	7
	25
	8
	46
	9
	13
	10
	23
	11
	36
	12
	15
	13
	35
	14
	28
	15
	37

