60
8
2

	0
	46
	1
	18
	2
	49
	3
	46
	4
	27
	5
	5
	6
	14
	7
	9


	0
	46
	1
	23
	2
	33
	3
	19
	4
	34
	5
	12
	6
	48
	7
	6


	0
	15
	1
	41
	2
	33
	3
	46
	4
	42
	5
	45
	6
	38
	7
	30


	0
	14
	1
	27
	2
	25
	3
	45
	4
	40
	5
	46
	6
	43
	7
	11


	0
	32
	1
	17
	2
	28
	3
	12
	4
	48
	5
	7
	6
	21
	7
	31


	0
	7
	1
	46
	2
	49
	3
	20
	4
	28
	5
	20
	6
	24
	7
	17


	0
	35
	1
	21
	2
	26
	3
	44
	4
	29
	5
	26
	6
	9
	7
	48


	0
	34
	1
	41
	2
	12
	3
	44
	4
	20
	5
	29
	6
	33
	7
	34


	0
	15
	1
	44
	2
	21
	3
	35
	4
	16
	5
	10
	6
	19
	7
	14


	0
	21
	1
	36
	2
	28
	3
	28
	4
	6
	5
	37
	6
	45
	7
	23


	0
	49
	1
	17
	2
	34
	3
	15
	4
	25
	5
	22
	6
	23
	7
	40


	0
	34
	1
	49
	2
	21
	3
	30
	4
	39
	5
	8
	6
	24
	7
	17


	0
	36
	1
	25
	2
	19
	3
	23
	4
	12
	5
	6
	6
	21
	7
	34


	0
	22
	1
	32
	2
	13
	3
	21
	4
	23
	5
	21
	6
	30
	7
	49


	0
	31
	1
	8
	2
	40
	3
	25
	4
	8
	5
	41
	6
	8
	7
	33


	0
	44
	1
	11
	2
	46
	3
	16
	4
	24
	5
	35
	6
	43
	7
	12


	0
	44
	1
	30
	2
	43
	3
	24
	4
	36
	5
	7
	6
	41
	7
	43


	0
	6
	1
	41
	2
	16
	3
	38
	4
	37
	5
	41
	6
	43
	7
	34


	0
	25
	1
	43
	2
	13
	3
	5
	4
	14
	5
	16
	6
	49
	7
	29


	0
	7
	1
	7
	2
	5
	3
	18
	4
	18
	5
	22
	6
	40
	7
	49


	0
	6
	1
	46
	2
	25
	3
	19
	4
	5
	5
	37
	6
	30
	7
	11


	0
	31
	1
	6
	2
	49
	3
	8
	4
	40
	5
	18
	6
	36
	7
	27


	0
	37
	1
	39
	2
	47
	3
	40
	4
	45
	5
	40
	6
	15
	7
	35


	0
	6
	1
	19
	2
	42
	3
	42
	4
	12
	5
	45
	6
	11
	7
	19


	0
	32
	1
	47
	2
	35
	3
	38
	4
	18
	5
	25
	6
	22
	7
	15


	0
	28
	1
	5
	2
	19
	3
	19
	4
	30
	5
	7
	6
	27
	7
	34


	0
	37
	1
	27
	2
	12
	3
	43
	4
	26
	5
	6
	6
	27
	7
	20


	0
	26
	1
	31
	2
	13
	3
	47
	4
	27
	5
	37
	6
	16
	7
	37


	0
	17
	1
	19
	2
	41
	3
	28
	4
	33
	5
	18
	6
	44
	7
	26


	0
	16
	1
	22
	2
	11
	3
	20
	4
	7
	5
	42
	6
	6
	7
	33


	0
	5
	1
	18
	2
	16
	3
	20
	4
	39
	5
	30
	6
	40
	7
	10


	0
	34
	1
	34
	2
	37
	3
	24
	4
	36
	5
	15
	6
	27
	7
	16


	0
	13
	1
	21
	2
	9
	3
	47
	4
	38
	5
	29
	6
	23
	7
	23


	0
	6
	1
	48
	2
	35
	3
	42
	4
	33
	5
	22
	6
	11
	7
	10


	0
	25
	1
	30
	2
	33
	3
	9
	4
	17
	5
	38
	6
	34
	7
	9


	0
	20
	1
	43
	2
	30
	3
	33
	4
	23
	5
	12
	6
	5
	7
	29


	0
	22
	1
	22
	2
	38
	3
	21
	4
	46
	5
	22
	6
	27
	7
	47


	0
	35
	1
	46
	2
	9
	3
	16
	4
	13
	5
	46
	6
	8
	7
	8


	0
	11
	1
	15
	2
	35
	3
	36
	4
	14
	5
	42
	6
	36
	7
	18


	0
	39
	1
	17
	2
	49
	3
	7
	4
	38
	5
	20
	6
	35
	7
	22


	0
	22
	1
	38
	2
	48
	3
	38
	4
	26
	5
	25
	6
	21
	7
	43


	0
	39
	1
	19
	2
	32
	3
	31
	4
	17
	5
	32
	6
	18
	7
	32


	0
	21
	1
	43
	2
	8
	3
	21
	4
	40
	5
	10
	6
	33
	7
	13


	0
	47
	1
	40
	2
	38
	3
	12
	4
	10
	5
	14
	6
	44
	7
	6


	0
	12
	1
	24
	2
	26
	3
	27
	4
	15
	5
	49
	6
	14
	7
	28


	0
	45
	1
	38
	2
	36
	3
	45
	4
	13
	5
	17
	6
	13
	7
	17


	0
	9
	1
	45
	2
	29
	3
	17
	4
	40
	5
	31
	6
	35
	7
	22


	0
	30
	1
	20
	2
	23
	3
	24
	4
	34
	5
	10
	6
	5
	7
	37


	0
	18
	1
	25
	2
	46
	3
	19
	4
	7
	5
	48
	6
	17
	7
	27


	0
	5
	1
	39
	2
	7
	3
	21
	4
	7
	5
	24
	6
	15
	7
	48


	0
	25
	1
	37
	2
	30
	3
	11
	4
	34
	5
	22
	6
	13
	7
	43


	0
	32
	1
	40
	2
	15
	3
	44
	4
	26
	5
	41
	6
	45
	7
	45


	0
	15
	1
	20
	2
	12
	3
	24
	4
	10
	5
	46
	6
	41
	7
	37


	0
	15
	1
	40
	2
	32
	3
	43
	4
	44
	5
	42
	6
	8
	7
	26


	0
	21
	1
	13
	2
	10
	3
	27
	4
	44
	5
	26
	6
	42
	7
	38


	0
	41
	1
	40
	2
	31
	3
	7
	4
	17
	5
	19
	6
	38
	7
	31


	0
	19
	1
	24
	2
	34
	3
	23
	4
	45
	5
	13
	6
	14
	7
	42


	0
	9
	1
	30
	2
	27
	3
	20
	4
	20
	5
	9
	6
	27
	7
	48


	0
	25
	1
	12
	2
	6
	3
	35
	4
	25
	5
	37
	6
	17
	7
	17


	0
	27
	1
	34
	2
	5
	3
	23
	4
	39
	5
	48
	6
	44
	7
	7

