60
4
2

	0
	39
	1
	31
	2
	46
	3
	48


	0
	33
	1
	9
	2
	40
	3
	15


	0
	9
	1
	13
	2
	19
	3
	12


	0
	40
	1
	5
	2
	5
	3
	48


	0
	13
	1
	35
	2
	10
	3
	28


	0
	5
	1
	39
	2
	9
	3
	20


	0
	42
	1
	9
	2
	41
	3
	21


	0
	43
	1
	28
	2
	44
	3
	13


	0
	30
	1
	35
	2
	11
	3
	33


	0
	38
	1
	14
	2
	29
	3
	40


	0
	20
	1
	9
	2
	5
	3
	44


	0
	7
	1
	22
	2
	20
	3
	23


	0
	17
	1
	12
	2
	47
	3
	27


	0
	23
	1
	26
	2
	35
	3
	23


	0
	20
	1
	31
	2
	9
	3
	44


	0
	24
	1
	21
	2
	20
	3
	48


	0
	30
	1
	34
	2
	28
	3
	49


	0
	33
	1
	21
	2
	49
	3
	46


	0
	39
	1
	21
	2
	41
	3
	48


	0
	46
	1
	25
	2
	14
	3
	47


	0
	43
	1
	7
	2
	42
	3
	9


	0
	15
	1
	24
	2
	7
	3
	33


	0
	38
	1
	8
	2
	23
	3
	10


	0
	21
	1
	35
	2
	22
	3
	24


	0
	26
	1
	24
	2
	28
	3
	39


	0
	43
	1
	25
	2
	37
	3
	11


	0
	25
	1
	43
	2
	7
	3
	45


	0
	33
	1
	8
	2
	31
	3
	19


	0
	12
	1
	11
	2
	42
	3
	17


	0
	46
	1
	48
	2
	27
	3
	17


	0
	13
	1
	36
	2
	21
	3
	48


	0
	38
	1
	39
	2
	46
	3
	43


	0
	32
	1
	19
	2
	22
	3
	35


	0
	41
	1
	36
	2
	6
	3
	44


	0
	21
	1
	11
	2
	35
	3
	11


	0
	30
	1
	22
	2
	30
	3
	47


	0
	31
	1
	27
	2
	14
	3
	15


	0
	32
	1
	47
	2
	35
	3
	41


	0
	11
	1
	26
	2
	41
	3
	13


	0
	12
	1
	44
	2
	40
	3
	23


	0
	44
	1
	38
	2
	40
	3
	44


	0
	23
	1
	44
	2
	48
	3
	24


	0
	30
	1
	27
	2
	42
	3
	7


	0
	29
	1
	29
	2
	22
	3
	26


	0
	46
	1
	32
	2
	26
	3
	20


	0
	20
	1
	7
	2
	5
	3
	47


	0
	12
	1
	15
	2
	25
	3
	38


	0
	38
	1
	25
	2
	15
	3
	24


	0
	26
	1
	18
	2
	26
	3
	35


	0
	39
	1
	35
	2
	40
	3
	26


	0
	42
	1
	29
	2
	38
	3
	7


	0
	36
	1
	43
	2
	24
	3
	38


	0
	8
	1
	44
	2
	12
	3
	15


	0
	34
	1
	35
	2
	40
	3
	39


	0
	26
	1
	27
	2
	32
	3
	18


	0
	48
	1
	24
	2
	29
	3
	39


	0
	38
	1
	10
	2
	49
	3
	35


	0
	13
	1
	6
	2
	28
	3
	38


	0
	46
	1
	34
	2
	5
	3
	18


	0
	6
	1
	20
	2
	46
	3
	29

