60
16
5

	0
	31
	1
	37
	2
	25
	3
	14
	4
	24
	5
	26
	6
	44
	7
	23
	8
	6
	9
	32
	10
	34
	11
	43
	12
	37
	13
	27
	14
	14
	15
	45


	0
	12
	1
	16
	2
	21
	3
	7
	4
	31
	5
	20
	6
	18
	7
	20
	8
	44
	9
	47
	10
	40
	11
	12
	12
	8
	13
	49
	14
	46
	15
	32


	0
	15
	1
	36
	2
	31
	3
	9
	4
	31
	5
	39
	6
	27
	7
	27
	8
	16
	9
	30
	10
	27
	11
	11
	12
	18
	13
	27
	14
	43
	15
	21


	0
	34
	1
	21
	2
	26
	3
	46
	4
	39
	5
	18
	6
	21
	7
	24
	8
	11
	9
	35
	10
	7
	11
	5
	12
	39
	13
	20
	14
	28
	15
	47


	0
	9
	1
	25
	2
	18
	3
	6
	4
	15
	5
	21
	6
	28
	7
	46
	8
	7
	9
	38
	10
	39
	11
	44
	12
	10
	13
	21
	14
	8
	15
	39


	0
	20
	1
	35
	2
	46
	3
	14
	4
	43
	5
	46
	6
	44
	7
	14
	8
	24
	9
	17
	10
	46
	11
	25
	12
	11
	13
	40
	14
	7
	15
	33


	0
	13
	1
	42
	2
	5
	3
	44
	4
	25
	5
	21
	6
	11
	7
	16
	8
	44
	9
	38
	10
	10
	11
	18
	12
	43
	13
	36
	14
	9
	15
	9


	0
	39
	1
	46
	2
	23
	3
	46
	4
	41
	5
	34
	6
	24
	7
	11
	8
	45
	9
	32
	10
	20
	11
	25
	12
	27
	13
	9
	14
	30
	15
	33


	0
	16
	1
	46
	2
	33
	3
	48
	4
	47
	5
	47
	6
	39
	7
	39
	8
	46
	9
	22
	10
	49
	11
	45
	12
	18
	13
	21
	14
	24
	15
	38


	0
	38
	1
	20
	2
	20
	3
	48
	4
	41
	5
	46
	6
	46
	7
	22
	8
	48
	9
	44
	10
	23
	11
	26
	12
	7
	13
	37
	14
	19
	15
	49


	0
	37
	1
	16
	2
	11
	3
	24
	4
	11
	5
	28
	6
	14
	7
	25
	8
	48
	9
	40
	10
	34
	11
	49
	12
	21
	13
	32
	14
	40
	15
	36


	0
	30
	1
	34
	2
	37
	3
	32
	4
	28
	5
	28
	6
	16
	7
	5
	8
	14
	9
	25
	10
	15
	11
	45
	12
	20
	13
	37
	14
	41
	15
	5


	0
	44
	1
	8
	2
	32
	3
	14
	4
	20
	5
	35
	6
	27
	7
	11
	8
	33
	9
	7
	10
	12
	11
	49
	12
	46
	13
	26
	14
	41
	15
	5


	0
	18
	1
	30
	2
	30
	3
	21
	4
	42
	5
	28
	6
	10
	7
	23
	8
	12
	9
	44
	10
	36
	11
	24
	12
	46
	13
	32
	14
	49
	15
	23


	0
	27
	1
	24
	2
	44
	3
	6
	4
	19
	5
	33
	6
	48
	7
	17
	8
	31
	9
	42
	10
	48
	11
	24
	12
	15
	13
	46
	14
	6
	15
	33


	0
	36
	1
	42
	2
	21
	3
	17
	4
	34
	5
	15
	6
	36
	7
	16
	8
	5
	9
	15
	10
	13
	11
	7
	12
	9
	13
	24
	14
	40
	15
	46


	0
	34
	1
	16
	2
	22
	3
	16
	4
	40
	5
	11
	6
	45
	7
	18
	8
	41
	9
	31
	10
	36
	11
	49
	12
	23
	13
	33
	14
	27
	15
	33


	0
	32
	1
	22
	2
	41
	3
	10
	4
	23
	5
	9
	6
	20
	7
	21
	8
	6
	9
	28
	10
	25
	11
	16
	12
	40
	13
	14
	14
	24
	15
	33


	0
	34
	1
	47
	2
	35
	3
	14
	4
	15
	5
	40
	6
	16
	7
	6
	8
	14
	9
	31
	10
	27
	11
	13
	12
	15
	13
	37
	14
	16
	15
	31


	0
	14
	1
	16
	2
	42
	3
	35
	4
	30
	5
	10
	6
	46
	7
	5
	8
	47
	9
	12
	10
	11
	11
	17
	12
	5
	13
	35
	14
	44
	15
	8


	0
	30
	1
	8
	2
	19
	3
	36
	4
	45
	5
	18
	6
	41
	7
	20
	8
	33
	9
	7
	10
	25
	11
	47
	12
	23
	13
	24
	14
	5
	15
	20


	0
	33
	1
	8
	2
	14
	3
	40
	4
	16
	5
	14
	6
	42
	7
	25
	8
	6
	9
	38
	10
	25
	11
	41
	12
	46
	13
	21
	14
	18
	15
	31


	0
	33
	1
	31
	2
	26
	3
	24
	4
	36
	5
	34
	6
	6
	7
	44
	8
	15
	9
	31
	10
	12
	11
	20
	12
	24
	13
	38
	14
	8
	15
	29


	0
	34
	1
	23
	2
	46
	3
	45
	4
	12
	5
	37
	6
	31
	7
	28
	8
	48
	9
	18
	10
	28
	11
	16
	12
	8
	13
	28
	14
	17
	15
	10


	0
	27
	1
	14
	2
	29
	3
	42
	4
	22
	5
	46
	6
	8
	7
	38
	8
	22
	9
	36
	10
	49
	11
	8
	12
	21
	13
	5
	14
	40
	15
	41


	0
	49
	1
	20
	2
	5
	3
	38
	4
	42
	5
	46
	6
	16
	7
	8
	8
	30
	9
	39
	10
	14
	11
	21
	12
	12
	13
	5
	14
	41
	15
	40


	0
	23
	1
	38
	2
	31
	3
	14
	4
	10
	5
	29
	6
	9
	7
	11
	8
	40
	9
	28
	10
	13
	11
	13
	12
	47
	13
	38
	14
	47
	15
	15


	0
	10
	1
	5
	2
	45
	3
	43
	4
	34
	5
	49
	6
	42
	7
	16
	8
	27
	9
	37
	10
	17
	11
	11
	12
	12
	13
	40
	14
	38
	15
	49


	0
	46
	1
	24
	2
	6
	3
	23
	4
	29
	5
	47
	6
	39
	7
	33
	8
	15
	9
	23
	10
	49
	11
	46
	12
	47
	13
	5
	14
	14
	15
	33


	0
	40
	1
	42
	2
	27
	3
	30
	4
	29
	5
	36
	6
	34
	7
	17
	8
	29
	9
	38
	10
	28
	11
	39
	12
	34
	13
	13
	14
	31
	15
	6


	0
	42
	1
	15
	2
	16
	3
	49
	4
	12
	5
	32
	6
	24
	7
	5
	8
	18
	9
	45
	10
	43
	11
	23
	12
	41
	13
	39
	14
	48
	15
	7


	0
	5
	1
	31
	2
	11
	3
	42
	4
	32
	5
	32
	6
	20
	7
	8
	8
	44
	9
	30
	10
	36
	11
	34
	12
	32
	13
	20
	14
	25
	15
	9


	0
	44
	1
	8
	2
	10
	3
	38
	4
	44
	5
	10
	6
	25
	7
	16
	8
	40
	9
	33
	10
	12
	11
	43
	12
	30
	13
	26
	14
	36
	15
	41


	0
	25
	1
	15
	2
	29
	3
	32
	4
	13
	5
	5
	6
	38
	7
	27
	8
	36
	9
	28
	10
	7
	11
	47
	12
	13
	13
	25
	14
	42
	15
	49


	0
	32
	1
	32
	2
	26
	3
	27
	4
	16
	5
	18
	6
	7
	7
	40
	8
	44
	9
	40
	10
	23
	11
	49
	12
	5
	13
	32
	14
	46
	15
	10


	0
	30
	1
	44
	2
	37
	3
	23
	4
	38
	5
	46
	6
	9
	7
	34
	8
	29
	9
	11
	10
	42
	11
	11
	12
	18
	13
	49
	14
	49
	15
	23


	0
	12
	1
	47
	2
	41
	3
	16
	4
	13
	5
	31
	6
	32
	7
	48
	8
	8
	9
	15
	10
	15
	11
	38
	12
	7
	13
	9
	14
	32
	15
	46


	0
	10
	1
	49
	2
	26
	3
	24
	4
	19
	5
	12
	6
	44
	7
	36
	8
	48
	9
	30
	10
	31
	11
	47
	12
	9
	13
	34
	14
	5
	15
	24


	0
	25
	1
	21
	2
	33
	3
	40
	4
	5
	5
	12
	6
	35
	7
	25
	8
	46
	9
	5
	10
	31
	11
	47
	12
	37
	13
	47
	14
	8
	15
	43


	0
	12
	1
	21
	2
	33
	3
	42
	4
	32
	5
	9
	6
	9
	7
	44
	8
	25
	9
	16
	10
	5
	11
	26
	12
	14
	13
	40
	14
	42
	15
	30


	0
	19
	1
	28
	2
	23
	3
	31
	4
	6
	5
	39
	6
	34
	7
	32
	8
	28
	9
	25
	10
	38
	11
	25
	12
	19
	13
	47
	14
	30
	15
	33


	0
	16
	1
	41
	2
	26
	3
	31
	4
	15
	5
	23
	6
	24
	7
	21
	8
	46
	9
	41
	10
	25
	11
	35
	12
	22
	13
	46
	14
	27
	15
	15


	0
	17
	1
	14
	2
	30
	3
	40
	4
	45
	5
	16
	6
	21
	7
	28
	8
	38
	9
	47
	10
	11
	11
	23
	12
	39
	13
	8
	14
	44
	15
	20


	0
	37
	1
	34
	2
	19
	3
	44
	4
	31
	5
	40
	6
	20
	7
	6
	8
	14
	9
	5
	10
	10
	11
	25
	12
	32
	13
	14
	14
	10
	15
	16


	0
	28
	1
	31
	2
	16
	3
	11
	4
	33
	5
	47
	6
	35
	7
	46
	8
	26
	9
	22
	10
	29
	11
	7
	12
	38
	13
	26
	14
	38
	15
	44


	0
	45
	1
	20
	2
	37
	3
	19
	4
	34
	5
	8
	6
	40
	7
	34
	8
	42
	9
	19
	10
	41
	11
	12
	12
	13
	13
	7
	14
	48
	15
	5


	0
	46
	1
	32
	2
	44
	3
	31
	4
	28
	5
	11
	6
	6
	7
	12
	8
	39
	9
	24
	10
	34
	11
	16
	12
	29
	13
	20
	14
	32
	15
	49


	0
	20
	1
	22
	2
	33
	3
	5
	4
	16
	5
	6
	6
	36
	7
	20
	8
	49
	9
	45
	10
	41
	11
	11
	12
	17
	13
	26
	14
	26
	15
	28


	0
	17
	1
	26
	2
	11
	3
	31
	4
	46
	5
	36
	6
	40
	7
	40
	8
	6
	9
	7
	10
	7
	11
	30
	12
	14
	13
	48
	14
	40
	15
	12


	0
	38
	1
	9
	2
	23
	3
	25
	4
	8
	5
	40
	6
	26
	7
	42
	8
	37
	9
	21
	10
	48
	11
	21
	12
	10
	13
	35
	14
	31
	15
	24


	0
	12
	1
	27
	2
	19
	3
	6
	4
	26
	5
	9
	6
	36
	7
	28
	8
	9
	9
	45
	10
	45
	11
	24
	12
	32
	13
	45
	14
	44
	15
	29


	0
	21
	1
	19
	2
	12
	3
	22
	4
	19
	5
	25
	6
	45
	7
	19
	8
	5
	9
	28
	10
	41
	11
	37
	12
	26
	13
	22
	14
	13
	15
	37


	0
	30
	1
	49
	2
	24
	3
	49
	4
	11
	5
	49
	6
	30
	7
	27
	8
	30
	9
	30
	10
	9
	11
	6
	12
	37
	13
	16
	14
	43
	15
	23


	0
	35
	1
	36
	2
	36
	3
	9
	4
	14
	5
	35
	6
	35
	7
	46
	8
	15
	9
	44
	10
	28
	11
	24
	12
	36
	13
	49
	14
	6
	15
	17


	0
	33
	1
	11
	2
	21
	3
	24
	4
	9
	5
	32
	6
	47
	7
	46
	8
	11
	9
	17
	10
	32
	11
	5
	12
	31
	13
	30
	14
	9
	15
	48


	0
	47
	1
	39
	2
	38
	3
	44
	4
	12
	5
	8
	6
	14
	7
	40
	8
	32
	9
	22
	10
	32
	11
	43
	12
	19
	13
	34
	14
	46
	15
	35


	0
	46
	1
	40
	2
	24
	3
	20
	4
	6
	5
	31
	6
	11
	7
	20
	8
	26
	9
	48
	10
	24
	11
	20
	12
	21
	13
	44
	14
	38
	15
	10


	0
	20
	1
	44
	2
	32
	3
	9
	4
	21
	5
	12
	6
	18
	7
	28
	8
	23
	9
	8
	10
	28
	11
	12
	12
	47
	13
	28
	14
	17
	15
	23


	0
	18
	1
	25
	2
	48
	3
	10
	4
	18
	5
	41
	6
	12
	7
	28
	8
	7
	9
	43
	10
	14
	11
	46
	12
	7
	13
	20
	14
	32
	15
	49


	0
	38
	1
	35
	2
	33
	3
	34
	4
	28
	5
	37
	6
	14
	7
	17
	8
	14
	9
	24
	10
	9
	11
	46
	12
	30
	13
	17
	14
	46
	15
	18

