60
8
4

	0
	34
	1
	22
	2
	12
	3
	26
	4
	10
	5
	28
	6
	19
	7
	29


	0
	36
	1
	26
	2
	27
	3
	38
	4
	45
	5
	35
	6
	34
	7
	13


	0
	25
	1
	45
	2
	13
	3
	38
	4
	8
	5
	24
	6
	40
	7
	31


	0
	10
	1
	49
	2
	29
	3
	29
	4
	22
	5
	19
	6
	5
	7
	12


	0
	28
	1
	20
	2
	15
	3
	26
	4
	23
	5
	14
	6
	23
	7
	9


	0
	17
	1
	18
	2
	35
	3
	45
	4
	39
	5
	42
	6
	21
	7
	39


	0
	23
	1
	34
	2
	33
	3
	26
	4
	25
	5
	20
	6
	8
	7
	29


	0
	40
	1
	39
	2
	39
	3
	26
	4
	22
	5
	47
	6
	18
	7
	46


	0
	37
	1
	15
	2
	35
	3
	16
	4
	42
	5
	22
	6
	44
	7
	40


	0
	24
	1
	8
	2
	42
	3
	17
	4
	9
	5
	33
	6
	48
	7
	8


	0
	41
	1
	16
	2
	5
	3
	21
	4
	43
	5
	13
	6
	32
	7
	45


	0
	35
	1
	12
	2
	37
	3
	42
	4
	14
	5
	31
	6
	23
	7
	45


	0
	8
	1
	26
	2
	46
	3
	18
	4
	39
	5
	42
	6
	14
	7
	24


	0
	16
	1
	13
	2
	34
	3
	46
	4
	6
	5
	10
	6
	11
	7
	21


	0
	48
	1
	18
	2
	31
	3
	15
	4
	20
	5
	45
	6
	8
	7
	48


	0
	38
	1
	41
	2
	29
	3
	40
	4
	24
	5
	18
	6
	39
	7
	31


	0
	48
	1
	6
	2
	28
	3
	36
	4
	42
	5
	27
	6
	13
	7
	22


	0
	35
	1
	46
	2
	6
	3
	6
	4
	26
	5
	11
	6
	24
	7
	8


	0
	37
	1
	22
	2
	44
	3
	35
	4
	38
	5
	6
	6
	38
	7
	15


	0
	49
	1
	40
	2
	27
	3
	31
	4
	6
	5
	5
	6
	46
	7
	41


	0
	38
	1
	34
	2
	49
	3
	37
	4
	9
	5
	19
	6
	9
	7
	8


	0
	27
	1
	12
	2
	33
	3
	38
	4
	41
	5
	25
	6
	42
	7
	45


	0
	28
	1
	26
	2
	7
	3
	5
	4
	42
	5
	36
	6
	41
	7
	40


	0
	24
	1
	34
	2
	12
	3
	29
	4
	20
	5
	33
	6
	38
	7
	37


	0
	19
	1
	20
	2
	28
	3
	29
	4
	34
	5
	47
	6
	33
	7
	33


	0
	45
	1
	46
	2
	16
	3
	40
	4
	5
	5
	21
	6
	22
	7
	44


	0
	33
	1
	43
	2
	35
	3
	16
	4
	32
	5
	9
	6
	41
	7
	46


	0
	11
	1
	30
	2
	33
	3
	48
	4
	46
	5
	9
	6
	46
	7
	35


	0
	26
	1
	6
	2
	24
	3
	49
	4
	9
	5
	41
	6
	38
	7
	30


	0
	22
	1
	13
	2
	7
	3
	11
	4
	25
	5
	40
	6
	42
	7
	10


	0
	24
	1
	49
	2
	21
	3
	25
	4
	25
	5
	7
	6
	46
	7
	30


	0
	19
	1
	23
	2
	30
	3
	40
	4
	17
	5
	48
	6
	13
	7
	9


	0
	34
	1
	42
	2
	15
	3
	5
	4
	5
	5
	17
	6
	48
	7
	30


	0
	19
	1
	5
	2
	35
	3
	40
	4
	29
	5
	40
	6
	21
	7
	17


	0
	36
	1
	19
	2
	39
	3
	29
	4
	45
	5
	9
	6
	49
	7
	48


	0
	25
	1
	35
	2
	29
	3
	44
	4
	43
	5
	6
	6
	48
	7
	47


	0
	13
	1
	38
	2
	30
	3
	46
	4
	7
	5
	45
	6
	20
	7
	47


	0
	12
	1
	39
	2
	37
	3
	24
	4
	36
	5
	45
	6
	22
	7
	36


	0
	44
	1
	13
	2
	12
	3
	36
	4
	36
	5
	22
	6
	19
	7
	28


	0
	25
	1
	10
	2
	9
	3
	32
	4
	23
	5
	36
	6
	48
	7
	23


	0
	28
	1
	14
	2
	35
	3
	43
	4
	9
	5
	30
	6
	7
	7
	33


	0
	24
	1
	26
	2
	26
	3
	11
	4
	22
	5
	29
	6
	37
	7
	42


	0
	25
	1
	22
	2
	7
	3
	17
	4
	9
	5
	49
	6
	47
	7
	37


	0
	12
	1
	22
	2
	13
	3
	25
	4
	46
	5
	34
	6
	17
	7
	37


	0
	17
	1
	38
	2
	29
	3
	46
	4
	49
	5
	36
	6
	32
	7
	21


	0
	5
	1
	28
	2
	26
	3
	7
	4
	30
	5
	39
	6
	7
	7
	30


	0
	23
	1
	37
	2
	12
	3
	28
	4
	16
	5
	44
	6
	22
	7
	44


	0
	9
	1
	39
	2
	35
	3
	43
	4
	36
	5
	15
	6
	15
	7
	25


	0
	10
	1
	10
	2
	46
	3
	28
	4
	39
	5
	28
	6
	41
	7
	43


	0
	10
	1
	33
	2
	41
	3
	21
	4
	31
	5
	27
	6
	42
	7
	34


	0
	42
	1
	36
	2
	9
	3
	30
	4
	41
	5
	25
	6
	42
	7
	31


	0
	33
	1
	37
	2
	13
	3
	24
	4
	8
	5
	33
	6
	22
	7
	33


	0
	43
	1
	21
	2
	28
	3
	10
	4
	7
	5
	40
	6
	34
	7
	16


	0
	21
	1
	49
	2
	35
	3
	26
	4
	26
	5
	19
	6
	16
	7
	23


	0
	7
	1
	17
	2
	14
	3
	16
	4
	25
	5
	8
	6
	26
	7
	37


	0
	41
	1
	36
	2
	6
	3
	41
	4
	48
	5
	10
	6
	28
	7
	8


	0
	44
	1
	48
	2
	16
	3
	19
	4
	24
	5
	15
	6
	16
	7
	36


	0
	14
	1
	13
	2
	34
	3
	48
	4
	46
	5
	24
	6
	14
	7
	11


	0
	29
	1
	34
	2
	39
	3
	11
	4
	29
	5
	34
	6
	25
	7
	34


	0
	15
	1
	38
	2
	10
	3
	38
	4
	23
	5
	5
	6
	35
	7
	23

