60
4
5

	0
	37
	1
	18
	2
	9
	3
	18


	0
	26
	1
	8
	2
	8
	3
	6


	0
	27
	1
	11
	2
	31
	3
	48


	0
	29
	1
	25
	2
	40
	3
	43


	0
	20
	1
	46
	2
	26
	3
	14


	0
	44
	1
	25
	2
	46
	3
	5


	0
	18
	1
	15
	2
	20
	3
	15


	0
	48
	1
	17
	2
	10
	3
	17


	0
	38
	1
	31
	2
	11
	3
	38


	0
	38
	1
	15
	2
	8
	3
	40


	0
	46
	1
	27
	2
	23
	3
	21


	0
	45
	1
	42
	2
	10
	3
	23


	0
	12
	1
	34
	2
	14
	3
	9


	0
	37
	1
	27
	2
	13
	3
	47


	0
	35
	1
	21
	2
	34
	3
	23


	0
	14
	1
	6
	2
	18
	3
	14


	0
	6
	1
	24
	2
	11
	3
	49


	0
	34
	1
	44
	2
	40
	3
	7


	0
	12
	1
	48
	2
	33
	3
	33


	0
	36
	1
	13
	2
	16
	3
	45


	0
	39
	1
	37
	2
	32
	3
	15


	0
	46
	1
	13
	2
	13
	3
	47


	0
	8
	1
	18
	2
	32
	3
	39


	0
	6
	1
	14
	2
	13
	3
	24


	0
	39
	1
	13
	2
	46
	3
	44


	0
	19
	1
	23
	2
	7
	3
	34


	0
	6
	1
	34
	2
	33
	3
	49


	0
	36
	1
	22
	2
	6
	3
	48


	0
	11
	1
	42
	2
	11
	3
	47


	0
	42
	1
	39
	2
	23
	3
	44


	0
	13
	1
	18
	2
	49
	3
	23


	0
	15
	1
	35
	2
	22
	3
	15


	0
	15
	1
	38
	2
	19
	3
	16


	0
	39
	1
	44
	2
	22
	3
	6


	0
	5
	1
	14
	2
	43
	3
	14


	0
	27
	1
	38
	2
	40
	3
	38


	0
	11
	1
	23
	2
	27
	3
	9


	0
	43
	1
	21
	2
	25
	3
	39


	0
	5
	1
	37
	2
	20
	3
	36


	0
	36
	1
	18
	2
	21
	3
	39


	0
	40
	1
	14
	2
	6
	3
	19


	0
	24
	1
	22
	2
	7
	3
	40


	0
	16
	1
	16
	2
	40
	3
	8


	0
	43
	1
	31
	2
	41
	3
	20


	0
	20
	1
	43
	2
	18
	3
	25


	0
	47
	1
	25
	2
	16
	3
	16


	0
	42
	1
	26
	2
	13
	3
	39


	0
	37
	1
	25
	2
	49
	3
	38


	0
	9
	1
	48
	2
	49
	3
	31


	0
	15
	1
	36
	2
	8
	3
	32


	0
	27
	1
	47
	2
	36
	3
	48


	0
	46
	1
	14
	2
	45
	3
	19


	0
	12
	1
	46
	2
	37
	3
	43


	0
	21
	1
	11
	2
	44
	3
	33


	0
	21
	1
	46
	2
	31
	3
	6


	0
	48
	1
	36
	2
	6
	3
	36


	0
	15
	1
	26
	2
	27
	3
	35


	0
	43
	1
	5
	2
	12
	3
	28


	0
	24
	1
	23
	2
	36
	3
	39


	0
	12
	1
	43
	2
	48
	3
	20

