60
8
5

	0
	23
	1
	8
	2
	31
	3
	49
	4
	15
	5
	11
	6
	48
	7
	32


	0
	9
	1
	11
	2
	9
	3
	36
	4
	35
	5
	42
	6
	26
	7
	21


	0
	5
	1
	23
	2
	46
	3
	8
	4
	24
	5
	27
	6
	44
	7
	36


	0
	11
	1
	7
	2
	11
	3
	30
	4
	16
	5
	18
	6
	11
	7
	43


	0
	9
	1
	46
	2
	16
	3
	49
	4
	16
	5
	38
	6
	42
	7
	48


	0
	21
	1
	32
	2
	13
	3
	17
	4
	11
	5
	12
	6
	32
	7
	21


	0
	20
	1
	48
	2
	31
	3
	11
	4
	15
	5
	34
	6
	40
	7
	19


	0
	11
	1
	21
	2
	44
	3
	36
	4
	8
	5
	34
	6
	48
	7
	18


	0
	44
	1
	41
	2
	9
	3
	49
	4
	33
	5
	20
	6
	38
	7
	40


	0
	17
	1
	34
	2
	21
	3
	34
	4
	47
	5
	10
	6
	13
	7
	14


	0
	13
	1
	25
	2
	44
	3
	28
	4
	29
	5
	24
	6
	33
	7
	44


	0
	13
	1
	17
	2
	38
	3
	33
	4
	16
	5
	30
	6
	42
	7
	6


	0
	46
	1
	20
	2
	10
	3
	31
	4
	34
	5
	28
	6
	34
	7
	8


	0
	37
	1
	25
	2
	19
	3
	16
	4
	31
	5
	38
	6
	33
	7
	36


	0
	37
	1
	25
	2
	40
	3
	21
	4
	5
	5
	20
	6
	8
	7
	31


	0
	33
	1
	41
	2
	17
	3
	8
	4
	29
	5
	46
	6
	20
	7
	12


	0
	20
	1
	14
	2
	12
	3
	33
	4
	12
	5
	19
	6
	9
	7
	25


	0
	46
	1
	38
	2
	6
	3
	48
	4
	44
	5
	48
	6
	26
	7
	6


	0
	40
	1
	37
	2
	5
	3
	45
	4
	30
	5
	44
	6
	37
	7
	10


	0
	34
	1
	12
	2
	22
	3
	13
	4
	5
	5
	21
	6
	48
	7
	14


	0
	35
	1
	28
	2
	38
	3
	38
	4
	40
	5
	27
	6
	49
	7
	41


	0
	11
	1
	7
	2
	32
	3
	9
	4
	38
	5
	12
	6
	41
	7
	16


	0
	41
	1
	18
	2
	49
	3
	36
	4
	49
	5
	27
	6
	27
	7
	27


	0
	29
	1
	23
	2
	10
	3
	9
	4
	41
	5
	37
	6
	30
	7
	36


	0
	39
	1
	43
	2
	48
	3
	42
	4
	16
	5
	12
	6
	28
	7
	30


	0
	19
	1
	34
	2
	29
	3
	21
	4
	40
	5
	41
	6
	34
	7
	39


	0
	11
	1
	10
	2
	29
	3
	31
	4
	29
	5
	19
	6
	18
	7
	39


	0
	42
	1
	48
	2
	26
	3
	23
	4
	31
	5
	29
	6
	47
	7
	28


	0
	19
	1
	16
	2
	48
	3
	44
	4
	24
	5
	20
	6
	23
	7
	20


	0
	47
	1
	20
	2
	46
	3
	35
	4
	8
	5
	46
	6
	29
	7
	23


	0
	12
	1
	39
	2
	49
	3
	31
	4
	8
	5
	49
	6
	35
	7
	21


	0
	12
	1
	20
	2
	34
	3
	41
	4
	43
	5
	37
	6
	38
	7
	34


	0
	40
	1
	12
	2
	28
	3
	41
	4
	31
	5
	21
	6
	11
	7
	33


	0
	36
	1
	19
	2
	49
	3
	10
	4
	38
	5
	27
	6
	48
	7
	5


	0
	23
	1
	49
	2
	37
	3
	8
	4
	30
	5
	10
	6
	5
	7
	5


	0
	6
	1
	43
	2
	48
	3
	20
	4
	49
	5
	12
	6
	9
	7
	23


	0
	39
	1
	14
	2
	16
	3
	35
	4
	11
	5
	10
	6
	44
	7
	45


	0
	24
	1
	29
	2
	33
	3
	6
	4
	6
	5
	16
	6
	9
	7
	6


	0
	40
	1
	36
	2
	12
	3
	36
	4
	30
	5
	44
	6
	29
	7
	27


	0
	16
	1
	5
	2
	46
	3
	10
	4
	43
	5
	7
	6
	17
	7
	30


	0
	28
	1
	46
	2
	14
	3
	48
	4
	29
	5
	15
	6
	47
	7
	41


	0
	21
	1
	43
	2
	39
	3
	49
	4
	43
	5
	12
	6
	7
	7
	43


	0
	24
	1
	6
	2
	22
	3
	45
	4
	18
	5
	23
	6
	6
	7
	12


	0
	27
	1
	30
	2
	25
	3
	40
	4
	16
	5
	49
	6
	6
	7
	33


	0
	23
	1
	33
	2
	34
	3
	28
	4
	12
	5
	10
	6
	34
	7
	33


	0
	47
	1
	38
	2
	32
	3
	7
	4
	33
	5
	33
	6
	11
	7
	5


	0
	23
	1
	31
	2
	25
	3
	9
	4
	6
	5
	35
	6
	15
	7
	7


	0
	29
	1
	11
	2
	21
	3
	44
	4
	39
	5
	29
	6
	40
	7
	12


	0
	25
	1
	31
	2
	9
	3
	9
	4
	49
	5
	9
	6
	37
	7
	25


	0
	38
	1
	22
	2
	41
	3
	13
	4
	41
	5
	27
	6
	11
	7
	28


	0
	33
	1
	40
	2
	9
	3
	29
	4
	28
	5
	44
	6
	15
	7
	9


	0
	30
	1
	34
	2
	23
	3
	41
	4
	37
	5
	39
	6
	8
	7
	12


	0
	21
	1
	22
	2
	16
	3
	9
	4
	22
	5
	9
	6
	19
	7
	40


	0
	38
	1
	11
	2
	30
	3
	39
	4
	39
	5
	19
	6
	12
	7
	44


	0
	36
	1
	47
	2
	27
	3
	42
	4
	8
	5
	26
	6
	20
	7
	10


	0
	31
	1
	13
	2
	5
	3
	13
	4
	38
	5
	47
	6
	34
	7
	29


	0
	28
	1
	43
	2
	26
	3
	28
	4
	9
	5
	23
	6
	26
	7
	27


	0
	10
	1
	12
	2
	21
	3
	20
	4
	10
	5
	18
	6
	45
	7
	18


	0
	7
	1
	49
	2
	40
	3
	20
	4
	22
	5
	35
	6
	28
	7
	26


	0
	27
	1
	5
	2
	44
	3
	15
	4
	46
	5
	25
	6
	27
	7
	30

