60
8
2

	0
	36
	1
	11
	2
	42
	3
	20
	4
	30
	5
	29
	6
	46
	7
	19


	0
	36
	1
	5
	2
	48
	3
	42
	4
	41
	5
	6
	6
	8
	7
	14


	0
	44
	1
	43
	2
	5
	3
	27
	4
	26
	5
	27
	6
	44
	7
	16


	0
	42
	1
	15
	2
	34
	3
	31
	4
	18
	5
	48
	6
	25
	7
	21


	0
	38
	1
	6
	2
	49
	3
	8
	4
	27
	5
	39
	6
	16
	7
	14


	0
	29
	1
	29
	2
	7
	3
	5
	4
	22
	5
	35
	6
	5
	7
	49


	0
	7
	1
	5
	2
	41
	3
	10
	4
	41
	5
	32
	6
	5
	7
	27


	0
	40
	1
	25
	2
	16
	3
	47
	4
	13
	5
	26
	6
	43
	7
	28


	0
	47
	1
	30
	2
	47
	3
	46
	4
	9
	5
	18
	6
	42
	7
	20


	0
	26
	1
	36
	2
	34
	3
	47
	4
	30
	5
	41
	6
	28
	7
	48


	0
	20
	1
	43
	2
	14
	3
	26
	4
	7
	5
	44
	6
	38
	7
	26


	0
	47
	1
	25
	2
	30
	3
	19
	4
	22
	5
	17
	6
	8
	7
	19


	0
	8
	1
	33
	2
	16
	3
	17
	4
	7
	5
	19
	6
	41
	7
	47


	0
	36
	1
	18
	2
	21
	3
	31
	4
	36
	5
	11
	6
	31
	7
	27


	0
	6
	1
	25
	2
	31
	3
	28
	4
	27
	5
	18
	6
	47
	7
	49


	0
	42
	1
	46
	2
	22
	3
	41
	4
	22
	5
	20
	6
	43
	7
	41


	0
	43
	1
	34
	2
	48
	3
	24
	4
	33
	5
	9
	6
	24
	7
	5


	0
	5
	1
	17
	2
	26
	3
	46
	4
	33
	5
	38
	6
	15
	7
	34


	0
	32
	1
	44
	2
	12
	3
	28
	4
	34
	5
	6
	6
	36
	7
	17


	0
	43
	1
	31
	2
	18
	3
	14
	4
	24
	5
	38
	6
	14
	7
	21


	0
	17
	1
	48
	2
	16
	3
	19
	4
	18
	5
	11
	6
	20
	7
	23


	0
	48
	1
	46
	2
	43
	3
	20
	4
	47
	5
	42
	6
	18
	7
	31


	0
	8
	1
	42
	2
	31
	3
	47
	4
	31
	5
	5
	6
	20
	7
	22


	0
	32
	1
	41
	2
	29
	3
	49
	4
	46
	5
	32
	6
	30
	7
	17


	0
	25
	1
	36
	2
	48
	3
	19
	4
	42
	5
	39
	6
	44
	7
	31


	0
	18
	1
	7
	2
	18
	3
	41
	4
	44
	5
	12
	6
	10
	7
	46


	0
	25
	1
	46
	2
	29
	3
	43
	4
	43
	5
	21
	6
	24
	7
	28


	0
	22
	1
	6
	2
	27
	3
	11
	4
	46
	5
	15
	6
	13
	7
	5


	0
	46
	1
	37
	2
	32
	3
	20
	4
	47
	5
	49
	6
	27
	7
	46


	0
	49
	1
	48
	2
	9
	3
	30
	4
	8
	5
	34
	6
	33
	7
	16


	0
	19
	1
	5
	2
	34
	3
	5
	4
	23
	5
	35
	6
	9
	7
	11


	0
	27
	1
	37
	2
	30
	3
	12
	4
	40
	5
	37
	6
	13
	7
	47


	0
	28
	1
	24
	2
	18
	3
	11
	4
	10
	5
	9
	6
	13
	7
	18


	0
	7
	1
	46
	2
	30
	3
	12
	4
	41
	5
	23
	6
	12
	7
	41


	0
	46
	1
	14
	2
	47
	3
	7
	4
	21
	5
	10
	6
	14
	7
	28


	0
	17
	1
	42
	2
	38
	3
	18
	4
	39
	5
	37
	6
	25
	7
	48


	0
	48
	1
	25
	2
	49
	3
	44
	4
	32
	5
	41
	6
	27
	7
	38


	0
	45
	1
	11
	2
	40
	3
	43
	4
	8
	5
	25
	6
	9
	7
	16


	0
	21
	1
	16
	2
	18
	3
	13
	4
	35
	5
	11
	6
	14
	7
	9


	0
	32
	1
	31
	2
	44
	3
	23
	4
	45
	5
	44
	6
	29
	7
	23


	0
	35
	1
	28
	2
	41
	3
	10
	4
	11
	5
	9
	6
	8
	7
	30


	0
	11
	1
	15
	2
	13
	3
	24
	4
	8
	5
	48
	6
	8
	7
	31


	0
	33
	1
	31
	2
	21
	3
	24
	4
	22
	5
	29
	6
	31
	7
	36


	0
	29
	1
	6
	2
	33
	3
	29
	4
	8
	5
	9
	6
	35
	7
	23


	0
	11
	1
	29
	2
	6
	3
	25
	4
	34
	5
	14
	6
	11
	7
	49


	0
	5
	1
	36
	2
	26
	3
	28
	4
	15
	5
	18
	6
	48
	7
	16


	0
	14
	1
	26
	2
	29
	3
	48
	4
	6
	5
	34
	6
	31
	7
	5


	0
	28
	1
	17
	2
	20
	3
	41
	4
	20
	5
	32
	6
	43
	7
	29


	0
	45
	1
	19
	2
	44
	3
	5
	4
	26
	5
	23
	6
	40
	7
	17


	0
	13
	1
	43
	2
	30
	3
	21
	4
	6
	5
	48
	6
	6
	7
	19


	0
	31
	1
	34
	2
	45
	3
	44
	4
	42
	5
	17
	6
	43
	7
	12


	0
	40
	1
	45
	2
	10
	3
	6
	4
	32
	5
	5
	6
	46
	7
	29


	0
	14
	1
	9
	2
	32
	3
	33
	4
	37
	5
	26
	6
	27
	7
	11


	0
	26
	1
	36
	2
	43
	3
	21
	4
	19
	5
	5
	6
	40
	7
	42


	0
	29
	1
	8
	2
	28
	3
	31
	4
	44
	5
	21
	6
	8
	7
	30


	0
	11
	1
	18
	2
	39
	3
	22
	4
	20
	5
	49
	6
	21
	7
	40


	0
	6
	1
	42
	2
	38
	3
	15
	4
	24
	5
	21
	6
	44
	7
	44


	0
	25
	1
	10
	2
	33
	3
	5
	4
	29
	5
	9
	6
	39
	7
	34


	0
	16
	1
	7
	2
	45
	3
	19
	4
	9
	5
	26
	6
	36
	7
	11


	0
	47
	1
	22
	2
	35
	3
	18
	4
	35
	5
	34
	6
	37
	7
	22

