60
16
5

	0
	49
	1
	19
	2
	34
	3
	22
	4
	17
	5
	27
	6
	18
	7
	38
	8
	20
	9
	47
	10
	23
	11
	32
	12
	42
	13
	42
	14
	5
	15
	23


	0
	13
	1
	14
	2
	38
	3
	42
	4
	27
	5
	33
	6
	26
	7
	11
	8
	21
	9
	13
	10
	37
	11
	43
	12
	22
	13
	38
	14
	33
	15
	25


	0
	10
	1
	25
	2
	43
	3
	13
	4
	15
	5
	12
	6
	25
	7
	5
	8
	22
	9
	26
	10
	21
	11
	38
	12
	38
	13
	41
	14
	6
	15
	37


	0
	49
	1
	43
	2
	16
	3
	30
	4
	45
	5
	17
	6
	29
	7
	36
	8
	42
	9
	34
	10
	19
	11
	39
	12
	6
	13
	37
	14
	12
	15
	10


	0
	43
	1
	37
	2
	20
	3
	18
	4
	11
	5
	5
	6
	42
	7
	33
	8
	31
	9
	5
	10
	10
	11
	7
	12
	21
	13
	33
	14
	23
	15
	18


	0
	7
	1
	13
	2
	35
	3
	23
	4
	17
	5
	47
	6
	7
	7
	27
	8
	21
	9
	29
	10
	5
	11
	32
	12
	24
	13
	40
	14
	17
	15
	5


	0
	48
	1
	42
	2
	46
	3
	42
	4
	25
	5
	17
	6
	28
	7
	25
	8
	38
	9
	43
	10
	6
	11
	6
	12
	24
	13
	32
	14
	7
	15
	30


	0
	43
	1
	9
	2
	41
	3
	20
	4
	11
	5
	40
	6
	39
	7
	48
	8
	8
	9
	20
	10
	34
	11
	47
	12
	34
	13
	36
	14
	24
	15
	43


	0
	22
	1
	43
	2
	42
	3
	38
	4
	32
	5
	42
	6
	18
	7
	26
	8
	15
	9
	47
	10
	47
	11
	46
	12
	33
	13
	37
	14
	45
	15
	11


	0
	25
	1
	18
	2
	38
	3
	12
	4
	22
	5
	20
	6
	12
	7
	48
	8
	13
	9
	27
	10
	14
	11
	18
	12
	46
	13
	10
	14
	23
	15
	47


	0
	24
	1
	13
	2
	45
	3
	36
	4
	25
	5
	33
	6
	28
	7
	48
	8
	40
	9
	17
	10
	34
	11
	16
	12
	31
	13
	9
	14
	13
	15
	5


	0
	24
	1
	5
	2
	8
	3
	25
	4
	46
	5
	17
	6
	35
	7
	36
	8
	15
	9
	21
	10
	23
	11
	5
	12
	34
	13
	46
	14
	27
	15
	22


	0
	25
	1
	23
	2
	33
	3
	11
	4
	32
	5
	37
	6
	25
	7
	12
	8
	29
	9
	10
	10
	26
	11
	44
	12
	7
	13
	47
	14
	10
	15
	23


	0
	41
	1
	44
	2
	12
	3
	32
	4
	20
	5
	6
	6
	31
	7
	33
	8
	9
	9
	27
	10
	23
	11
	14
	12
	34
	13
	26
	14
	38
	15
	9


	0
	18
	1
	17
	2
	11
	3
	28
	4
	34
	5
	27
	6
	10
	7
	26
	8
	15
	9
	41
	10
	43
	11
	11
	12
	5
	13
	8
	14
	30
	15
	38


	0
	31
	1
	30
	2
	10
	3
	25
	4
	46
	5
	16
	6
	32
	7
	14
	8
	35
	9
	32
	10
	17
	11
	19
	12
	46
	13
	12
	14
	38
	15
	24


	0
	43
	1
	5
	2
	30
	3
	17
	4
	31
	5
	31
	6
	23
	7
	14
	8
	37
	9
	26
	10
	29
	11
	19
	12
	17
	13
	20
	14
	15
	15
	6


	0
	8
	1
	45
	2
	8
	3
	5
	4
	35
	5
	14
	6
	18
	7
	36
	8
	19
	9
	10
	10
	42
	11
	14
	12
	40
	13
	36
	14
	30
	15
	45


	0
	21
	1
	29
	2
	36
	3
	28
	4
	27
	5
	8
	6
	24
	7
	22
	8
	17
	9
	41
	10
	18
	11
	40
	12
	7
	13
	29
	14
	40
	15
	38


	0
	44
	1
	8
	2
	18
	3
	34
	4
	31
	5
	8
	6
	14
	7
	46
	8
	24
	9
	16
	10
	39
	11
	46
	12
	25
	13
	12
	14
	45
	15
	33


	0
	26
	1
	11
	2
	10
	3
	34
	4
	6
	5
	7
	6
	47
	7
	44
	8
	5
	9
	15
	10
	29
	11
	39
	12
	30
	13
	33
	14
	6
	15
	35


	0
	7
	1
	29
	2
	29
	3
	6
	4
	14
	5
	17
	6
	23
	7
	30
	8
	8
	9
	47
	10
	29
	11
	22
	12
	11
	13
	30
	14
	17
	15
	14


	0
	24
	1
	45
	2
	45
	3
	25
	4
	32
	5
	48
	6
	27
	7
	39
	8
	8
	9
	10
	10
	34
	11
	18
	12
	37
	13
	27
	14
	11
	15
	37


	0
	22
	1
	16
	2
	36
	3
	39
	4
	31
	5
	6
	6
	34
	7
	47
	8
	8
	9
	30
	10
	47
	11
	24
	12
	26
	13
	43
	14
	14
	15
	37


	0
	40
	1
	23
	2
	9
	3
	18
	4
	24
	5
	14
	6
	10
	7
	10
	8
	47
	9
	26
	10
	19
	11
	25
	12
	47
	13
	25
	14
	29
	15
	47


	0
	27
	1
	41
	2
	43
	3
	9
	4
	49
	5
	47
	6
	28
	7
	10
	8
	43
	9
	38
	10
	46
	11
	31
	12
	6
	13
	15
	14
	27
	15
	5


	0
	28
	1
	33
	2
	33
	3
	39
	4
	26
	5
	20
	6
	7
	7
	15
	8
	49
	9
	10
	10
	24
	11
	21
	12
	43
	13
	25
	14
	6
	15
	11


	0
	44
	1
	33
	2
	20
	3
	17
	4
	20
	5
	28
	6
	33
	7
	19
	8
	40
	9
	30
	10
	9
	11
	46
	12
	11
	13
	49
	14
	11
	15
	21


	0
	5
	1
	19
	2
	5
	3
	8
	4
	26
	5
	44
	6
	31
	7
	21
	8
	24
	9
	23
	10
	25
	11
	23
	12
	26
	13
	8
	14
	29
	15
	33


	0
	13
	1
	14
	2
	7
	3
	37
	4
	48
	5
	8
	6
	39
	7
	9
	8
	42
	9
	47
	10
	36
	11
	38
	12
	25
	13
	11
	14
	24
	15
	40


	0
	49
	1
	26
	2
	24
	3
	39
	4
	41
	5
	26
	6
	47
	7
	34
	8
	21
	9
	36
	10
	32
	11
	11
	12
	32
	13
	35
	14
	47
	15
	44


	0
	44
	1
	47
	2
	34
	3
	20
	4
	29
	5
	41
	6
	15
	7
	30
	8
	48
	9
	27
	10
	48
	11
	30
	12
	12
	13
	28
	14
	12
	15
	25


	0
	39
	1
	43
	2
	43
	3
	28
	4
	32
	5
	47
	6
	38
	7
	40
	8
	13
	9
	49
	10
	41
	11
	27
	12
	12
	13
	12
	14
	14
	15
	37


	0
	8
	1
	13
	2
	17
	3
	20
	4
	38
	5
	21
	6
	10
	7
	20
	8
	27
	9
	26
	10
	41
	11
	8
	12
	27
	13
	27
	14
	37
	15
	11


	0
	8
	1
	46
	2
	11
	3
	47
	4
	40
	5
	8
	6
	18
	7
	25
	8
	23
	9
	48
	10
	37
	11
	25
	12
	13
	13
	37
	14
	26
	15
	37


	0
	26
	1
	43
	2
	33
	3
	42
	4
	25
	5
	25
	6
	13
	7
	43
	8
	39
	9
	13
	10
	22
	11
	23
	12
	37
	13
	20
	14
	23
	15
	41


	0
	31
	1
	19
	2
	47
	3
	41
	4
	21
	5
	6
	6
	6
	7
	39
	8
	11
	9
	21
	10
	39
	11
	39
	12
	46
	13
	32
	14
	49
	15
	28


	0
	41
	1
	25
	2
	10
	3
	25
	4
	24
	5
	15
	6
	20
	7
	11
	8
	42
	9
	22
	10
	31
	11
	19
	12
	8
	13
	5
	14
	31
	15
	10


	0
	12
	1
	43
	2
	11
	3
	49
	4
	27
	5
	16
	6
	46
	7
	36
	8
	25
	9
	14
	10
	23
	11
	34
	12
	21
	13
	28
	14
	37
	15
	22


	0
	15
	1
	40
	2
	29
	3
	9
	4
	46
	5
	30
	6
	32
	7
	21
	8
	24
	9
	45
	10
	8
	11
	8
	12
	5
	13
	17
	14
	34
	15
	5


	0
	42
	1
	27
	2
	8
	3
	35
	4
	22
	5
	23
	6
	36
	7
	19
	8
	49
	9
	28
	10
	21
	11
	17
	12
	47
	13
	15
	14
	23
	15
	9


	0
	8
	1
	34
	2
	12
	3
	34
	4
	8
	5
	34
	6
	30
	7
	42
	8
	20
	9
	5
	10
	42
	11
	35
	12
	15
	13
	30
	14
	25
	15
	20


	0
	25
	1
	30
	2
	35
	3
	20
	4
	46
	5
	28
	6
	40
	7
	42
	8
	44
	9
	22
	10
	21
	11
	24
	12
	13
	13
	47
	14
	27
	15
	28


	0
	8
	1
	22
	2
	31
	3
	24
	4
	21
	5
	37
	6
	21
	7
	18
	8
	26
	9
	34
	10
	27
	11
	41
	12
	44
	13
	13
	14
	15
	15
	34


	0
	42
	1
	45
	2
	47
	3
	25
	4
	5
	5
	21
	6
	30
	7
	36
	8
	34
	9
	41
	10
	40
	11
	36
	12
	18
	13
	47
	14
	47
	15
	12


	0
	46
	1
	18
	2
	49
	3
	17
	4
	42
	5
	16
	6
	22
	7
	36
	8
	14
	9
	12
	10
	14
	11
	9
	12
	6
	13
	8
	14
	46
	15
	33


	0
	21
	1
	49
	2
	27
	3
	13
	4
	10
	5
	49
	6
	38
	7
	45
	8
	48
	9
	30
	10
	14
	11
	36
	12
	48
	13
	40
	14
	44
	15
	49


	0
	44
	1
	15
	2
	41
	3
	31
	4
	27
	5
	13
	6
	24
	7
	49
	8
	12
	9
	44
	10
	15
	11
	24
	12
	22
	13
	44
	14
	23
	15
	36


	0
	22
	1
	48
	2
	21
	3
	35
	4
	6
	5
	27
	6
	27
	7
	21
	8
	33
	9
	21
	10
	17
	11
	24
	12
	49
	13
	31
	14
	38
	15
	17


	0
	7
	1
	5
	2
	38
	3
	39
	4
	23
	5
	20
	6
	48
	7
	36
	8
	38
	9
	14
	10
	27
	11
	22
	12
	30
	13
	14
	14
	17
	15
	25


	0
	44
	1
	22
	2
	16
	3
	28
	4
	9
	5
	11
	6
	43
	7
	19
	8
	5
	9
	46
	10
	34
	11
	37
	12
	31
	13
	8
	14
	18
	15
	31


	0
	24
	1
	12
	2
	24
	3
	49
	4
	28
	5
	20
	6
	33
	7
	32
	8
	33
	9
	14
	10
	16
	11
	11
	12
	34
	13
	15
	14
	35
	15
	40


	0
	30
	1
	37
	2
	34
	3
	44
	4
	5
	5
	45
	6
	18
	7
	16
	8
	15
	9
	49
	10
	6
	11
	12
	12
	9
	13
	44
	14
	24
	15
	17


	0
	18
	1
	36
	2
	16
	3
	40
	4
	25
	5
	20
	6
	15
	7
	27
	8
	25
	9
	5
	10
	14
	11
	36
	12
	43
	13
	8
	14
	43
	15
	35


	0
	48
	1
	35
	2
	45
	3
	19
	4
	47
	5
	26
	6
	42
	7
	12
	8
	8
	9
	35
	10
	20
	11
	16
	12
	12
	13
	23
	14
	22
	15
	35


	0
	15
	1
	24
	2
	29
	3
	45
	4
	20
	5
	26
	6
	41
	7
	20
	8
	10
	9
	9
	10
	10
	11
	40
	12
	40
	13
	16
	14
	25
	15
	40


	0
	5
	1
	23
	2
	48
	3
	32
	4
	20
	5
	14
	6
	14
	7
	43
	8
	32
	9
	5
	10
	45
	11
	48
	12
	34
	13
	49
	14
	30
	15
	47


	0
	22
	1
	23
	2
	7
	3
	39
	4
	13
	5
	23
	6
	48
	7
	45
	8
	19
	9
	5
	10
	11
	11
	7
	12
	5
	13
	21
	14
	20
	15
	14


	0
	10
	1
	11
	2
	35
	3
	22
	4
	48
	5
	11
	6
	39
	7
	44
	8
	40
	9
	41
	10
	11
	11
	20
	12
	38
	13
	5
	14
	24
	15
	24


	0
	23
	1
	6
	2
	33
	3
	8
	4
	13
	5
	49
	6
	10
	7
	31
	8
	20
	9
	30
	10
	26
	11
	24
	12
	46
	13
	33
	14
	24
	15
	14

