60
4
2

	0
	48
	1
	6
	2
	30
	3
	20


	0
	36
	1
	9
	2
	29
	3
	12


	0
	36
	1
	31
	2
	7
	3
	42


	0
	17
	1
	35
	2
	40
	3
	17


	0
	7
	1
	37
	2
	25
	3
	38


	0
	13
	1
	16
	2
	49
	3
	29


	0
	12
	1
	32
	2
	44
	3
	6


	0
	37
	1
	34
	2
	36
	3
	16


	0
	8
	1
	35
	2
	8
	3
	34


	0
	45
	1
	31
	2
	5
	3
	12


	0
	7
	1
	25
	2
	25
	3
	24


	0
	14
	1
	34
	2
	13
	3
	25


	0
	22
	1
	20
	2
	32
	3
	19


	0
	18
	1
	37
	2
	43
	3
	44


	0
	37
	1
	46
	2
	43
	3
	21


	0
	13
	1
	28
	2
	25
	3
	12


	0
	33
	1
	8
	2
	46
	3
	23


	0
	11
	1
	29
	2
	31
	3
	36


	0
	7
	1
	10
	2
	46
	3
	42


	0
	46
	1
	34
	2
	21
	3
	8


	0
	10
	1
	36
	2
	38
	3
	31


	0
	48
	1
	14
	2
	38
	3
	44


	0
	38
	1
	15
	2
	43
	3
	6


	0
	11
	1
	24
	2
	37
	3
	39


	0
	35
	1
	15
	2
	8
	3
	19


	0
	17
	1
	44
	2
	13
	3
	20


	0
	33
	1
	31
	2
	26
	3
	23


	0
	38
	1
	21
	2
	46
	3
	33


	0
	13
	1
	18
	2
	35
	3
	34


	0
	38
	1
	14
	2
	31
	3
	33


	0
	36
	1
	34
	2
	5
	3
	16


	0
	41
	1
	28
	2
	25
	3
	43


	0
	29
	1
	34
	2
	29
	3
	37


	0
	47
	1
	25
	2
	23
	3
	7


	0
	10
	1
	43
	2
	13
	3
	40


	0
	31
	1
	16
	2
	38
	3
	30


	0
	34
	1
	21
	2
	21
	3
	49


	0
	15
	1
	47
	2
	45
	3
	23


	0
	48
	1
	30
	2
	10
	3
	36


	0
	37
	1
	37
	2
	46
	3
	11


	0
	36
	1
	8
	2
	9
	3
	31


	0
	49
	1
	38
	2
	32
	3
	6


	0
	40
	1
	25
	2
	21
	3
	26


	0
	24
	1
	28
	2
	46
	3
	32


	0
	12
	1
	22
	2
	16
	3
	47


	0
	23
	1
	16
	2
	28
	3
	22


	0
	48
	1
	47
	2
	23
	3
	21


	0
	9
	1
	20
	2
	22
	3
	14


	0
	13
	1
	20
	2
	42
	3
	40


	0
	12
	1
	10
	2
	45
	3
	43


	0
	46
	1
	6
	2
	28
	3
	12


	0
	24
	1
	25
	2
	34
	3
	47


	0
	21
	1
	9
	2
	32
	3
	11


	0
	31
	1
	37
	2
	47
	3
	45


	0
	21
	1
	35
	2
	10
	3
	21


	0
	29
	1
	48
	2
	33
	3
	8


	0
	13
	1
	43
	2
	14
	3
	40


	0
	45
	1
	28
	2
	15
	3
	37


	0
	48
	1
	18
	2
	33
	3
	33


	0
	12
	1
	24
	2
	34
	3
	9

