60
16
4

	0
	34
	1
	8
	2
	42
	3
	47
	4
	8
	5
	27
	6
	26
	7
	10
	8
	49
	9
	24
	10
	12
	11
	28
	12
	14
	13
	5
	14
	13
	15
	27


	0
	33
	1
	40
	2
	10
	3
	37
	4
	27
	5
	30
	6
	36
	7
	12
	8
	15
	9
	35
	10
	5
	11
	41
	12
	44
	13
	11
	14
	10
	15
	20


	0
	26
	1
	20
	2
	40
	3
	22
	4
	30
	5
	17
	6
	42
	7
	26
	8
	5
	9
	35
	10
	37
	11
	30
	12
	31
	13
	13
	14
	34
	15
	18


	0
	16
	1
	11
	2
	46
	3
	46
	4
	40
	5
	45
	6
	44
	7
	45
	8
	40
	9
	39
	10
	42
	11
	39
	12
	32
	13
	20
	14
	14
	15
	33


	0
	9
	1
	22
	2
	9
	3
	7
	4
	22
	5
	45
	6
	5
	7
	32
	8
	44
	9
	10
	10
	44
	11
	27
	12
	22
	13
	26
	14
	17
	15
	25


	0
	10
	1
	36
	2
	34
	3
	21
	4
	31
	5
	13
	6
	7
	7
	13
	8
	6
	9
	20
	10
	20
	11
	15
	12
	10
	13
	47
	14
	42
	15
	18


	0
	22
	1
	37
	2
	45
	3
	28
	4
	11
	5
	47
	6
	42
	7
	28
	8
	10
	9
	49
	10
	41
	11
	46
	12
	40
	13
	22
	14
	24
	15
	47


	0
	41
	1
	27
	2
	18
	3
	6
	4
	6
	5
	12
	6
	48
	7
	24
	8
	45
	9
	45
	10
	39
	11
	47
	12
	15
	13
	41
	14
	38
	15
	41


	0
	9
	1
	36
	2
	21
	3
	29
	4
	6
	5
	45
	6
	15
	7
	42
	8
	26
	9
	14
	10
	34
	11
	36
	12
	18
	13
	40
	14
	36
	15
	46


	0
	21
	1
	7
	2
	14
	3
	49
	4
	26
	5
	44
	6
	6
	7
	42
	8
	8
	9
	9
	10
	48
	11
	21
	12
	19
	13
	13
	14
	20
	15
	24


	0
	25
	1
	26
	2
	16
	3
	47
	4
	5
	5
	49
	6
	37
	7
	9
	8
	31
	9
	28
	10
	48
	11
	35
	12
	9
	13
	29
	14
	23
	15
	9


	0
	37
	1
	44
	2
	33
	3
	17
	4
	31
	5
	40
	6
	48
	7
	28
	8
	27
	9
	39
	10
	18
	11
	48
	12
	40
	13
	33
	14
	16
	15
	24


	0
	12
	1
	41
	2
	45
	3
	9
	4
	36
	5
	7
	6
	27
	7
	43
	8
	23
	9
	37
	10
	14
	11
	43
	12
	26
	13
	27
	14
	39
	15
	45


	0
	23
	1
	13
	2
	13
	3
	47
	4
	47
	5
	17
	6
	28
	7
	37
	8
	30
	9
	39
	10
	16
	11
	33
	12
	21
	13
	48
	14
	8
	15
	25


	0
	33
	1
	13
	2
	43
	3
	6
	4
	31
	5
	43
	6
	28
	7
	40
	8
	47
	9
	44
	10
	40
	11
	12
	12
	19
	13
	38
	14
	37
	15
	25


	0
	32
	1
	5
	2
	40
	3
	14
	4
	48
	5
	17
	6
	43
	7
	7
	8
	48
	9
	11
	10
	5
	11
	10
	12
	12
	13
	35
	14
	47
	15
	22


	0
	46
	1
	13
	2
	37
	3
	45
	4
	42
	5
	36
	6
	27
	7
	43
	8
	36
	9
	39
	10
	16
	11
	49
	12
	17
	13
	33
	14
	49
	15
	40


	0
	40
	1
	8
	2
	29
	3
	40
	4
	23
	5
	28
	6
	20
	7
	36
	8
	11
	9
	44
	10
	11
	11
	38
	12
	20
	13
	39
	14
	19
	15
	10


	0
	22
	1
	26
	2
	38
	3
	14
	4
	20
	5
	43
	6
	5
	7
	34
	8
	15
	9
	36
	10
	42
	11
	15
	12
	33
	13
	37
	14
	48
	15
	33


	0
	25
	1
	31
	2
	13
	3
	19
	4
	24
	5
	41
	6
	33
	7
	34
	8
	19
	9
	21
	10
	27
	11
	49
	12
	21
	13
	47
	14
	29
	15
	11


	0
	32
	1
	18
	2
	10
	3
	34
	4
	49
	5
	13
	6
	14
	7
	14
	8
	38
	9
	30
	10
	28
	11
	20
	12
	32
	13
	45
	14
	33
	15
	32


	0
	19
	1
	46
	2
	36
	3
	45
	4
	28
	5
	6
	6
	31
	7
	21
	8
	43
	9
	18
	10
	12
	11
	40
	12
	17
	13
	28
	14
	39
	15
	19


	0
	42
	1
	8
	2
	16
	3
	13
	4
	6
	5
	18
	6
	12
	7
	47
	8
	8
	9
	14
	10
	43
	11
	34
	12
	6
	13
	23
	14
	16
	15
	29


	0
	40
	1
	11
	2
	35
	3
	11
	4
	42
	5
	35
	6
	10
	7
	16
	8
	11
	9
	21
	10
	29
	11
	44
	12
	40
	13
	9
	14
	26
	15
	40


	0
	36
	1
	49
	2
	11
	3
	38
	4
	38
	5
	44
	6
	28
	7
	10
	8
	47
	9
	14
	10
	27
	11
	30
	12
	35
	13
	18
	14
	24
	15
	39


	0
	9
	1
	34
	2
	39
	3
	6
	4
	32
	5
	19
	6
	9
	7
	29
	8
	11
	9
	10
	10
	7
	11
	40
	12
	17
	13
	17
	14
	30
	15
	24


	0
	41
	1
	17
	2
	33
	3
	7
	4
	48
	5
	36
	6
	40
	7
	38
	8
	30
	9
	30
	10
	24
	11
	34
	12
	38
	13
	27
	14
	20
	15
	47


	0
	37
	1
	14
	2
	33
	3
	49
	4
	31
	5
	25
	6
	29
	7
	16
	8
	32
	9
	25
	10
	39
	11
	36
	12
	7
	13
	12
	14
	6
	15
	49


	0
	44
	1
	44
	2
	15
	3
	35
	4
	27
	5
	48
	6
	24
	7
	5
	8
	22
	9
	37
	10
	48
	11
	38
	12
	20
	13
	30
	14
	24
	15
	26


	0
	32
	1
	43
	2
	40
	3
	29
	4
	21
	5
	26
	6
	31
	7
	43
	8
	6
	9
	24
	10
	29
	11
	27
	12
	14
	13
	39
	14
	8
	15
	21


	0
	37
	1
	49
	2
	43
	3
	28
	4
	46
	5
	19
	6
	8
	7
	33
	8
	12
	9
	5
	10
	28
	11
	13
	12
	27
	13
	48
	14
	29
	15
	23


	0
	48
	1
	28
	2
	20
	3
	21
	4
	15
	5
	31
	6
	17
	7
	40
	8
	10
	9
	31
	10
	38
	11
	14
	12
	23
	13
	49
	14
	35
	15
	17


	0
	18
	1
	24
	2
	7
	3
	41
	4
	7
	5
	11
	6
	41
	7
	33
	8
	30
	9
	14
	10
	38
	11
	8
	12
	35
	13
	37
	14
	22
	15
	10


	0
	38
	1
	47
	2
	9
	3
	41
	4
	19
	5
	12
	6
	15
	7
	19
	8
	12
	9
	28
	10
	14
	11
	11
	12
	20
	13
	5
	14
	10
	15
	44


	0
	40
	1
	44
	2
	21
	3
	15
	4
	12
	5
	29
	6
	38
	7
	27
	8
	46
	9
	21
	10
	27
	11
	19
	12
	22
	13
	34
	14
	17
	15
	45


	0
	8
	1
	30
	2
	32
	3
	40
	4
	19
	5
	9
	6
	39
	7
	17
	8
	34
	9
	9
	10
	25
	11
	36
	12
	6
	13
	17
	14
	37
	15
	26


	0
	35
	1
	10
	2
	16
	3
	6
	4
	45
	5
	23
	6
	25
	7
	33
	8
	32
	9
	45
	10
	15
	11
	17
	12
	44
	13
	26
	14
	22
	15
	21


	0
	27
	1
	34
	2
	36
	3
	22
	4
	47
	5
	25
	6
	47
	7
	12
	8
	31
	9
	16
	10
	39
	11
	41
	12
	28
	13
	40
	14
	38
	15
	43


	0
	30
	1
	10
	2
	10
	3
	20
	4
	28
	5
	31
	6
	43
	7
	47
	8
	19
	9
	5
	10
	48
	11
	33
	12
	36
	13
	20
	14
	42
	15
	40


	0
	11
	1
	10
	2
	8
	3
	48
	4
	31
	5
	25
	6
	31
	7
	34
	8
	41
	9
	37
	10
	17
	11
	10
	12
	31
	13
	48
	14
	39
	15
	28


	0
	34
	1
	48
	2
	44
	3
	21
	4
	20
	5
	26
	6
	32
	7
	11
	8
	43
	9
	36
	10
	9
	11
	28
	12
	41
	13
	34
	14
	9
	15
	12


	0
	25
	1
	30
	2
	39
	3
	35
	4
	49
	5
	44
	6
	30
	7
	40
	8
	46
	9
	47
	10
	39
	11
	12
	12
	43
	13
	38
	14
	30
	15
	35


	0
	45
	1
	37
	2
	13
	3
	34
	4
	23
	5
	6
	6
	11
	7
	43
	8
	32
	9
	48
	10
	48
	11
	36
	12
	18
	13
	8
	14
	40
	15
	13


	0
	46
	1
	34
	2
	28
	3
	5
	4
	16
	5
	15
	6
	48
	7
	27
	8
	46
	9
	5
	10
	43
	11
	13
	12
	33
	13
	49
	14
	11
	15
	42


	0
	46
	1
	23
	2
	42
	3
	26
	4
	16
	5
	21
	6
	46
	7
	15
	8
	30
	9
	49
	10
	17
	11
	37
	12
	28
	13
	20
	14
	5
	15
	20


	0
	14
	1
	24
	2
	35
	3
	22
	4
	36
	5
	41
	6
	49
	7
	17
	8
	5
	9
	34
	10
	47
	11
	20
	12
	30
	13
	49
	14
	40
	15
	24


	0
	30
	1
	16
	2
	9
	3
	21
	4
	24
	5
	11
	6
	41
	7
	28
	8
	8
	9
	18
	10
	5
	11
	48
	12
	20
	13
	34
	14
	33
	15
	35


	0
	46
	1
	38
	2
	24
	3
	35
	4
	6
	5
	28
	6
	28
	7
	31
	8
	8
	9
	35
	10
	9
	11
	8
	12
	36
	13
	10
	14
	18
	15
	13


	0
	33
	1
	46
	2
	35
	3
	48
	4
	45
	5
	39
	6
	24
	7
	24
	8
	18
	9
	37
	10
	9
	11
	37
	12
	15
	13
	14
	14
	17
	15
	18


	0
	8
	1
	28
	2
	23
	3
	46
	4
	43
	5
	25
	6
	6
	7
	39
	8
	27
	9
	27
	10
	7
	11
	11
	12
	30
	13
	13
	14
	7
	15
	28


	0
	22
	1
	12
	2
	29
	3
	15
	4
	46
	5
	15
	6
	24
	7
	17
	8
	47
	9
	47
	10
	30
	11
	41
	12
	34
	13
	37
	14
	32
	15
	43


	0
	18
	1
	15
	2
	32
	3
	14
	4
	26
	5
	44
	6
	17
	7
	36
	8
	31
	9
	8
	10
	27
	11
	42
	12
	16
	13
	17
	14
	29
	15
	31


	0
	19
	1
	11
	2
	20
	3
	18
	4
	49
	5
	35
	6
	47
	7
	39
	8
	10
	9
	44
	10
	34
	11
	39
	12
	43
	13
	11
	14
	28
	15
	44


	0
	27
	1
	43
	2
	20
	3
	31
	4
	9
	5
	15
	6
	48
	7
	38
	8
	24
	9
	28
	10
	40
	11
	45
	12
	44
	13
	25
	14
	39
	15
	49


	0
	10
	1
	13
	2
	14
	3
	26
	4
	40
	5
	40
	6
	7
	7
	25
	8
	36
	9
	21
	10
	26
	11
	5
	12
	31
	13
	25
	14
	13
	15
	33


	0
	37
	1
	21
	2
	27
	3
	23
	4
	11
	5
	31
	6
	13
	7
	31
	8
	44
	9
	18
	10
	39
	11
	24
	12
	7
	13
	22
	14
	26
	15
	29


	0
	49
	1
	38
	2
	15
	3
	36
	4
	12
	5
	41
	6
	28
	7
	24
	8
	14
	9
	40
	10
	17
	11
	35
	12
	28
	13
	48
	14
	10
	15
	6


	0
	15
	1
	38
	2
	24
	3
	7
	4
	31
	5
	32
	6
	25
	7
	21
	8
	16
	9
	36
	10
	31
	11
	24
	12
	33
	13
	26
	14
	21
	15
	25


	0
	40
	1
	40
	2
	49
	3
	37
	4
	21
	5
	48
	6
	39
	7
	15
	8
	23
	9
	28
	10
	32
	11
	32
	12
	49
	13
	29
	14
	47
	15
	39


	0
	48
	1
	10
	2
	18
	3
	27
	4
	24
	5
	44
	6
	18
	7
	42
	8
	10
	9
	13
	10
	37
	11
	31
	12
	23
	13
	6
	14
	24
	15
	46

