60
16
4

	0
	30
	1
	25
	2
	13
	3
	16
	4
	12
	5
	35
	6
	16
	7
	7
	8
	12
	9
	10
	10
	33
	11
	43
	12
	43
	13
	31
	14
	22
	15
	27


	0
	35
	1
	48
	2
	19
	3
	49
	4
	13
	5
	31
	6
	12
	7
	27
	8
	43
	9
	43
	10
	10
	11
	10
	12
	37
	13
	22
	14
	20
	15
	31


	0
	39
	1
	27
	2
	8
	3
	29
	4
	12
	5
	27
	6
	37
	7
	47
	8
	13
	9
	9
	10
	24
	11
	43
	12
	29
	13
	49
	14
	30
	15
	37


	0
	39
	1
	20
	2
	26
	3
	36
	4
	12
	5
	32
	6
	44
	7
	34
	8
	19
	9
	31
	10
	17
	11
	23
	12
	33
	13
	6
	14
	27
	15
	42


	0
	46
	1
	19
	2
	42
	3
	5
	4
	23
	5
	41
	6
	10
	7
	44
	8
	32
	9
	32
	10
	43
	11
	16
	12
	48
	13
	32
	14
	44
	15
	48


	0
	24
	1
	39
	2
	7
	3
	25
	4
	27
	5
	7
	6
	34
	7
	43
	8
	20
	9
	13
	10
	23
	11
	22
	12
	29
	13
	15
	14
	36
	15
	26


	0
	25
	1
	9
	2
	27
	3
	44
	4
	28
	5
	14
	6
	29
	7
	15
	8
	6
	9
	39
	10
	9
	11
	6
	12
	10
	13
	36
	14
	20
	15
	39


	0
	45
	1
	10
	2
	14
	3
	7
	4
	28
	5
	45
	6
	24
	7
	27
	8
	19
	9
	11
	10
	9
	11
	7
	12
	20
	13
	44
	14
	48
	15
	45


	0
	42
	1
	24
	2
	16
	3
	49
	4
	15
	5
	6
	6
	39
	7
	26
	8
	13
	9
	43
	10
	40
	11
	31
	12
	40
	13
	34
	14
	25
	15
	49


	0
	15
	1
	12
	2
	34
	3
	42
	4
	10
	5
	6
	6
	28
	7
	41
	8
	14
	9
	5
	10
	23
	11
	36
	12
	23
	13
	9
	14
	29
	15
	30


	0
	34
	1
	29
	2
	39
	3
	12
	4
	9
	5
	31
	6
	48
	7
	7
	8
	26
	9
	20
	10
	9
	11
	35
	12
	49
	13
	8
	14
	37
	15
	15


	0
	16
	1
	26
	2
	15
	3
	34
	4
	6
	5
	10
	6
	28
	7
	42
	8
	10
	9
	35
	10
	8
	11
	35
	12
	15
	13
	21
	14
	44
	15
	23


	0
	41
	1
	42
	2
	29
	3
	43
	4
	22
	5
	45
	6
	39
	7
	30
	8
	12
	9
	6
	10
	19
	11
	48
	12
	5
	13
	33
	14
	16
	15
	17


	0
	38
	1
	9
	2
	15
	3
	25
	4
	14
	5
	16
	6
	29
	7
	49
	8
	42
	9
	14
	10
	11
	11
	39
	12
	29
	13
	32
	14
	16
	15
	28


	0
	47
	1
	15
	2
	44
	3
	11
	4
	27
	5
	16
	6
	42
	7
	45
	8
	49
	9
	45
	10
	31
	11
	39
	12
	7
	13
	43
	14
	14
	15
	49


	0
	8
	1
	11
	2
	48
	3
	37
	4
	30
	5
	24
	6
	18
	7
	30
	8
	31
	9
	19
	10
	39
	11
	9
	12
	13
	13
	34
	14
	6
	15
	8


	0
	13
	1
	48
	2
	45
	3
	14
	4
	48
	5
	30
	6
	15
	7
	43
	8
	35
	9
	17
	10
	49
	11
	20
	12
	14
	13
	30
	14
	48
	15
	22


	0
	6
	1
	13
	2
	14
	3
	47
	4
	26
	5
	30
	6
	28
	7
	12
	8
	35
	9
	16
	10
	6
	11
	42
	12
	27
	13
	40
	14
	10
	15
	47


	0
	13
	1
	10
	2
	7
	3
	15
	4
	28
	5
	31
	6
	16
	7
	46
	8
	35
	9
	32
	10
	9
	11
	19
	12
	15
	13
	39
	14
	12
	15
	26


	0
	38
	1
	24
	2
	23
	3
	7
	4
	30
	5
	21
	6
	31
	7
	19
	8
	23
	9
	7
	10
	13
	11
	21
	12
	13
	13
	25
	14
	38
	15
	37


	0
	11
	1
	19
	2
	16
	3
	12
	4
	41
	5
	31
	6
	10
	7
	22
	8
	14
	9
	30
	10
	20
	11
	35
	12
	10
	13
	49
	14
	43
	15
	20


	0
	38
	1
	30
	2
	19
	3
	40
	4
	30
	5
	45
	6
	30
	7
	42
	8
	48
	9
	5
	10
	39
	11
	33
	12
	42
	13
	20
	14
	44
	15
	36


	0
	18
	1
	25
	2
	33
	3
	48
	4
	24
	5
	42
	6
	46
	7
	17
	8
	48
	9
	20
	10
	9
	11
	26
	12
	41
	13
	38
	14
	47
	15
	31


	0
	20
	1
	18
	2
	5
	3
	35
	4
	36
	5
	14
	6
	22
	7
	6
	8
	42
	9
	20
	10
	36
	11
	25
	12
	19
	13
	31
	14
	16
	15
	8


	0
	6
	1
	35
	2
	13
	3
	26
	4
	31
	5
	8
	6
	20
	7
	19
	8
	46
	9
	7
	10
	15
	11
	47
	12
	44
	13
	8
	14
	18
	15
	46


	0
	41
	1
	24
	2
	6
	3
	23
	4
	44
	5
	8
	6
	33
	7
	11
	8
	40
	9
	33
	10
	48
	11
	21
	12
	18
	13
	20
	14
	34
	15
	23


	0
	47
	1
	15
	2
	35
	3
	32
	4
	45
	5
	20
	6
	46
	7
	11
	8
	10
	9
	24
	10
	33
	11
	46
	12
	34
	13
	34
	14
	17
	15
	11


	0
	33
	1
	14
	2
	32
	3
	31
	4
	14
	5
	13
	6
	30
	7
	9
	8
	5
	9
	48
	10
	10
	11
	24
	12
	37
	13
	8
	14
	17
	15
	41


	0
	13
	1
	29
	2
	32
	3
	33
	4
	25
	5
	35
	6
	42
	7
	8
	8
	8
	9
	46
	10
	24
	11
	8
	12
	16
	13
	23
	14
	7
	15
	30


	0
	34
	1
	47
	2
	30
	3
	12
	4
	5
	5
	43
	6
	27
	7
	21
	8
	28
	9
	10
	10
	25
	11
	40
	12
	47
	13
	36
	14
	49
	15
	9


	0
	8
	1
	32
	2
	20
	3
	44
	4
	33
	5
	30
	6
	9
	7
	5
	8
	32
	9
	47
	10
	48
	11
	41
	12
	45
	13
	26
	14
	19
	15
	34


	0
	18
	1
	30
	2
	24
	3
	41
	4
	41
	5
	46
	6
	6
	7
	26
	8
	22
	9
	7
	10
	6
	11
	18
	12
	26
	13
	40
	14
	42
	15
	33


	0
	31
	1
	37
	2
	37
	3
	7
	4
	22
	5
	33
	6
	28
	7
	41
	8
	15
	9
	18
	10
	15
	11
	14
	12
	39
	13
	47
	14
	12
	15
	16


	0
	31
	1
	45
	2
	44
	3
	40
	4
	30
	5
	21
	6
	11
	7
	36
	8
	33
	9
	42
	10
	37
	11
	10
	12
	43
	13
	45
	14
	21
	15
	13


	0
	12
	1
	33
	2
	37
	3
	7
	4
	41
	5
	43
	6
	23
	7
	43
	8
	26
	9
	43
	10
	49
	11
	19
	12
	24
	13
	44
	14
	32
	15
	9


	0
	19
	1
	14
	2
	37
	3
	13
	4
	15
	5
	32
	6
	36
	7
	39
	8
	9
	9
	47
	10
	15
	11
	45
	12
	28
	13
	21
	14
	34
	15
	21


	0
	10
	1
	28
	2
	42
	3
	14
	4
	30
	5
	14
	6
	13
	7
	32
	8
	25
	9
	12
	10
	38
	11
	18
	12
	12
	13
	33
	14
	8
	15
	34


	0
	7
	1
	5
	2
	22
	3
	42
	4
	13
	5
	9
	6
	19
	7
	22
	8
	20
	9
	40
	10
	30
	11
	17
	12
	15
	13
	15
	14
	10
	15
	29


	0
	19
	1
	34
	2
	18
	3
	42
	4
	12
	5
	27
	6
	43
	7
	5
	8
	6
	9
	24
	10
	28
	11
	9
	12
	37
	13
	41
	14
	27
	15
	5


	0
	13
	1
	38
	2
	43
	3
	8
	4
	35
	5
	37
	6
	35
	7
	8
	8
	30
	9
	21
	10
	17
	11
	16
	12
	40
	13
	5
	14
	11
	15
	39


	0
	32
	1
	37
	2
	46
	3
	35
	4
	41
	5
	43
	6
	45
	7
	40
	8
	9
	9
	35
	10
	17
	11
	19
	12
	31
	13
	17
	14
	25
	15
	18


	0
	41
	1
	30
	2
	6
	3
	20
	4
	6
	5
	19
	6
	13
	7
	40
	8
	45
	9
	11
	10
	40
	11
	9
	12
	43
	13
	14
	14
	31
	15
	40


	0
	14
	1
	19
	2
	40
	3
	26
	4
	22
	5
	42
	6
	13
	7
	34
	8
	44
	9
	41
	10
	45
	11
	13
	12
	17
	13
	11
	14
	29
	15
	14


	0
	6
	1
	41
	2
	35
	3
	47
	4
	45
	5
	26
	6
	34
	7
	25
	8
	48
	9
	44
	10
	41
	11
	16
	12
	31
	13
	14
	14
	34
	15
	24


	0
	30
	1
	42
	2
	19
	3
	39
	4
	33
	5
	6
	6
	34
	7
	39
	8
	24
	9
	6
	10
	39
	11
	14
	12
	49
	13
	41
	14
	32
	15
	16


	0
	49
	1
	32
	2
	6
	3
	22
	4
	48
	5
	19
	6
	33
	7
	49
	8
	38
	9
	38
	10
	38
	11
	37
	12
	44
	13
	38
	14
	26
	15
	38


	0
	31
	1
	22
	2
	37
	3
	37
	4
	42
	5
	18
	6
	24
	7
	9
	8
	47
	9
	44
	10
	9
	11
	35
	12
	32
	13
	34
	14
	45
	15
	30


	0
	21
	1
	41
	2
	26
	3
	13
	4
	32
	5
	11
	6
	24
	7
	22
	8
	43
	9
	21
	10
	30
	11
	13
	12
	41
	13
	5
	14
	31
	15
	19


	0
	11
	1
	26
	2
	6
	3
	16
	4
	18
	5
	41
	6
	11
	7
	29
	8
	41
	9
	18
	10
	37
	11
	46
	12
	28
	13
	43
	14
	7
	15
	8


	0
	13
	1
	23
	2
	37
	3
	41
	4
	28
	5
	39
	6
	29
	7
	13
	8
	46
	9
	45
	10
	21
	11
	10
	12
	33
	13
	6
	14
	45
	15
	16


	0
	19
	1
	17
	2
	11
	3
	48
	4
	6
	5
	9
	6
	20
	7
	27
	8
	33
	9
	49
	10
	35
	11
	34
	12
	22
	13
	15
	14
	17
	15
	28


	0
	12
	1
	31
	2
	23
	3
	24
	4
	5
	5
	25
	6
	22
	7
	10
	8
	16
	9
	42
	10
	22
	11
	33
	12
	25
	13
	15
	14
	24
	15
	45


	0
	44
	1
	27
	2
	21
	3
	15
	4
	37
	5
	49
	6
	20
	7
	28
	8
	28
	9
	29
	10
	7
	11
	23
	12
	18
	13
	26
	14
	44
	15
	24


	0
	7
	1
	35
	2
	9
	3
	36
	4
	12
	5
	37
	6
	47
	7
	40
	8
	43
	9
	42
	10
	13
	11
	9
	12
	31
	13
	27
	14
	24
	15
	47


	0
	11
	1
	39
	2
	14
	3
	24
	4
	37
	5
	42
	6
	11
	7
	21
	8
	16
	9
	13
	10
	14
	11
	44
	12
	46
	13
	49
	14
	43
	15
	48


	0
	16
	1
	29
	2
	39
	3
	7
	4
	34
	5
	28
	6
	47
	7
	31
	8
	31
	9
	29
	10
	33
	11
	8
	12
	38
	13
	36
	14
	35
	15
	6


	0
	31
	1
	19
	2
	26
	3
	28
	4
	10
	5
	26
	6
	19
	7
	43
	8
	37
	9
	42
	10
	9
	11
	42
	12
	9
	13
	30
	14
	41
	15
	17


	0
	33
	1
	7
	2
	20
	3
	9
	4
	26
	5
	28
	6
	20
	7
	43
	8
	48
	9
	27
	10
	39
	11
	42
	12
	23
	13
	19
	14
	28
	15
	24


	0
	8
	1
	19
	2
	12
	3
	46
	4
	14
	5
	35
	6
	30
	7
	28
	8
	15
	9
	25
	10
	25
	11
	22
	12
	8
	13
	17
	14
	13
	15
	37


	0
	17
	1
	29
	2
	35
	3
	36
	4
	26
	5
	30
	6
	27
	7
	21
	8
	11
	9
	36
	10
	10
	11
	8
	12
	34
	13
	27
	14
	23
	15
	23

