60
16
2

	0
	11
	1
	48
	2
	36
	3
	42
	4
	9
	5
	8
	6
	16
	7
	40
	8
	31
	9
	44
	10
	37
	11
	18
	12
	27
	13
	39
	14
	12
	15
	41


	0
	21
	1
	8
	2
	8
	3
	48
	4
	39
	5
	36
	6
	30
	7
	12
	8
	13
	9
	22
	10
	5
	11
	20
	12
	20
	13
	39
	14
	18
	15
	28


	0
	33
	1
	49
	2
	27
	3
	27
	4
	13
	5
	46
	6
	45
	7
	12
	8
	43
	9
	29
	10
	15
	11
	21
	12
	36
	13
	26
	14
	29
	15
	33


	0
	42
	1
	5
	2
	38
	3
	28
	4
	29
	5
	48
	6
	48
	7
	42
	8
	35
	9
	26
	10
	47
	11
	6
	12
	30
	13
	10
	14
	8
	15
	30


	0
	9
	1
	6
	2
	31
	3
	19
	4
	41
	5
	30
	6
	21
	7
	33
	8
	21
	9
	45
	10
	13
	11
	29
	12
	9
	13
	8
	14
	40
	15
	30


	0
	47
	1
	30
	2
	27
	3
	15
	4
	44
	5
	7
	6
	15
	7
	26
	8
	44
	9
	33
	10
	23
	11
	30
	12
	6
	13
	17
	14
	31
	15
	42


	0
	16
	1
	37
	2
	21
	3
	32
	4
	23
	5
	48
	6
	30
	7
	22
	8
	8
	9
	31
	10
	31
	11
	12
	12
	24
	13
	29
	14
	41
	15
	48


	0
	47
	1
	25
	2
	30
	3
	29
	4
	46
	5
	9
	6
	47
	7
	28
	8
	21
	9
	39
	10
	12
	11
	23
	12
	33
	13
	20
	14
	35
	15
	44


	0
	17
	1
	22
	2
	34
	3
	47
	4
	45
	5
	17
	6
	9
	7
	45
	8
	40
	9
	29
	10
	17
	11
	25
	12
	14
	13
	14
	14
	14
	15
	36


	0
	16
	1
	30
	2
	31
	3
	48
	4
	38
	5
	43
	6
	39
	7
	13
	8
	43
	9
	7
	10
	17
	11
	13
	12
	31
	13
	33
	14
	7
	15
	49


	0
	10
	1
	12
	2
	34
	3
	23
	4
	34
	5
	33
	6
	19
	7
	40
	8
	41
	9
	23
	10
	15
	11
	12
	12
	44
	13
	35
	14
	28
	15
	29


	0
	20
	1
	19
	2
	32
	3
	30
	4
	16
	5
	41
	6
	18
	7
	19
	8
	28
	9
	46
	10
	18
	11
	19
	12
	19
	13
	13
	14
	37
	15
	25


	0
	24
	1
	30
	2
	28
	3
	14
	4
	47
	5
	7
	6
	43
	7
	26
	8
	18
	9
	33
	10
	39
	11
	11
	12
	37
	13
	43
	14
	42
	15
	46


	0
	49
	1
	39
	2
	30
	3
	7
	4
	7
	5
	21
	6
	18
	7
	30
	8
	26
	9
	45
	10
	33
	11
	36
	12
	41
	13
	14
	14
	7
	15
	42


	0
	47
	1
	28
	2
	37
	3
	32
	4
	28
	5
	13
	6
	29
	7
	5
	8
	20
	9
	45
	10
	47
	11
	28
	12
	21
	13
	6
	14
	49
	15
	44


	0
	37
	1
	5
	2
	47
	3
	46
	4
	23
	5
	29
	6
	5
	7
	22
	8
	24
	9
	44
	10
	9
	11
	47
	12
	44
	13
	32
	14
	35
	15
	42


	0
	29
	1
	18
	2
	14
	3
	34
	4
	22
	5
	31
	6
	9
	7
	44
	8
	16
	9
	34
	10
	46
	11
	30
	12
	33
	13
	15
	14
	44
	15
	40


	0
	22
	1
	32
	2
	20
	3
	28
	4
	20
	5
	8
	6
	34
	7
	49
	8
	43
	9
	9
	10
	37
	11
	37
	12
	43
	13
	22
	14
	16
	15
	40


	0
	24
	1
	41
	2
	32
	3
	35
	4
	25
	5
	13
	6
	42
	7
	9
	8
	37
	9
	7
	10
	25
	11
	8
	12
	37
	13
	24
	14
	41
	15
	47


	0
	44
	1
	13
	2
	38
	3
	47
	4
	34
	5
	35
	6
	46
	7
	8
	8
	15
	9
	40
	10
	13
	11
	10
	12
	18
	13
	11
	14
	43
	15
	5


	0
	17
	1
	48
	2
	34
	3
	25
	4
	37
	5
	7
	6
	16
	7
	21
	8
	47
	9
	32
	10
	37
	11
	35
	12
	6
	13
	7
	14
	48
	15
	11


	0
	38
	1
	5
	2
	21
	3
	9
	4
	8
	5
	15
	6
	36
	7
	28
	8
	22
	9
	36
	10
	31
	11
	15
	12
	45
	13
	38
	14
	41
	15
	45


	0
	27
	1
	22
	2
	34
	3
	10
	4
	16
	5
	44
	6
	20
	7
	11
	8
	32
	9
	17
	10
	20
	11
	40
	12
	18
	13
	28
	14
	17
	15
	25


	0
	26
	1
	33
	2
	17
	3
	20
	4
	34
	5
	19
	6
	12
	7
	30
	8
	12
	9
	39
	10
	9
	11
	45
	12
	33
	13
	48
	14
	35
	15
	30


	0
	18
	1
	19
	2
	24
	3
	20
	4
	32
	5
	49
	6
	31
	7
	8
	8
	28
	9
	23
	10
	42
	11
	25
	12
	10
	13
	11
	14
	23
	15
	39


	0
	11
	1
	13
	2
	30
	3
	14
	4
	42
	5
	21
	6
	34
	7
	28
	8
	20
	9
	6
	10
	35
	11
	24
	12
	45
	13
	19
	14
	15
	15
	40


	0
	41
	1
	45
	2
	38
	3
	14
	4
	23
	5
	32
	6
	36
	7
	36
	8
	8
	9
	29
	10
	13
	11
	36
	12
	40
	13
	20
	14
	48
	15
	7


	0
	34
	1
	41
	2
	38
	3
	31
	4
	5
	5
	7
	6
	24
	7
	7
	8
	46
	9
	47
	10
	37
	11
	17
	12
	43
	13
	39
	14
	34
	15
	17


	0
	25
	1
	8
	2
	25
	3
	41
	4
	30
	5
	31
	6
	6
	7
	16
	8
	24
	9
	19
	10
	40
	11
	5
	12
	40
	13
	15
	14
	44
	15
	25


	0
	24
	1
	45
	2
	20
	3
	19
	4
	6
	5
	27
	6
	43
	7
	8
	8
	46
	9
	9
	10
	34
	11
	14
	12
	43
	13
	35
	14
	44
	15
	18


	0
	11
	1
	17
	2
	22
	3
	35
	4
	25
	5
	34
	6
	17
	7
	36
	8
	31
	9
	46
	10
	47
	11
	39
	12
	33
	13
	41
	14
	5
	15
	24


	0
	46
	1
	26
	2
	13
	3
	8
	4
	16
	5
	48
	6
	43
	7
	44
	8
	23
	9
	25
	10
	29
	11
	8
	12
	14
	13
	28
	14
	7
	15
	38


	0
	40
	1
	32
	2
	46
	3
	25
	4
	14
	5
	21
	6
	12
	7
	8
	8
	7
	9
	22
	10
	26
	11
	18
	12
	6
	13
	20
	14
	20
	15
	34


	0
	19
	1
	46
	2
	34
	3
	8
	4
	33
	5
	21
	6
	45
	7
	30
	8
	39
	9
	8
	10
	18
	11
	25
	12
	35
	13
	42
	14
	22
	15
	6


	0
	26
	1
	32
	2
	27
	3
	38
	4
	38
	5
	29
	6
	24
	7
	37
	8
	13
	9
	31
	10
	49
	11
	7
	12
	22
	13
	34
	14
	13
	15
	14


	0
	16
	1
	47
	2
	5
	3
	15
	4
	47
	5
	40
	6
	11
	7
	14
	8
	10
	9
	17
	10
	24
	11
	30
	12
	36
	13
	47
	14
	21
	15
	47


	0
	47
	1
	42
	2
	47
	3
	22
	4
	45
	5
	28
	6
	18
	7
	47
	8
	17
	9
	43
	10
	17
	11
	9
	12
	47
	13
	21
	14
	32
	15
	30


	0
	25
	1
	41
	2
	38
	3
	39
	4
	38
	5
	6
	6
	9
	7
	14
	8
	38
	9
	5
	10
	18
	11
	16
	12
	41
	13
	46
	14
	49
	15
	35


	0
	32
	1
	41
	2
	22
	3
	20
	4
	5
	5
	30
	6
	31
	7
	35
	8
	21
	9
	30
	10
	17
	11
	27
	12
	28
	13
	33
	14
	32
	15
	25


	0
	18
	1
	11
	2
	10
	3
	43
	4
	25
	5
	41
	6
	23
	7
	15
	8
	18
	9
	44
	10
	46
	11
	28
	12
	12
	13
	6
	14
	13
	15
	33


	0
	31
	1
	48
	2
	46
	3
	21
	4
	17
	5
	28
	6
	12
	7
	42
	8
	49
	9
	33
	10
	6
	11
	30
	12
	37
	13
	47
	14
	44
	15
	21


	0
	47
	1
	49
	2
	45
	3
	44
	4
	7
	5
	48
	6
	43
	7
	15
	8
	26
	9
	49
	10
	17
	11
	33
	12
	47
	13
	23
	14
	18
	15
	6


	0
	14
	1
	28
	2
	10
	3
	30
	4
	39
	5
	15
	6
	18
	7
	47
	8
	21
	9
	7
	10
	19
	11
	11
	12
	45
	13
	48
	14
	43
	15
	41


	0
	7
	1
	31
	2
	42
	3
	49
	4
	29
	5
	8
	6
	28
	7
	12
	8
	18
	9
	43
	10
	34
	11
	6
	12
	42
	13
	34
	14
	35
	15
	16


	0
	38
	1
	8
	2
	39
	3
	44
	4
	6
	5
	34
	6
	28
	7
	12
	8
	46
	9
	9
	10
	20
	11
	41
	12
	16
	13
	12
	14
	37
	15
	18


	0
	14
	1
	12
	2
	12
	3
	6
	4
	16
	5
	25
	6
	44
	7
	37
	8
	49
	9
	9
	10
	45
	11
	28
	12
	19
	13
	15
	14
	20
	15
	47


	0
	49
	1
	10
	2
	7
	3
	45
	4
	29
	5
	25
	6
	39
	7
	33
	8
	26
	9
	10
	10
	33
	11
	48
	12
	26
	13
	9
	14
	23
	15
	40


	0
	6
	1
	34
	2
	17
	3
	22
	4
	30
	5
	13
	6
	25
	7
	17
	8
	20
	9
	36
	10
	30
	11
	43
	12
	36
	13
	32
	14
	17
	15
	45


	0
	9
	1
	21
	2
	43
	3
	20
	4
	24
	5
	20
	6
	34
	7
	17
	8
	33
	9
	5
	10
	6
	11
	32
	12
	29
	13
	36
	14
	29
	15
	38


	0
	22
	1
	48
	2
	44
	3
	36
	4
	36
	5
	12
	6
	49
	7
	12
	8
	38
	9
	33
	10
	39
	11
	40
	12
	6
	13
	15
	14
	47
	15
	5


	0
	5
	1
	33
	2
	7
	3
	5
	4
	44
	5
	11
	6
	38
	7
	19
	8
	46
	9
	44
	10
	14
	11
	41
	12
	27
	13
	7
	14
	28
	15
	21


	0
	11
	1
	22
	2
	32
	3
	29
	4
	16
	5
	31
	6
	44
	7
	5
	8
	39
	9
	14
	10
	45
	11
	25
	12
	39
	13
	32
	14
	34
	15
	43


	0
	18
	1
	30
	2
	18
	3
	15
	4
	22
	5
	43
	6
	20
	7
	8
	8
	28
	9
	47
	10
	35
	11
	46
	12
	43
	13
	32
	14
	32
	15
	29


	0
	9
	1
	9
	2
	6
	3
	13
	4
	6
	5
	49
	6
	17
	7
	28
	8
	11
	9
	25
	10
	30
	11
	36
	12
	46
	13
	28
	14
	27
	15
	9


	0
	42
	1
	15
	2
	33
	3
	15
	4
	19
	5
	13
	6
	17
	7
	38
	8
	14
	9
	24
	10
	29
	11
	33
	12
	8
	13
	40
	14
	34
	15
	17


	0
	18
	1
	48
	2
	10
	3
	49
	4
	12
	5
	27
	6
	9
	7
	18
	8
	41
	9
	42
	10
	40
	11
	16
	12
	10
	13
	42
	14
	7
	15
	14


	0
	21
	1
	24
	2
	11
	3
	10
	4
	10
	5
	33
	6
	26
	7
	7
	8
	41
	9
	25
	10
	39
	11
	45
	12
	6
	13
	37
	14
	31
	15
	26


	0
	9
	1
	43
	2
	41
	3
	9
	4
	34
	5
	40
	6
	31
	7
	18
	8
	17
	9
	36
	10
	9
	11
	46
	12
	9
	13
	40
	14
	8
	15
	42


	0
	18
	1
	30
	2
	35
	3
	13
	4
	29
	5
	18
	6
	9
	7
	25
	8
	28
	9
	46
	10
	19
	11
	34
	12
	45
	13
	12
	14
	22
	15
	46


	0
	16
	1
	17
	2
	39
	3
	5
	4
	36
	5
	19
	6
	33
	7
	29
	8
	41
	9
	23
	10
	28
	11
	35
	12
	45
	13
	40
	14
	42
	15
	33

