60
16
5

	0
	28
	1
	26
	2
	10
	3
	36
	4
	5
	5
	32
	6
	31
	7
	25
	8
	49
	9
	36
	10
	29
	11
	19
	12
	12
	13
	5
	14
	26
	15
	21


	0
	34
	1
	6
	2
	33
	3
	36
	4
	7
	5
	32
	6
	21
	7
	25
	8
	36
	9
	47
	10
	15
	11
	31
	12
	30
	13
	20
	14
	13
	15
	25


	0
	42
	1
	37
	2
	29
	3
	37
	4
	15
	5
	14
	6
	46
	7
	35
	8
	13
	9
	23
	10
	30
	11
	14
	12
	15
	13
	38
	14
	40
	15
	13


	0
	29
	1
	20
	2
	13
	3
	21
	4
	41
	5
	24
	6
	47
	7
	41
	8
	48
	9
	40
	10
	38
	11
	33
	12
	20
	13
	47
	14
	36
	15
	8


	0
	44
	1
	22
	2
	42
	3
	37
	4
	40
	5
	33
	6
	29
	7
	16
	8
	29
	9
	32
	10
	21
	11
	15
	12
	12
	13
	14
	14
	42
	15
	35


	0
	17
	1
	46
	2
	33
	3
	31
	4
	48
	5
	22
	6
	23
	7
	20
	8
	18
	9
	42
	10
	34
	11
	39
	12
	41
	13
	13
	14
	10
	15
	8


	0
	10
	1
	43
	2
	9
	3
	47
	4
	40
	5
	16
	6
	15
	7
	28
	8
	45
	9
	13
	10
	13
	11
	43
	12
	9
	13
	43
	14
	19
	15
	11


	0
	14
	1
	28
	2
	12
	3
	31
	4
	19
	5
	34
	6
	30
	7
	45
	8
	19
	9
	31
	10
	18
	11
	46
	12
	37
	13
	41
	14
	28
	15
	45


	0
	40
	1
	19
	2
	30
	3
	5
	4
	33
	5
	40
	6
	44
	7
	45
	8
	9
	9
	33
	10
	15
	11
	46
	12
	32
	13
	35
	14
	48
	15
	40


	0
	17
	1
	48
	2
	46
	3
	6
	4
	41
	5
	44
	6
	40
	7
	6
	8
	27
	9
	30
	10
	25
	11
	31
	12
	39
	13
	8
	14
	21
	15
	7


	0
	7
	1
	12
	2
	43
	3
	45
	4
	19
	5
	11
	6
	7
	7
	14
	8
	30
	9
	29
	10
	8
	11
	36
	12
	42
	13
	31
	14
	14
	15
	49


	0
	21
	1
	44
	2
	16
	3
	31
	4
	7
	5
	39
	6
	29
	7
	30
	8
	23
	9
	41
	10
	30
	11
	45
	12
	7
	13
	23
	14
	44
	15
	31


	0
	19
	1
	10
	2
	25
	3
	43
	4
	24
	5
	27
	6
	46
	7
	34
	8
	19
	9
	20
	10
	7
	11
	25
	12
	12
	13
	10
	14
	22
	15
	21


	0
	10
	1
	8
	2
	30
	3
	28
	4
	44
	5
	19
	6
	7
	7
	9
	8
	36
	9
	20
	10
	45
	11
	48
	12
	25
	13
	40
	14
	19
	15
	16


	0
	13
	1
	29
	2
	40
	3
	17
	4
	22
	5
	18
	6
	21
	7
	16
	8
	20
	9
	20
	10
	29
	11
	36
	12
	24
	13
	36
	14
	12
	15
	17


	0
	5
	1
	41
	2
	14
	3
	9
	4
	18
	5
	7
	6
	15
	7
	9
	8
	26
	9
	37
	10
	46
	11
	28
	12
	43
	13
	38
	14
	13
	15
	37


	0
	47
	1
	6
	2
	42
	3
	42
	4
	26
	5
	7
	6
	14
	7
	34
	8
	13
	9
	26
	10
	20
	11
	34
	12
	15
	13
	21
	14
	22
	15
	21


	0
	46
	1
	43
	2
	43
	3
	34
	4
	38
	5
	21
	6
	23
	7
	32
	8
	19
	9
	27
	10
	12
	11
	9
	12
	41
	13
	10
	14
	24
	15
	18


	0
	29
	1
	25
	2
	27
	3
	20
	4
	26
	5
	8
	6
	48
	7
	26
	8
	31
	9
	30
	10
	25
	11
	8
	12
	47
	13
	7
	14
	30
	15
	31


	0
	40
	1
	13
	2
	20
	3
	23
	4
	37
	5
	46
	6
	11
	7
	40
	8
	7
	9
	28
	10
	21
	11
	44
	12
	33
	13
	35
	14
	49
	15
	45


	0
	28
	1
	38
	2
	6
	3
	24
	4
	25
	5
	6
	6
	38
	7
	11
	8
	19
	9
	15
	10
	49
	11
	32
	12
	35
	13
	19
	14
	41
	15
	23


	0
	17
	1
	26
	2
	5
	3
	47
	4
	5
	5
	47
	6
	38
	7
	47
	8
	17
	9
	44
	10
	29
	11
	46
	12
	7
	13
	44
	14
	16
	15
	42


	0
	37
	1
	26
	2
	40
	3
	5
	4
	21
	5
	38
	6
	44
	7
	29
	8
	26
	9
	33
	10
	16
	11
	40
	12
	17
	13
	25
	14
	46
	15
	43


	0
	30
	1
	30
	2
	48
	3
	46
	4
	39
	5
	32
	6
	29
	7
	36
	8
	20
	9
	9
	10
	17
	11
	37
	12
	9
	13
	13
	14
	34
	15
	16


	0
	6
	1
	7
	2
	37
	3
	8
	4
	41
	5
	30
	6
	38
	7
	26
	8
	38
	9
	45
	10
	28
	11
	28
	12
	30
	13
	34
	14
	33
	15
	10


	0
	48
	1
	9
	2
	49
	3
	42
	4
	17
	5
	37
	6
	36
	7
	10
	8
	11
	9
	32
	10
	6
	11
	10
	12
	9
	13
	8
	14
	8
	15
	35


	0
	36
	1
	23
	2
	46
	3
	20
	4
	20
	5
	42
	6
	41
	7
	24
	8
	22
	9
	28
	10
	5
	11
	29
	12
	36
	13
	46
	14
	23
	15
	44


	0
	16
	1
	25
	2
	7
	3
	23
	4
	8
	5
	37
	6
	20
	7
	17
	8
	37
	9
	33
	10
	27
	11
	20
	12
	23
	13
	41
	14
	30
	15
	16


	0
	13
	1
	17
	2
	27
	3
	14
	4
	9
	5
	16
	6
	34
	7
	36
	8
	44
	9
	20
	10
	27
	11
	46
	12
	9
	13
	32
	14
	18
	15
	20


	0
	48
	1
	45
	2
	14
	3
	33
	4
	42
	5
	47
	6
	29
	7
	32
	8
	12
	9
	46
	10
	48
	11
	11
	12
	11
	13
	32
	14
	18
	15
	36


	0
	9
	1
	25
	2
	6
	3
	6
	4
	12
	5
	33
	6
	5
	7
	26
	8
	42
	9
	19
	10
	5
	11
	33
	12
	19
	13
	7
	14
	30
	15
	11


	0
	23
	1
	22
	2
	44
	3
	10
	4
	10
	5
	29
	6
	18
	7
	25
	8
	16
	9
	14
	10
	38
	11
	20
	12
	42
	13
	37
	14
	10
	15
	31


	0
	41
	1
	21
	2
	24
	3
	34
	4
	45
	5
	14
	6
	37
	7
	19
	8
	45
	9
	34
	10
	39
	11
	12
	12
	47
	13
	34
	14
	29
	15
	48


	0
	43
	1
	36
	2
	32
	3
	10
	4
	37
	5
	10
	6
	10
	7
	22
	8
	31
	9
	39
	10
	16
	11
	34
	12
	47
	13
	13
	14
	28
	15
	25


	0
	47
	1
	40
	2
	29
	3
	31
	4
	19
	5
	26
	6
	14
	7
	43
	8
	33
	9
	12
	10
	18
	11
	46
	12
	42
	13
	8
	14
	47
	15
	27


	0
	48
	1
	16
	2
	25
	3
	36
	4
	22
	5
	15
	6
	17
	7
	41
	8
	23
	9
	6
	10
	26
	11
	11
	12
	11
	13
	39
	14
	35
	15
	10


	0
	23
	1
	34
	2
	31
	3
	26
	4
	48
	5
	5
	6
	39
	7
	15
	8
	16
	9
	14
	10
	46
	11
	49
	12
	30
	13
	45
	14
	31
	15
	20


	0
	31
	1
	13
	2
	31
	3
	33
	4
	46
	5
	20
	6
	11
	7
	38
	8
	34
	9
	30
	10
	33
	11
	40
	12
	45
	13
	37
	14
	49
	15
	35


	0
	47
	1
	24
	2
	17
	3
	18
	4
	15
	5
	33
	6
	16
	7
	36
	8
	35
	9
	11
	10
	11
	11
	30
	12
	21
	13
	32
	14
	36
	15
	32


	0
	41
	1
	24
	2
	14
	3
	34
	4
	35
	5
	26
	6
	24
	7
	26
	8
	18
	9
	49
	10
	33
	11
	22
	12
	24
	13
	33
	14
	40
	15
	30


	0
	19
	1
	39
	2
	23
	3
	18
	4
	21
	5
	40
	6
	34
	7
	47
	8
	19
	9
	47
	10
	40
	11
	31
	12
	39
	13
	10
	14
	42
	15
	30


	0
	39
	1
	41
	2
	10
	3
	40
	4
	19
	5
	17
	6
	40
	7
	12
	8
	42
	9
	8
	10
	27
	11
	20
	12
	46
	13
	7
	14
	12
	15
	18


	0
	33
	1
	31
	2
	33
	3
	42
	4
	29
	5
	34
	6
	16
	7
	28
	8
	34
	9
	21
	10
	24
	11
	7
	12
	20
	13
	26
	14
	29
	15
	28


	0
	27
	1
	31
	2
	11
	3
	11
	4
	9
	5
	25
	6
	24
	7
	36
	8
	31
	9
	32
	10
	33
	11
	10
	12
	33
	13
	11
	14
	5
	15
	38


	0
	45
	1
	29
	2
	39
	3
	30
	4
	13
	5
	48
	6
	29
	7
	29
	8
	11
	9
	45
	10
	39
	11
	43
	12
	42
	13
	9
	14
	45
	15
	10


	0
	30
	1
	9
	2
	30
	3
	37
	4
	30
	5
	49
	6
	41
	7
	32
	8
	25
	9
	28
	10
	38
	11
	26
	12
	43
	13
	47
	14
	22
	15
	43


	0
	17
	1
	24
	2
	39
	3
	36
	4
	42
	5
	40
	6
	8
	7
	18
	8
	21
	9
	47
	10
	49
	11
	44
	12
	20
	13
	36
	14
	34
	15
	28


	0
	10
	1
	19
	2
	28
	3
	7
	4
	35
	5
	18
	6
	31
	7
	23
	8
	12
	9
	33
	10
	24
	11
	27
	12
	14
	13
	19
	14
	23
	15
	6


	0
	48
	1
	23
	2
	45
	3
	45
	4
	27
	5
	13
	6
	48
	7
	20
	8
	10
	9
	20
	10
	44
	11
	32
	12
	29
	13
	41
	14
	46
	15
	40


	0
	19
	1
	44
	2
	46
	3
	14
	4
	44
	5
	13
	6
	12
	7
	23
	8
	27
	9
	7
	10
	38
	11
	13
	12
	5
	13
	32
	14
	20
	15
	8


	0
	13
	1
	32
	2
	38
	3
	12
	4
	23
	5
	22
	6
	33
	7
	22
	8
	45
	9
	5
	10
	11
	11
	45
	12
	31
	13
	45
	14
	39
	15
	33


	0
	16
	1
	17
	2
	21
	3
	27
	4
	42
	5
	44
	6
	15
	7
	21
	8
	29
	9
	16
	10
	27
	11
	15
	12
	39
	13
	5
	14
	33
	15
	33


	0
	30
	1
	44
	2
	44
	3
	40
	4
	12
	5
	19
	6
	17
	7
	31
	8
	36
	9
	18
	10
	20
	11
	10
	12
	6
	13
	13
	14
	22
	15
	30


	0
	16
	1
	34
	2
	23
	3
	40
	4
	43
	5
	37
	6
	49
	7
	42
	8
	27
	9
	43
	10
	31
	11
	24
	12
	21
	13
	24
	14
	14
	15
	36


	0
	27
	1
	44
	2
	37
	3
	48
	4
	15
	5
	45
	6
	39
	7
	9
	8
	20
	9
	33
	10
	36
	11
	45
	12
	15
	13
	15
	14
	43
	15
	29


	0
	39
	1
	6
	2
	9
	3
	23
	4
	37
	5
	12
	6
	43
	7
	20
	8
	12
	9
	29
	10
	28
	11
	27
	12
	29
	13
	44
	14
	11
	15
	8


	0
	19
	1
	46
	2
	11
	3
	31
	4
	36
	5
	14
	6
	11
	7
	25
	8
	42
	9
	8
	10
	14
	11
	15
	12
	17
	13
	5
	14
	49
	15
	43


	0
	37
	1
	7
	2
	18
	3
	34
	4
	18
	5
	27
	6
	37
	7
	8
	8
	39
	9
	46
	10
	35
	11
	14
	12
	45
	13
	40
	14
	33
	15
	34


	0
	5
	1
	43
	2
	11
	3
	19
	4
	31
	5
	27
	6
	32
	7
	23
	8
	20
	9
	49
	10
	30
	11
	10
	12
	18
	13
	15
	14
	41
	15
	7


	0
	17
	1
	16
	2
	37
	3
	44
	4
	27
	5
	28
	6
	12
	7
	39
	8
	49
	9
	43
	10
	13
	11
	19
	12
	37
	13
	12
	14
	8
	15
	42

