60
16
3

	0
	11
	1
	36
	2
	30
	3
	25
	4
	14
	5
	30
	6
	22
	7
	6
	8
	21
	9
	21
	10
	23
	11
	30
	12
	47
	13
	5
	14
	20
	15
	6


	0
	15
	1
	20
	2
	39
	3
	43
	4
	25
	5
	42
	6
	9
	7
	41
	8
	33
	9
	24
	10
	49
	11
	23
	12
	35
	13
	47
	14
	33
	15
	18


	0
	15
	1
	30
	2
	36
	3
	43
	4
	42
	5
	16
	6
	23
	7
	24
	8
	31
	9
	6
	10
	33
	11
	30
	12
	9
	13
	31
	14
	41
	15
	7


	0
	40
	1
	21
	2
	37
	3
	29
	4
	19
	5
	8
	6
	21
	7
	29
	8
	18
	9
	36
	10
	9
	11
	34
	12
	9
	13
	7
	14
	27
	15
	30


	0
	25
	1
	40
	2
	5
	3
	32
	4
	21
	5
	27
	6
	36
	7
	24
	8
	17
	9
	21
	10
	24
	11
	45
	12
	7
	13
	28
	14
	38
	15
	35


	0
	19
	1
	31
	2
	11
	3
	9
	4
	34
	5
	19
	6
	33
	7
	8
	8
	10
	9
	19
	10
	23
	11
	28
	12
	44
	13
	32
	14
	29
	15
	10


	0
	18
	1
	13
	2
	7
	3
	34
	4
	22
	5
	32
	6
	10
	7
	38
	8
	23
	9
	20
	10
	40
	11
	21
	12
	40
	13
	13
	14
	13
	15
	21


	0
	17
	1
	18
	2
	15
	3
	42
	4
	41
	5
	26
	6
	16
	7
	47
	8
	42
	9
	5
	10
	38
	11
	36
	12
	46
	13
	49
	14
	30
	15
	27


	0
	38
	1
	36
	2
	40
	3
	23
	4
	48
	5
	20
	6
	26
	7
	23
	8
	30
	9
	13
	10
	44
	11
	36
	12
	35
	13
	32
	14
	47
	15
	40


	0
	43
	1
	40
	2
	48
	3
	27
	4
	41
	5
	9
	6
	15
	7
	15
	8
	12
	9
	46
	10
	6
	11
	38
	12
	46
	13
	41
	14
	47
	15
	10


	0
	43
	1
	40
	2
	45
	3
	10
	4
	9
	5
	28
	6
	23
	7
	33
	8
	14
	9
	31
	10
	10
	11
	8
	12
	18
	13
	43
	14
	27
	15
	6


	0
	35
	1
	43
	2
	41
	3
	43
	4
	21
	5
	12
	6
	40
	7
	35
	8
	24
	9
	25
	10
	48
	11
	47
	12
	41
	13
	20
	14
	12
	15
	47


	0
	29
	1
	46
	2
	43
	3
	30
	4
	22
	5
	17
	6
	44
	7
	7
	8
	25
	9
	7
	10
	11
	11
	43
	12
	37
	13
	28
	14
	38
	15
	14


	0
	18
	1
	26
	2
	15
	3
	37
	4
	14
	5
	30
	6
	13
	7
	49
	8
	21
	9
	17
	10
	37
	11
	23
	12
	34
	13
	26
	14
	15
	15
	41


	0
	44
	1
	45
	2
	8
	3
	32
	4
	29
	5
	18
	6
	11
	7
	24
	8
	15
	9
	48
	10
	14
	11
	33
	12
	39
	13
	31
	14
	43
	15
	31


	0
	26
	1
	41
	2
	29
	3
	41
	4
	41
	5
	40
	6
	9
	7
	43
	8
	12
	9
	11
	10
	27
	11
	28
	12
	24
	13
	7
	14
	45
	15
	18


	0
	27
	1
	44
	2
	29
	3
	17
	4
	22
	5
	5
	6
	48
	7
	27
	8
	20
	9
	7
	10
	16
	11
	29
	12
	14
	13
	37
	14
	20
	15
	18


	0
	47
	1
	26
	2
	18
	3
	13
	4
	40
	5
	16
	6
	9
	7
	7
	8
	48
	9
	20
	10
	9
	11
	13
	12
	19
	13
	26
	14
	43
	15
	49


	0
	22
	1
	12
	2
	42
	3
	30
	4
	6
	5
	25
	6
	31
	7
	11
	8
	46
	9
	27
	10
	49
	11
	16
	12
	23
	13
	24
	14
	34
	15
	6


	0
	33
	1
	41
	2
	25
	3
	12
	4
	17
	5
	29
	6
	44
	7
	36
	8
	22
	9
	14
	10
	12
	11
	27
	12
	41
	13
	7
	14
	18
	15
	37


	0
	42
	1
	24
	2
	42
	3
	23
	4
	13
	5
	30
	6
	22
	7
	12
	8
	19
	9
	22
	10
	33
	11
	27
	12
	22
	13
	19
	14
	11
	15
	18


	0
	6
	1
	10
	2
	21
	3
	23
	4
	40
	5
	6
	6
	17
	7
	20
	8
	14
	9
	29
	10
	49
	11
	19
	12
	49
	13
	37
	14
	13
	15
	18


	0
	38
	1
	12
	2
	33
	3
	20
	4
	20
	5
	45
	6
	15
	7
	8
	8
	22
	9
	24
	10
	36
	11
	38
	12
	5
	13
	39
	14
	30
	15
	7


	0
	42
	1
	16
	2
	47
	3
	27
	4
	38
	5
	46
	6
	9
	7
	28
	8
	26
	9
	40
	10
	36
	11
	28
	12
	21
	13
	10
	14
	30
	15
	30


	0
	49
	1
	6
	2
	8
	3
	11
	4
	39
	5
	17
	6
	49
	7
	23
	8
	44
	9
	12
	10
	8
	11
	46
	12
	45
	13
	46
	14
	29
	15
	23


	0
	44
	1
	6
	2
	23
	3
	42
	4
	49
	5
	39
	6
	12
	7
	15
	8
	30
	9
	33
	10
	44
	11
	36
	12
	30
	13
	44
	14
	36
	15
	31


	0
	5
	1
	36
	2
	15
	3
	39
	4
	9
	5
	29
	6
	14
	7
	30
	8
	6
	9
	36
	10
	24
	11
	46
	12
	33
	13
	35
	14
	42
	15
	17


	0
	7
	1
	49
	2
	8
	3
	15
	4
	19
	5
	9
	6
	47
	7
	30
	8
	33
	9
	6
	10
	23
	11
	41
	12
	43
	13
	12
	14
	8
	15
	37


	0
	6
	1
	20
	2
	23
	3
	13
	4
	16
	5
	35
	6
	12
	7
	9
	8
	11
	9
	24
	10
	14
	11
	28
	12
	13
	13
	34
	14
	12
	15
	42


	0
	47
	1
	10
	2
	33
	3
	39
	4
	35
	5
	28
	6
	7
	7
	48
	8
	5
	9
	42
	10
	30
	11
	15
	12
	16
	13
	45
	14
	40
	15
	34


	0
	38
	1
	11
	2
	10
	3
	49
	4
	38
	5
	25
	6
	28
	7
	39
	8
	12
	9
	31
	10
	39
	11
	48
	12
	30
	13
	17
	14
	38
	15
	24


	0
	39
	1
	24
	2
	7
	3
	48
	4
	6
	5
	38
	6
	44
	7
	47
	8
	16
	9
	44
	10
	21
	11
	20
	12
	22
	13
	47
	14
	31
	15
	43


	0
	32
	1
	40
	2
	12
	3
	46
	4
	27
	5
	10
	6
	14
	7
	30
	8
	33
	9
	17
	10
	44
	11
	26
	12
	17
	13
	19
	14
	19
	15
	12


	0
	9
	1
	32
	2
	19
	3
	12
	4
	29
	5
	33
	6
	37
	7
	37
	8
	7
	9
	26
	10
	36
	11
	47
	12
	41
	13
	31
	14
	44
	15
	47


	0
	11
	1
	19
	2
	13
	3
	33
	4
	39
	5
	49
	6
	46
	7
	6
	8
	6
	9
	15
	10
	9
	11
	46
	12
	35
	13
	8
	14
	7
	15
	25


	0
	19
	1
	15
	2
	8
	3
	12
	4
	47
	5
	42
	6
	18
	7
	7
	8
	36
	9
	33
	10
	6
	11
	13
	12
	46
	13
	22
	14
	17
	15
	5


	0
	23
	1
	23
	2
	11
	3
	34
	4
	42
	5
	49
	6
	34
	7
	15
	8
	24
	9
	45
	10
	16
	11
	44
	12
	44
	13
	35
	14
	19
	15
	44


	0
	14
	1
	24
	2
	31
	3
	5
	4
	9
	5
	37
	6
	10
	7
	39
	8
	7
	9
	14
	10
	38
	11
	47
	12
	33
	13
	46
	14
	22
	15
	28


	0
	33
	1
	32
	2
	48
	3
	16
	4
	36
	5
	31
	6
	24
	7
	26
	8
	46
	9
	28
	10
	31
	11
	36
	12
	47
	13
	44
	14
	8
	15
	38


	0
	7
	1
	11
	2
	16
	3
	12
	4
	9
	5
	7
	6
	39
	7
	15
	8
	5
	9
	16
	10
	49
	11
	49
	12
	36
	13
	17
	14
	28
	15
	29


	0
	23
	1
	26
	2
	36
	3
	12
	4
	7
	5
	24
	6
	44
	7
	16
	8
	9
	9
	15
	10
	31
	11
	30
	12
	28
	13
	35
	14
	43
	15
	8


	0
	49
	1
	6
	2
	35
	3
	9
	4
	44
	5
	46
	6
	15
	7
	17
	8
	11
	9
	30
	10
	36
	11
	9
	12
	33
	13
	38
	14
	40
	15
	48


	0
	21
	1
	43
	2
	18
	3
	16
	4
	8
	5
	32
	6
	41
	7
	19
	8
	15
	9
	41
	10
	21
	11
	14
	12
	30
	13
	44
	14
	7
	15
	24


	0
	36
	1
	34
	2
	38
	3
	34
	4
	31
	5
	39
	6
	13
	7
	18
	8
	36
	9
	45
	10
	14
	11
	10
	12
	37
	13
	28
	14
	44
	15
	17


	0
	19
	1
	34
	2
	11
	3
	38
	4
	28
	5
	49
	6
	13
	7
	45
	8
	36
	9
	35
	10
	16
	11
	24
	12
	39
	13
	9
	14
	5
	15
	16


	0
	16
	1
	8
	2
	35
	3
	38
	4
	28
	5
	34
	6
	41
	7
	37
	8
	34
	9
	30
	10
	45
	11
	19
	12
	42
	13
	39
	14
	31
	15
	12


	0
	40
	1
	23
	2
	30
	3
	6
	4
	33
	5
	20
	6
	17
	7
	42
	8
	9
	9
	48
	10
	25
	11
	30
	12
	34
	13
	43
	14
	33
	15
	45


	0
	28
	1
	21
	2
	34
	3
	49
	4
	8
	5
	46
	6
	43
	7
	40
	8
	42
	9
	34
	10
	7
	11
	25
	12
	43
	13
	7
	14
	39
	15
	10


	0
	48
	1
	29
	2
	25
	3
	11
	4
	36
	5
	5
	6
	27
	7
	10
	8
	31
	9
	48
	10
	46
	11
	34
	12
	49
	13
	47
	14
	28
	15
	20


	0
	38
	1
	7
	2
	36
	3
	29
	4
	24
	5
	17
	6
	49
	7
	45
	8
	46
	9
	13
	10
	24
	11
	41
	12
	12
	13
	7
	14
	47
	15
	27


	0
	38
	1
	9
	2
	42
	3
	22
	4
	44
	5
	18
	6
	30
	7
	22
	8
	10
	9
	19
	10
	29
	11
	33
	12
	48
	13
	27
	14
	14
	15
	8


	0
	46
	1
	45
	2
	26
	3
	33
	4
	20
	5
	22
	6
	25
	7
	45
	8
	9
	9
	37
	10
	23
	11
	41
	12
	16
	13
	41
	14
	26
	15
	30


	0
	6
	1
	42
	2
	48
	3
	19
	4
	25
	5
	44
	6
	22
	7
	28
	8
	6
	9
	26
	10
	21
	11
	11
	12
	8
	13
	45
	14
	32
	15
	43


	0
	26
	1
	42
	2
	11
	3
	6
	4
	23
	5
	12
	6
	21
	7
	25
	8
	18
	9
	33
	10
	27
	11
	20
	12
	6
	13
	20
	14
	22
	15
	7


	0
	18
	1
	27
	2
	14
	3
	25
	4
	49
	5
	30
	6
	28
	7
	46
	8
	15
	9
	39
	10
	8
	11
	30
	12
	38
	13
	40
	14
	46
	15
	37


	0
	47
	1
	44
	2
	49
	3
	12
	4
	37
	5
	11
	6
	40
	7
	40
	8
	23
	9
	49
	10
	39
	11
	13
	12
	49
	13
	22
	14
	26
	15
	27


	0
	27
	1
	11
	2
	35
	3
	15
	4
	7
	5
	46
	6
	11
	7
	17
	8
	23
	9
	19
	10
	15
	11
	46
	12
	6
	13
	5
	14
	35
	15
	36


	0
	12
	1
	35
	2
	48
	3
	23
	4
	34
	5
	44
	6
	17
	7
	20
	8
	46
	9
	6
	10
	14
	11
	45
	12
	49
	13
	26
	14
	22
	15
	23


	0
	49
	1
	7
	2
	49
	3
	45
	4
	6
	5
	44
	6
	9
	7
	42
	8
	42
	9
	33
	10
	39
	11
	5
	12
	8
	13
	21
	14
	29
	15
	24


	0
	6
	1
	40
	2
	36
	3
	6
	4
	42
	5
	37
	6
	6
	7
	42
	8
	8
	9
	49
	10
	49
	11
	43
	12
	15
	13
	44
	14
	16
	15
	30

