60
16
4

	0
	19
	1
	25
	2
	28
	3
	21
	4
	24
	5
	38
	6
	45
	7
	32
	8
	6
	9
	24
	10
	30
	11
	10
	12
	7
	13
	40
	14
	16
	15
	8


	0
	32
	1
	7
	2
	42
	3
	37
	4
	8
	5
	40
	6
	12
	7
	39
	8
	19
	9
	48
	10
	13
	11
	17
	12
	29
	13
	8
	14
	29
	15
	40


	0
	37
	1
	25
	2
	49
	3
	46
	4
	17
	5
	16
	6
	33
	7
	24
	8
	43
	9
	6
	10
	5
	11
	20
	12
	49
	13
	21
	14
	40
	15
	26


	0
	9
	1
	48
	2
	9
	3
	39
	4
	34
	5
	13
	6
	26
	7
	24
	8
	14
	9
	13
	10
	32
	11
	38
	12
	8
	13
	7
	14
	25
	15
	46


	0
	28
	1
	36
	2
	35
	3
	21
	4
	46
	5
	22
	6
	10
	7
	18
	8
	26
	9
	22
	10
	28
	11
	7
	12
	27
	13
	13
	14
	24
	15
	39


	0
	44
	1
	26
	2
	29
	3
	48
	4
	20
	5
	42
	6
	7
	7
	37
	8
	22
	9
	28
	10
	35
	11
	23
	12
	35
	13
	48
	14
	40
	15
	23


	0
	37
	1
	14
	2
	10
	3
	38
	4
	14
	5
	31
	6
	10
	7
	11
	8
	12
	9
	9
	10
	32
	11
	22
	12
	37
	13
	49
	14
	42
	15
	43


	0
	33
	1
	27
	2
	29
	3
	27
	4
	38
	5
	41
	6
	18
	7
	11
	8
	9
	9
	13
	10
	36
	11
	5
	12
	21
	13
	41
	14
	47
	15
	6


	0
	16
	1
	29
	2
	8
	3
	6
	4
	8
	5
	27
	6
	32
	7
	13
	8
	18
	9
	31
	10
	12
	11
	47
	12
	13
	13
	34
	14
	10
	15
	5


	0
	8
	1
	44
	2
	27
	3
	19
	4
	38
	5
	37
	6
	9
	7
	42
	8
	19
	9
	6
	10
	10
	11
	14
	12
	18
	13
	30
	14
	5
	15
	5


	0
	13
	1
	31
	2
	28
	3
	45
	4
	47
	5
	8
	6
	5
	7
	17
	8
	34
	9
	27
	10
	5
	11
	44
	12
	22
	13
	8
	14
	6
	15
	31


	0
	24
	1
	35
	2
	46
	3
	43
	4
	34
	5
	29
	6
	29
	7
	43
	8
	7
	9
	40
	10
	49
	11
	5
	12
	13
	13
	49
	14
	26
	15
	42


	0
	12
	1
	39
	2
	44
	3
	46
	4
	38
	5
	37
	6
	32
	7
	15
	8
	6
	9
	26
	10
	20
	11
	31
	12
	16
	13
	34
	14
	20
	15
	30


	0
	10
	1
	34
	2
	21
	3
	17
	4
	13
	5
	12
	6
	11
	7
	24
	8
	33
	9
	42
	10
	16
	11
	36
	12
	34
	13
	38
	14
	17
	15
	35


	0
	40
	1
	39
	2
	33
	3
	5
	4
	32
	5
	18
	6
	9
	7
	35
	8
	38
	9
	24
	10
	40
	11
	35
	12
	43
	13
	19
	14
	31
	15
	32


	0
	32
	1
	14
	2
	24
	3
	47
	4
	24
	5
	45
	6
	17
	7
	31
	8
	23
	9
	13
	10
	18
	11
	33
	12
	46
	13
	7
	14
	22
	15
	33


	0
	10
	1
	36
	2
	15
	3
	21
	4
	8
	5
	9
	6
	47
	7
	43
	8
	39
	9
	8
	10
	42
	11
	46
	12
	34
	13
	33
	14
	36
	15
	10


	0
	35
	1
	30
	2
	42
	3
	25
	4
	49
	5
	13
	6
	8
	7
	41
	8
	19
	9
	46
	10
	33
	11
	39
	12
	49
	13
	31
	14
	13
	15
	40


	0
	17
	1
	48
	2
	14
	3
	17
	4
	49
	5
	28
	6
	38
	7
	41
	8
	21
	9
	19
	10
	38
	11
	36
	12
	25
	13
	36
	14
	5
	15
	27


	0
	36
	1
	42
	2
	19
	3
	25
	4
	11
	5
	14
	6
	15
	7
	27
	8
	24
	9
	25
	10
	11
	11
	44
	12
	25
	13
	16
	14
	10
	15
	27


	0
	38
	1
	11
	2
	27
	3
	37
	4
	7
	5
	10
	6
	17
	7
	15
	8
	7
	9
	19
	10
	17
	11
	45
	12
	29
	13
	8
	14
	37
	15
	23


	0
	33
	1
	22
	2
	14
	3
	11
	4
	35
	5
	20
	6
	37
	7
	9
	8
	7
	9
	18
	10
	42
	11
	26
	12
	6
	13
	39
	14
	6
	15
	17


	0
	28
	1
	48
	2
	37
	3
	25
	4
	29
	5
	7
	6
	21
	7
	37
	8
	9
	9
	38
	10
	13
	11
	43
	12
	43
	13
	7
	14
	34
	15
	43


	0
	24
	1
	43
	2
	47
	3
	37
	4
	41
	5
	34
	6
	35
	7
	10
	8
	24
	9
	31
	10
	22
	11
	40
	12
	45
	13
	6
	14
	12
	15
	8


	0
	17
	1
	31
	2
	33
	3
	44
	4
	43
	5
	14
	6
	5
	7
	30
	8
	47
	9
	24
	10
	8
	11
	42
	12
	6
	13
	44
	14
	35
	15
	17


	0
	41
	1
	27
	2
	38
	3
	42
	4
	45
	5
	15
	6
	12
	7
	24
	8
	33
	9
	21
	10
	38
	11
	38
	12
	49
	13
	15
	14
	27
	15
	43


	0
	16
	1
	21
	2
	18
	3
	10
	4
	43
	5
	14
	6
	11
	7
	43
	8
	17
	9
	20
	10
	11
	11
	16
	12
	13
	13
	20
	14
	44
	15
	39


	0
	45
	1
	7
	2
	6
	3
	17
	4
	20
	5
	45
	6
	13
	7
	25
	8
	34
	9
	6
	10
	22
	11
	12
	12
	13
	13
	48
	14
	47
	15
	10


	0
	5
	1
	41
	2
	48
	3
	6
	4
	18
	5
	34
	6
	32
	7
	15
	8
	34
	9
	27
	10
	16
	11
	20
	12
	8
	13
	43
	14
	9
	15
	19


	0
	48
	1
	27
	2
	29
	3
	10
	4
	15
	5
	40
	6
	16
	7
	19
	8
	46
	9
	6
	10
	46
	11
	31
	12
	48
	13
	32
	14
	38
	15
	8


	0
	19
	1
	41
	2
	13
	3
	20
	4
	23
	5
	27
	6
	5
	7
	15
	8
	45
	9
	45
	10
	18
	11
	39
	12
	43
	13
	16
	14
	23
	15
	41


	0
	43
	1
	8
	2
	11
	3
	31
	4
	11
	5
	9
	6
	41
	7
	45
	8
	33
	9
	25
	10
	11
	11
	8
	12
	25
	13
	41
	14
	33
	15
	15


	0
	49
	1
	19
	2
	26
	3
	36
	4
	37
	5
	43
	6
	25
	7
	18
	8
	49
	9
	37
	10
	22
	11
	29
	12
	33
	13
	9
	14
	17
	15
	21


	0
	7
	1
	9
	2
	5
	3
	28
	4
	10
	5
	26
	6
	7
	7
	43
	8
	46
	9
	22
	10
	9
	11
	47
	12
	42
	13
	7
	14
	26
	15
	6


	0
	27
	1
	41
	2
	22
	3
	6
	4
	41
	5
	13
	6
	41
	7
	19
	8
	27
	9
	26
	10
	9
	11
	37
	12
	25
	13
	38
	14
	23
	15
	30


	0
	41
	1
	27
	2
	12
	3
	15
	4
	46
	5
	39
	6
	36
	7
	37
	8
	22
	9
	16
	10
	6
	11
	36
	12
	39
	13
	28
	14
	48
	15
	13


	0
	5
	1
	38
	2
	28
	3
	15
	4
	38
	5
	10
	6
	6
	7
	7
	8
	29
	9
	14
	10
	12
	11
	22
	12
	43
	13
	17
	14
	29
	15
	12


	0
	27
	1
	46
	2
	47
	3
	18
	4
	47
	5
	40
	6
	14
	7
	23
	8
	39
	9
	29
	10
	43
	11
	43
	12
	43
	13
	23
	14
	42
	15
	10


	0
	32
	1
	7
	2
	9
	3
	24
	4
	35
	5
	34
	6
	26
	7
	12
	8
	25
	9
	24
	10
	16
	11
	31
	12
	23
	13
	28
	14
	23
	15
	41


	0
	46
	1
	41
	2
	33
	3
	34
	4
	7
	5
	8
	6
	19
	7
	42
	8
	18
	9
	27
	10
	8
	11
	44
	12
	10
	13
	5
	14
	11
	15
	41


	0
	48
	1
	38
	2
	23
	3
	28
	4
	9
	5
	36
	6
	21
	7
	40
	8
	12
	9
	42
	10
	48
	11
	5
	12
	43
	13
	17
	14
	36
	15
	14


	0
	25
	1
	27
	2
	36
	3
	18
	4
	36
	5
	48
	6
	49
	7
	44
	8
	11
	9
	37
	10
	45
	11
	23
	12
	44
	13
	22
	14
	11
	15
	14


	0
	23
	1
	8
	2
	28
	3
	45
	4
	18
	5
	10
	6
	44
	7
	6
	8
	46
	9
	41
	10
	31
	11
	37
	12
	26
	13
	36
	14
	31
	15
	33


	0
	35
	1
	40
	2
	17
	3
	23
	4
	9
	5
	27
	6
	6
	7
	44
	8
	40
	9
	14
	10
	33
	11
	26
	12
	38
	13
	14
	14
	38
	15
	40


	0
	19
	1
	38
	2
	39
	3
	39
	4
	5
	5
	15
	6
	28
	7
	33
	8
	5
	9
	6
	10
	5
	11
	14
	12
	31
	13
	46
	14
	47
	15
	33


	0
	35
	1
	26
	2
	25
	3
	31
	4
	23
	5
	28
	6
	7
	7
	40
	8
	6
	9
	7
	10
	48
	11
	25
	12
	5
	13
	44
	14
	17
	15
	9


	0
	38
	1
	28
	2
	45
	3
	23
	4
	33
	5
	12
	6
	9
	7
	10
	8
	8
	9
	31
	10
	32
	11
	49
	12
	36
	13
	49
	14
	43
	15
	16


	0
	6
	1
	45
	2
	34
	3
	40
	4
	33
	5
	24
	6
	28
	7
	37
	8
	48
	9
	31
	10
	28
	11
	35
	12
	16
	13
	44
	14
	10
	15
	49


	0
	10
	1
	24
	2
	17
	3
	18
	4
	7
	5
	47
	6
	24
	7
	42
	8
	12
	9
	34
	10
	18
	11
	46
	12
	5
	13
	11
	14
	28
	15
	44


	0
	39
	1
	21
	2
	23
	3
	43
	4
	9
	5
	37
	6
	18
	7
	15
	8
	40
	9
	24
	10
	40
	11
	47
	12
	26
	13
	40
	14
	15
	15
	25


	0
	13
	1
	11
	2
	20
	3
	48
	4
	46
	5
	15
	6
	41
	7
	45
	8
	25
	9
	42
	10
	18
	11
	26
	12
	23
	13
	10
	14
	13
	15
	40


	0
	43
	1
	45
	2
	33
	3
	21
	4
	13
	5
	11
	6
	36
	7
	43
	8
	18
	9
	30
	10
	27
	11
	18
	12
	8
	13
	40
	14
	34
	15
	47


	0
	12
	1
	32
	2
	47
	3
	5
	4
	13
	5
	11
	6
	43
	7
	46
	8
	13
	9
	49
	10
	8
	11
	25
	12
	25
	13
	45
	14
	11
	15
	38


	0
	27
	1
	48
	2
	29
	3
	37
	4
	47
	5
	44
	6
	45
	7
	31
	8
	44
	9
	19
	10
	39
	11
	6
	12
	5
	13
	48
	14
	42
	15
	44


	0
	48
	1
	13
	2
	11
	3
	14
	4
	35
	5
	17
	6
	11
	7
	23
	8
	16
	9
	44
	10
	42
	11
	46
	12
	24
	13
	13
	14
	10
	15
	34


	0
	39
	1
	17
	2
	32
	3
	38
	4
	19
	5
	5
	6
	26
	7
	20
	8
	46
	9
	26
	10
	5
	11
	24
	12
	14
	13
	43
	14
	45
	15
	26


	0
	12
	1
	39
	2
	8
	3
	8
	4
	24
	5
	24
	6
	46
	7
	30
	8
	19
	9
	8
	10
	45
	11
	23
	12
	35
	13
	40
	14
	16
	15
	8


	0
	7
	1
	41
	2
	22
	3
	19
	4
	40
	5
	15
	6
	31
	7
	45
	8
	20
	9
	23
	10
	39
	11
	28
	12
	41
	13
	21
	14
	10
	15
	15


	0
	25
	1
	32
	2
	16
	3
	34
	4
	33
	5
	48
	6
	8
	7
	38
	8
	33
	9
	41
	10
	14
	11
	24
	12
	47
	13
	47
	14
	13
	15
	47


	0
	31
	1
	40
	2
	35
	3
	12
	4
	39
	5
	27
	6
	48
	7
	34
	8
	8
	9
	24
	10
	48
	11
	6
	12
	35
	13
	5
	14
	9
	15
	11

