60
16
4

	0
	29
	1
	7
	2
	22
	3
	20
	4
	15
	5
	22
	6
	33
	7
	46
	8
	13
	9
	18
	10
	20
	11
	11
	12
	24
	13
	36
	14
	48
	15
	6


	0
	43
	1
	35
	2
	16
	3
	45
	4
	47
	5
	10
	6
	38
	7
	9
	8
	12
	9
	43
	10
	22
	11
	25
	12
	32
	13
	27
	14
	27
	15
	21


	0
	12
	1
	17
	2
	30
	3
	12
	4
	26
	5
	36
	6
	5
	7
	20
	8
	35
	9
	32
	10
	34
	11
	12
	12
	19
	13
	25
	14
	33
	15
	28


	0
	8
	1
	23
	2
	34
	3
	10
	4
	48
	5
	11
	6
	30
	7
	42
	8
	46
	9
	11
	10
	45
	11
	35
	12
	8
	13
	7
	14
	21
	15
	7


	0
	37
	1
	15
	2
	36
	3
	8
	4
	15
	5
	28
	6
	17
	7
	37
	8
	49
	9
	16
	10
	38
	11
	42
	12
	10
	13
	21
	14
	47
	15
	37


	0
	48
	1
	42
	2
	27
	3
	7
	4
	9
	5
	23
	6
	33
	7
	44
	8
	21
	9
	28
	10
	40
	11
	39
	12
	7
	13
	22
	14
	24
	15
	44


	0
	23
	1
	30
	2
	12
	3
	16
	4
	12
	5
	29
	6
	11
	7
	6
	8
	10
	9
	39
	10
	39
	11
	47
	12
	37
	13
	25
	14
	35
	15
	39


	0
	11
	1
	7
	2
	33
	3
	6
	4
	39
	5
	27
	6
	38
	7
	32
	8
	10
	9
	40
	10
	10
	11
	24
	12
	18
	13
	27
	14
	23
	15
	33


	0
	41
	1
	42
	2
	5
	3
	39
	4
	13
	5
	7
	6
	32
	7
	12
	8
	27
	9
	43
	10
	32
	11
	19
	12
	35
	13
	13
	14
	41
	15
	47


	0
	36
	1
	33
	2
	9
	3
	28
	4
	41
	5
	31
	6
	38
	7
	19
	8
	38
	9
	17
	10
	29
	11
	25
	12
	31
	13
	34
	14
	44
	15
	22


	0
	42
	1
	40
	2
	46
	3
	9
	4
	18
	5
	26
	6
	44
	7
	28
	8
	42
	9
	33
	10
	47
	11
	40
	12
	25
	13
	18
	14
	22
	15
	33


	0
	27
	1
	14
	2
	32
	3
	36
	4
	6
	5
	10
	6
	36
	7
	49
	8
	25
	9
	18
	10
	46
	11
	40
	12
	6
	13
	5
	14
	49
	15
	37


	0
	7
	1
	19
	2
	32
	3
	46
	4
	23
	5
	32
	6
	24
	7
	26
	8
	11
	9
	19
	10
	15
	11
	19
	12
	14
	13
	23
	14
	5
	15
	29


	0
	10
	1
	40
	2
	18
	3
	6
	4
	13
	5
	16
	6
	47
	7
	6
	8
	28
	9
	28
	10
	20
	11
	33
	12
	23
	13
	44
	14
	12
	15
	48


	0
	12
	1
	10
	2
	14
	3
	9
	4
	35
	5
	49
	6
	9
	7
	48
	8
	19
	9
	19
	10
	40
	11
	41
	12
	36
	13
	47
	14
	15
	15
	34


	0
	40
	1
	15
	2
	27
	3
	27
	4
	23
	5
	10
	6
	22
	7
	40
	8
	28
	9
	40
	10
	5
	11
	29
	12
	39
	13
	39
	14
	36
	15
	8


	0
	9
	1
	20
	2
	37
	3
	46
	4
	22
	5
	18
	6
	33
	7
	41
	8
	9
	9
	30
	10
	30
	11
	42
	12
	35
	13
	43
	14
	46
	15
	17


	0
	45
	1
	31
	2
	6
	3
	49
	4
	46
	5
	30
	6
	17
	7
	42
	8
	11
	9
	15
	10
	41
	11
	11
	12
	34
	13
	9
	14
	33
	15
	12


	0
	8
	1
	22
	2
	9
	3
	44
	4
	32
	5
	31
	6
	37
	7
	29
	8
	48
	9
	40
	10
	12
	11
	44
	12
	19
	13
	8
	14
	24
	15
	42


	0
	6
	1
	5
	2
	35
	3
	45
	4
	30
	5
	8
	6
	19
	7
	38
	8
	35
	9
	14
	10
	14
	11
	39
	12
	8
	13
	17
	14
	45
	15
	26


	0
	33
	1
	31
	2
	32
	3
	17
	4
	49
	5
	36
	6
	22
	7
	31
	8
	41
	9
	40
	10
	14
	11
	47
	12
	6
	13
	17
	14
	11
	15
	42


	0
	37
	1
	45
	2
	36
	3
	46
	4
	36
	5
	48
	6
	32
	7
	20
	8
	49
	9
	31
	10
	31
	11
	9
	12
	10
	13
	15
	14
	41
	15
	37


	0
	28
	1
	49
	2
	36
	3
	38
	4
	41
	5
	21
	6
	31
	7
	38
	8
	36
	9
	25
	10
	39
	11
	11
	12
	23
	13
	35
	14
	34
	15
	27


	0
	35
	1
	9
	2
	22
	3
	26
	4
	47
	5
	15
	6
	41
	7
	42
	8
	47
	9
	44
	10
	9
	11
	16
	12
	40
	13
	36
	14
	48
	15
	36


	0
	33
	1
	32
	2
	18
	3
	36
	4
	26
	5
	47
	6
	14
	7
	40
	8
	26
	9
	9
	10
	43
	11
	35
	12
	24
	13
	25
	14
	43
	15
	47


	0
	34
	1
	20
	2
	25
	3
	6
	4
	7
	5
	39
	6
	42
	7
	23
	8
	12
	9
	31
	10
	20
	11
	37
	12
	11
	13
	10
	14
	5
	15
	30


	0
	11
	1
	37
	2
	10
	3
	13
	4
	41
	5
	44
	6
	33
	7
	29
	8
	12
	9
	11
	10
	7
	11
	17
	12
	15
	13
	22
	14
	11
	15
	33


	0
	36
	1
	49
	2
	33
	3
	42
	4
	5
	5
	5
	6
	38
	7
	15
	8
	44
	9
	47
	10
	10
	11
	25
	12
	37
	13
	30
	14
	25
	15
	22


	0
	41
	1
	11
	2
	45
	3
	21
	4
	30
	5
	33
	6
	24
	7
	6
	8
	19
	9
	29
	10
	7
	11
	38
	12
	49
	13
	20
	14
	35
	15
	17


	0
	20
	1
	25
	2
	18
	3
	15
	4
	25
	5
	22
	6
	40
	7
	32
	8
	8
	9
	32
	10
	44
	11
	30
	12
	29
	13
	21
	14
	46
	15
	6


	0
	7
	1
	19
	2
	43
	3
	37
	4
	12
	5
	12
	6
	8
	7
	17
	8
	32
	9
	16
	10
	44
	11
	31
	12
	29
	13
	22
	14
	21
	15
	10


	0
	41
	1
	25
	2
	27
	3
	6
	4
	24
	5
	44
	6
	36
	7
	10
	8
	28
	9
	11
	10
	21
	11
	40
	12
	19
	13
	7
	14
	23
	15
	23


	0
	49
	1
	31
	2
	41
	3
	5
	4
	37
	5
	7
	6
	31
	7
	9
	8
	38
	9
	14
	10
	26
	11
	27
	12
	26
	13
	38
	14
	48
	15
	40


	0
	20
	1
	36
	2
	23
	3
	38
	4
	18
	5
	13
	6
	28
	7
	49
	8
	49
	9
	25
	10
	33
	11
	42
	12
	25
	13
	11
	14
	36
	15
	17


	0
	38
	1
	8
	2
	40
	3
	48
	4
	22
	5
	49
	6
	26
	7
	10
	8
	10
	9
	31
	10
	38
	11
	39
	12
	22
	13
	21
	14
	45
	15
	24


	0
	47
	1
	40
	2
	29
	3
	8
	4
	41
	5
	49
	6
	8
	7
	8
	8
	23
	9
	6
	10
	18
	11
	36
	12
	21
	13
	43
	14
	37
	15
	17


	0
	43
	1
	34
	2
	10
	3
	48
	4
	33
	5
	24
	6
	43
	7
	31
	8
	5
	9
	26
	10
	8
	11
	43
	12
	14
	13
	39
	14
	13
	15
	10


	0
	6
	1
	47
	2
	12
	3
	9
	4
	21
	5
	29
	6
	38
	7
	49
	8
	9
	9
	19
	10
	27
	11
	25
	12
	6
	13
	14
	14
	36
	15
	48


	0
	48
	1
	37
	2
	9
	3
	17
	4
	5
	5
	32
	6
	43
	7
	22
	8
	12
	9
	14
	10
	33
	11
	47
	12
	9
	13
	15
	14
	44
	15
	16


	0
	41
	1
	46
	2
	34
	3
	10
	4
	26
	5
	43
	6
	27
	7
	5
	8
	39
	9
	27
	10
	26
	11
	47
	12
	10
	13
	47
	14
	31
	15
	44


	0
	22
	1
	45
	2
	43
	3
	39
	4
	30
	5
	16
	6
	16
	7
	27
	8
	16
	9
	9
	10
	11
	11
	26
	12
	20
	13
	5
	14
	35
	15
	43


	0
	31
	1
	33
	2
	37
	3
	36
	4
	8
	5
	34
	6
	41
	7
	22
	8
	44
	9
	20
	10
	44
	11
	26
	12
	8
	13
	23
	14
	38
	15
	28


	0
	47
	1
	46
	2
	12
	3
	10
	4
	22
	5
	12
	6
	20
	7
	23
	8
	48
	9
	33
	10
	37
	11
	13
	12
	19
	13
	45
	14
	45
	15
	30


	0
	11
	1
	20
	2
	5
	3
	43
	4
	15
	5
	34
	6
	49
	7
	13
	8
	38
	9
	37
	10
	38
	11
	25
	12
	20
	13
	6
	14
	22
	15
	43


	0
	18
	1
	44
	2
	18
	3
	47
	4
	16
	5
	39
	6
	18
	7
	15
	8
	11
	9
	26
	10
	32
	11
	40
	12
	32
	13
	24
	14
	44
	15
	42


	0
	13
	1
	27
	2
	46
	3
	14
	4
	8
	5
	10
	6
	17
	7
	6
	8
	29
	9
	38
	10
	42
	11
	41
	12
	40
	13
	35
	14
	44
	15
	49


	0
	7
	1
	22
	2
	42
	3
	13
	4
	24
	5
	19
	6
	23
	7
	12
	8
	42
	9
	31
	10
	13
	11
	24
	12
	31
	13
	47
	14
	24
	15
	8


	0
	6
	1
	42
	2
	36
	3
	25
	4
	22
	5
	44
	6
	19
	7
	8
	8
	39
	9
	40
	10
	33
	11
	21
	12
	19
	13
	47
	14
	37
	15
	10


	0
	15
	1
	20
	2
	35
	3
	44
	4
	17
	5
	24
	6
	20
	7
	47
	8
	34
	9
	20
	10
	11
	11
	24
	12
	6
	13
	34
	14
	20
	15
	5


	0
	31
	1
	47
	2
	16
	3
	47
	4
	44
	5
	7
	6
	12
	7
	37
	8
	21
	9
	26
	10
	38
	11
	26
	12
	15
	13
	36
	14
	29
	15
	41


	0
	11
	1
	23
	2
	36
	3
	30
	4
	25
	5
	15
	6
	28
	7
	13
	8
	13
	9
	22
	10
	21
	11
	29
	12
	31
	13
	31
	14
	44
	15
	16


	0
	44
	1
	35
	2
	17
	3
	38
	4
	29
	5
	6
	6
	37
	7
	37
	8
	12
	9
	37
	10
	48
	11
	30
	12
	42
	13
	37
	14
	44
	15
	20


	0
	15
	1
	5
	2
	8
	3
	8
	4
	6
	5
	26
	6
	6
	7
	44
	8
	23
	9
	16
	10
	20
	11
	27
	12
	6
	13
	48
	14
	11
	15
	34


	0
	22
	1
	45
	2
	47
	3
	28
	4
	49
	5
	46
	6
	21
	7
	37
	8
	29
	9
	32
	10
	20
	11
	24
	12
	18
	13
	22
	14
	26
	15
	13


	0
	12
	1
	46
	2
	28
	3
	12
	4
	15
	5
	12
	6
	12
	7
	24
	8
	11
	9
	10
	10
	7
	11
	35
	12
	23
	13
	25
	14
	21
	15
	11


	0
	37
	1
	33
	2
	24
	3
	10
	4
	22
	5
	9
	6
	41
	7
	16
	8
	14
	9
	39
	10
	19
	11
	7
	12
	18
	13
	12
	14
	11
	15
	7


	0
	9
	1
	16
	2
	36
	3
	8
	4
	10
	5
	30
	6
	25
	7
	13
	8
	16
	9
	12
	10
	34
	11
	5
	12
	16
	13
	49
	14
	12
	15
	38


	0
	37
	1
	32
	2
	47
	3
	23
	4
	47
	5
	14
	6
	44
	7
	23
	8
	37
	9
	24
	10
	22
	11
	42
	12
	16
	13
	39
	14
	32
	15
	21


	0
	47
	1
	13
	2
	39
	3
	15
	4
	44
	5
	43
	6
	25
	7
	15
	8
	9
	9
	45
	10
	48
	11
	35
	12
	11
	13
	30
	14
	43
	15
	21


	0
	21
	1
	21
	2
	38
	3
	43
	4
	21
	5
	40
	6
	31
	7
	9
	8
	14
	9
	46
	10
	18
	11
	44
	12
	29
	13
	12
	14
	13
	15
	16

