60
16
5

	0
	22
	1
	24
	2
	31
	3
	6
	4
	15
	5
	46
	6
	46
	7
	49
	8
	28
	9
	18
	10
	49
	11
	41
	12
	33
	13
	11
	14
	10
	15
	44


	0
	46
	1
	46
	2
	17
	3
	30
	4
	35
	5
	32
	6
	40
	7
	5
	8
	32
	9
	44
	10
	39
	11
	14
	12
	34
	13
	19
	14
	40
	15
	17


	0
	31
	1
	43
	2
	36
	3
	7
	4
	32
	5
	14
	6
	15
	7
	13
	8
	37
	9
	41
	10
	9
	11
	21
	12
	36
	13
	33
	14
	41
	15
	46


	0
	17
	1
	46
	2
	19
	3
	13
	4
	27
	5
	20
	6
	15
	7
	24
	8
	48
	9
	15
	10
	40
	11
	44
	12
	20
	13
	14
	14
	12
	15
	14


	0
	31
	1
	14
	2
	17
	3
	11
	4
	36
	5
	47
	6
	36
	7
	5
	8
	18
	9
	42
	10
	6
	11
	23
	12
	32
	13
	9
	14
	34
	15
	8


	0
	6
	1
	24
	2
	22
	3
	43
	4
	19
	5
	38
	6
	13
	7
	28
	8
	7
	9
	29
	10
	34
	11
	35
	12
	12
	13
	20
	14
	33
	15
	31


	0
	49
	1
	10
	2
	37
	3
	24
	4
	18
	5
	9
	6
	43
	7
	34
	8
	23
	9
	21
	10
	41
	11
	21
	12
	25
	13
	44
	14
	22
	15
	40


	0
	19
	1
	23
	2
	37
	3
	9
	4
	21
	5
	33
	6
	34
	7
	32
	8
	36
	9
	6
	10
	26
	11
	16
	12
	46
	13
	19
	14
	46
	15
	41


	0
	49
	1
	5
	2
	39
	3
	47
	4
	16
	5
	46
	6
	10
	7
	43
	8
	28
	9
	39
	10
	34
	11
	17
	12
	42
	13
	42
	14
	6
	15
	9


	0
	31
	1
	25
	2
	12
	3
	9
	4
	37
	5
	11
	6
	40
	7
	46
	8
	27
	9
	17
	10
	15
	11
	17
	12
	5
	13
	37
	14
	41
	15
	15


	0
	21
	1
	42
	2
	16
	3
	15
	4
	37
	5
	29
	6
	46
	7
	7
	8
	13
	9
	28
	10
	17
	11
	49
	12
	42
	13
	12
	14
	34
	15
	28


	0
	19
	1
	12
	2
	26
	3
	9
	4
	11
	5
	26
	6
	30
	7
	22
	8
	34
	9
	29
	10
	26
	11
	34
	12
	47
	13
	47
	14
	26
	15
	43


	0
	46
	1
	29
	2
	48
	3
	38
	4
	24
	5
	8
	6
	39
	7
	31
	8
	33
	9
	17
	10
	41
	11
	20
	12
	5
	13
	8
	14
	37
	15
	26


	0
	21
	1
	35
	2
	49
	3
	47
	4
	10
	5
	9
	6
	34
	7
	27
	8
	10
	9
	24
	10
	19
	11
	44
	12
	28
	13
	37
	14
	43
	15
	39


	0
	11
	1
	38
	2
	42
	3
	34
	4
	31
	5
	49
	6
	28
	7
	28
	8
	31
	9
	17
	10
	39
	11
	21
	12
	49
	13
	25
	14
	46
	15
	24


	0
	48
	1
	38
	2
	45
	3
	10
	4
	49
	5
	14
	6
	47
	7
	45
	8
	44
	9
	37
	10
	13
	11
	16
	12
	26
	13
	6
	14
	46
	15
	23


	0
	21
	1
	29
	2
	16
	3
	48
	4
	35
	5
	37
	6
	9
	7
	29
	8
	41
	9
	27
	10
	11
	11
	22
	12
	19
	13
	6
	14
	7
	15
	10


	0
	11
	1
	21
	2
	5
	3
	43
	4
	10
	5
	17
	6
	16
	7
	30
	8
	23
	9
	42
	10
	31
	11
	21
	12
	27
	13
	8
	14
	7
	15
	10


	0
	27
	1
	17
	2
	27
	3
	25
	4
	24
	5
	33
	6
	28
	7
	14
	8
	33
	9
	41
	10
	21
	11
	22
	12
	31
	13
	33
	14
	32
	15
	22


	0
	7
	1
	42
	2
	48
	3
	16
	4
	7
	5
	13
	6
	48
	7
	22
	8
	44
	9
	45
	10
	15
	11
	40
	12
	36
	13
	19
	14
	38
	15
	10


	0
	14
	1
	38
	2
	30
	3
	16
	4
	28
	5
	25
	6
	29
	7
	49
	8
	12
	9
	31
	10
	7
	11
	45
	12
	43
	13
	7
	14
	42
	15
	36


	0
	46
	1
	24
	2
	16
	3
	11
	4
	21
	5
	46
	6
	6
	7
	16
	8
	28
	9
	35
	10
	34
	11
	13
	12
	48
	13
	34
	14
	49
	15
	5


	0
	5
	1
	14
	2
	23
	3
	43
	4
	33
	5
	44
	6
	41
	7
	33
	8
	34
	9
	6
	10
	26
	11
	12
	12
	10
	13
	33
	14
	21
	15
	14


	0
	24
	1
	11
	2
	10
	3
	7
	4
	18
	5
	36
	6
	17
	7
	11
	8
	45
	9
	49
	10
	36
	11
	14
	12
	17
	13
	38
	14
	29
	15
	29


	0
	9
	1
	21
	2
	10
	3
	5
	4
	32
	5
	22
	6
	21
	7
	7
	8
	22
	9
	28
	10
	30
	11
	19
	12
	41
	13
	27
	14
	45
	15
	41


	0
	22
	1
	25
	2
	6
	3
	23
	4
	13
	5
	13
	6
	26
	7
	37
	8
	32
	9
	10
	10
	12
	11
	42
	12
	12
	13
	12
	14
	46
	15
	12


	0
	28
	1
	5
	2
	33
	3
	34
	4
	36
	5
	10
	6
	26
	7
	40
	8
	5
	9
	24
	10
	43
	11
	22
	12
	17
	13
	20
	14
	15
	15
	30


	0
	44
	1
	6
	2
	6
	3
	20
	4
	35
	5
	11
	6
	46
	7
	22
	8
	9
	9
	21
	10
	36
	11
	40
	12
	39
	13
	7
	14
	27
	15
	36


	0
	45
	1
	18
	2
	21
	3
	45
	4
	25
	5
	9
	6
	19
	7
	49
	8
	31
	9
	26
	10
	9
	11
	47
	12
	45
	13
	47
	14
	14
	15
	25


	0
	23
	1
	5
	2
	30
	3
	20
	4
	17
	5
	36
	6
	42
	7
	15
	8
	14
	9
	21
	10
	39
	11
	23
	12
	49
	13
	36
	14
	23
	15
	11


	0
	40
	1
	21
	2
	28
	3
	49
	4
	28
	5
	41
	6
	5
	7
	49
	8
	7
	9
	45
	10
	17
	11
	22
	12
	21
	13
	27
	14
	44
	15
	11


	0
	16
	1
	15
	2
	26
	3
	11
	4
	29
	5
	48
	6
	41
	7
	24
	8
	46
	9
	38
	10
	19
	11
	25
	12
	44
	13
	22
	14
	12
	15
	10


	0
	23
	1
	46
	2
	11
	3
	49
	4
	35
	5
	37
	6
	20
	7
	11
	8
	45
	9
	31
	10
	25
	11
	37
	12
	18
	13
	12
	14
	47
	15
	14


	0
	28
	1
	28
	2
	41
	3
	6
	4
	20
	5
	39
	6
	38
	7
	12
	8
	33
	9
	13
	10
	17
	11
	11
	12
	28
	13
	38
	14
	38
	15
	7


	0
	35
	1
	48
	2
	9
	3
	36
	4
	17
	5
	8
	6
	36
	7
	22
	8
	42
	9
	24
	10
	18
	11
	42
	12
	17
	13
	5
	14
	37
	15
	38


	0
	13
	1
	23
	2
	9
	3
	10
	4
	25
	5
	21
	6
	6
	7
	20
	8
	27
	9
	34
	10
	7
	11
	48
	12
	29
	13
	18
	14
	9
	15
	33


	0
	20
	1
	11
	2
	38
	3
	17
	4
	34
	5
	43
	6
	22
	7
	38
	8
	49
	9
	6
	10
	16
	11
	32
	12
	9
	13
	18
	14
	21
	15
	46


	0
	45
	1
	45
	2
	5
	3
	19
	4
	35
	5
	25
	6
	26
	7
	31
	8
	43
	9
	49
	10
	14
	11
	39
	12
	48
	13
	32
	14
	27
	15
	15


	0
	46
	1
	12
	2
	30
	3
	47
	4
	36
	5
	31
	6
	23
	7
	19
	8
	48
	9
	24
	10
	27
	11
	6
	12
	47
	13
	33
	14
	7
	15
	8


	0
	36
	1
	49
	2
	28
	3
	41
	4
	11
	5
	49
	6
	12
	7
	23
	8
	16
	9
	5
	10
	32
	11
	25
	12
	15
	13
	37
	14
	28
	15
	49


	0
	36
	1
	21
	2
	22
	3
	41
	4
	11
	5
	32
	6
	29
	7
	39
	8
	42
	9
	37
	10
	49
	11
	23
	12
	27
	13
	11
	14
	13
	15
	12


	0
	46
	1
	30
	2
	25
	3
	25
	4
	6
	5
	34
	6
	36
	7
	43
	8
	30
	9
	45
	10
	18
	11
	26
	12
	8
	13
	46
	14
	47
	15
	26


	0
	21
	1
	48
	2
	12
	3
	28
	4
	17
	5
	19
	6
	7
	7
	40
	8
	37
	9
	36
	10
	33
	11
	35
	12
	39
	13
	23
	14
	17
	15
	48


	0
	22
	1
	48
	2
	31
	3
	43
	4
	42
	5
	44
	6
	16
	7
	43
	8
	29
	9
	42
	10
	33
	11
	49
	12
	37
	13
	31
	14
	48
	15
	40


	0
	49
	1
	18
	2
	12
	3
	24
	4
	29
	5
	30
	6
	22
	7
	41
	8
	36
	9
	46
	10
	37
	11
	23
	12
	14
	13
	25
	14
	36
	15
	41


	0
	40
	1
	15
	2
	13
	3
	47
	4
	34
	5
	14
	6
	18
	7
	7
	8
	39
	9
	41
	10
	17
	11
	7
	12
	8
	13
	26
	14
	25
	15
	41


	0
	48
	1
	31
	2
	5
	3
	33
	4
	24
	5
	8
	6
	26
	7
	25
	8
	6
	9
	26
	10
	26
	11
	8
	12
	29
	13
	11
	14
	7
	15
	46


	0
	18
	1
	30
	2
	29
	3
	18
	4
	23
	5
	26
	6
	25
	7
	5
	8
	30
	9
	21
	10
	44
	11
	22
	12
	8
	13
	35
	14
	34
	15
	49


	0
	21
	1
	27
	2
	17
	3
	14
	4
	17
	5
	6
	6
	6
	7
	43
	8
	11
	9
	35
	10
	41
	11
	30
	12
	23
	13
	5
	14
	15
	15
	23


	0
	6
	1
	20
	2
	20
	3
	23
	4
	19
	5
	35
	6
	17
	7
	30
	8
	46
	9
	5
	10
	37
	11
	26
	12
	7
	13
	18
	14
	43
	15
	34


	0
	13
	1
	33
	2
	14
	3
	43
	4
	49
	5
	44
	6
	33
	7
	18
	8
	34
	9
	47
	10
	31
	11
	39
	12
	18
	13
	35
	14
	33
	15
	46


	0
	44
	1
	25
	2
	30
	3
	47
	4
	16
	5
	20
	6
	24
	7
	44
	8
	36
	9
	40
	10
	47
	11
	28
	12
	26
	13
	45
	14
	16
	15
	7


	0
	13
	1
	36
	2
	5
	3
	11
	4
	16
	5
	16
	6
	24
	7
	12
	8
	22
	9
	7
	10
	12
	11
	34
	12
	21
	13
	39
	14
	23
	15
	41


	0
	26
	1
	40
	2
	20
	3
	12
	4
	35
	5
	34
	6
	37
	7
	32
	8
	16
	9
	29
	10
	20
	11
	37
	12
	6
	13
	17
	14
	49
	15
	44


	0
	48
	1
	7
	2
	8
	3
	47
	4
	20
	5
	11
	6
	28
	7
	26
	8
	29
	9
	18
	10
	38
	11
	14
	12
	20
	13
	40
	14
	26
	15
	27


	0
	18
	1
	23
	2
	46
	3
	20
	4
	46
	5
	31
	6
	11
	7
	49
	8
	13
	9
	5
	10
	32
	11
	37
	12
	32
	13
	13
	14
	8
	15
	43


	0
	33
	1
	18
	2
	23
	3
	17
	4
	37
	5
	36
	6
	26
	7
	7
	8
	35
	9
	19
	10
	9
	11
	34
	12
	38
	13
	37
	14
	32
	15
	48


	0
	6
	1
	43
	2
	10
	3
	41
	4
	7
	5
	8
	6
	18
	7
	23
	8
	6
	9
	30
	10
	36
	11
	11
	12
	47
	13
	10
	14
	36
	15
	17


	0
	11
	1
	19
	2
	35
	3
	48
	4
	12
	5
	15
	6
	45
	7
	20
	8
	10
	9
	14
	10
	25
	11
	9
	12
	21
	13
	20
	14
	49
	15
	34


	0
	6
	1
	45
	2
	41
	3
	40
	4
	41
	5
	32
	6
	33
	7
	29
	8
	11
	9
	15
	10
	20
	11
	44
	12
	49
	13
	18
	14
	22
	15
	16

