60
4
4

	0
	10
	1
	48
	2
	19
	3
	44


	0
	32
	1
	28
	2
	17
	3
	39


	0
	14
	1
	35
	2
	42
	3
	39


	0
	27
	1
	17
	2
	48
	3
	48


	0
	34
	1
	22
	2
	44
	3
	40


	0
	28
	1
	13
	2
	39
	3
	17


	0
	48
	1
	21
	2
	46
	3
	26


	0
	36
	1
	45
	2
	8
	3
	26


	0
	27
	1
	43
	2
	27
	3
	14


	0
	48
	1
	34
	2
	33
	3
	47


	0
	17
	1
	45
	2
	48
	3
	10


	0
	25
	1
	42
	2
	8
	3
	24


	0
	37
	1
	25
	2
	27
	3
	6


	0
	10
	1
	36
	2
	20
	3
	40


	0
	36
	1
	8
	2
	31
	3
	12


	0
	49
	1
	22
	2
	32
	3
	33


	0
	39
	1
	20
	2
	11
	3
	26


	0
	33
	1
	45
	2
	13
	3
	42


	0
	25
	1
	7
	2
	7
	3
	39


	0
	30
	1
	24
	2
	32
	3
	8


	0
	5
	1
	27
	2
	23
	3
	26


	0
	24
	1
	20
	2
	17
	3
	15


	0
	19
	1
	11
	2
	30
	3
	6


	0
	32
	1
	15
	2
	30
	3
	26


	0
	44
	1
	45
	2
	45
	3
	31


	0
	18
	1
	19
	2
	28
	3
	49


	0
	44
	1
	29
	2
	27
	3
	30


	0
	6
	1
	23
	2
	44
	3
	10


	0
	13
	1
	36
	2
	16
	3
	40


	0
	34
	1
	16
	2
	49
	3
	45


	0
	47
	1
	45
	2
	17
	3
	32


	0
	25
	1
	6
	2
	21
	3
	26


	0
	25
	1
	35
	2
	15
	3
	23


	0
	31
	1
	37
	2
	21
	3
	26


	0
	24
	1
	6
	2
	42
	3
	37


	0
	12
	1
	42
	2
	7
	3
	28


	0
	31
	1
	11
	2
	17
	3
	46


	0
	39
	1
	10
	2
	10
	3
	45


	0
	27
	1
	38
	2
	5
	3
	19


	0
	20
	1
	21
	2
	42
	3
	11


	0
	33
	1
	5
	2
	9
	3
	34


	0
	8
	1
	28
	2
	30
	3
	17


	0
	14
	1
	17
	2
	13
	3
	44


	0
	23
	1
	11
	2
	37
	3
	43


	0
	31
	1
	28
	2
	25
	3
	49


	0
	19
	1
	13
	2
	44
	3
	40


	0
	40
	1
	36
	2
	26
	3
	10


	0
	7
	1
	10
	2
	42
	3
	13


	0
	38
	1
	12
	2
	39
	3
	28


	0
	22
	1
	20
	2
	8
	3
	44


	0
	33
	1
	30
	2
	16
	3
	34


	0
	23
	1
	9
	2
	21
	3
	14


	0
	15
	1
	32
	2
	29
	3
	30


	0
	14
	1
	43
	2
	14
	3
	17


	0
	10
	1
	19
	2
	23
	3
	14


	0
	47
	1
	12
	2
	25
	3
	19


	0
	28
	1
	41
	2
	26
	3
	49


	0
	44
	1
	39
	2
	12
	3
	6


	0
	48
	1
	7
	2
	34
	3
	19


	0
	14
	1
	45
	2
	31
	3
	10

