60
16
3

	0
	33
	1
	35
	2
	32
	3
	13
	4
	23
	5
	46
	6
	38
	7
	42
	8
	26
	9
	6
	10
	37
	11
	7
	12
	38
	13
	41
	14
	49
	15
	26


	0
	43
	1
	18
	2
	25
	3
	24
	4
	32
	5
	34
	6
	23
	7
	17
	8
	7
	9
	28
	10
	38
	11
	35
	12
	5
	13
	12
	14
	30
	15
	13


	0
	11
	1
	29
	2
	12
	3
	16
	4
	24
	5
	5
	6
	23
	7
	29
	8
	33
	9
	29
	10
	38
	11
	35
	12
	12
	13
	41
	14
	30
	15
	21


	0
	6
	1
	18
	2
	13
	3
	22
	4
	18
	5
	43
	6
	33
	7
	18
	8
	33
	9
	41
	10
	35
	11
	5
	12
	25
	13
	5
	14
	41
	15
	10


	0
	38
	1
	39
	2
	25
	3
	16
	4
	24
	5
	9
	6
	17
	7
	8
	8
	41
	9
	6
	10
	12
	11
	13
	12
	26
	13
	10
	14
	31
	15
	7


	0
	10
	1
	35
	2
	44
	3
	40
	4
	10
	5
	28
	6
	39
	7
	23
	8
	6
	9
	32
	10
	37
	11
	13
	12
	36
	13
	16
	14
	46
	15
	21


	0
	44
	1
	34
	2
	35
	3
	29
	4
	29
	5
	35
	6
	34
	7
	22
	8
	6
	9
	30
	10
	6
	11
	35
	12
	45
	13
	26
	14
	39
	15
	27


	0
	41
	1
	9
	2
	37
	3
	21
	4
	27
	5
	31
	6
	44
	7
	19
	8
	7
	9
	37
	10
	40
	11
	46
	12
	24
	13
	29
	14
	32
	15
	21


	0
	36
	1
	46
	2
	7
	3
	6
	4
	6
	5
	25
	6
	12
	7
	31
	8
	44
	9
	21
	10
	28
	11
	27
	12
	44
	13
	35
	14
	46
	15
	49


	0
	47
	1
	30
	2
	31
	3
	23
	4
	25
	5
	7
	6
	12
	7
	13
	8
	46
	9
	34
	10
	41
	11
	40
	12
	17
	13
	19
	14
	24
	15
	29


	0
	19
	1
	14
	2
	9
	3
	20
	4
	45
	5
	24
	6
	21
	7
	45
	8
	39
	9
	13
	10
	18
	11
	26
	12
	49
	13
	32
	14
	16
	15
	45


	0
	30
	1
	8
	2
	5
	3
	43
	4
	11
	5
	13
	6
	22
	7
	33
	8
	19
	9
	21
	10
	22
	11
	48
	12
	19
	13
	47
	14
	40
	15
	47


	0
	27
	1
	36
	2
	36
	3
	49
	4
	36
	5
	32
	6
	22
	7
	41
	8
	33
	9
	16
	10
	36
	11
	22
	12
	6
	13
	8
	14
	16
	15
	47


	0
	10
	1
	20
	2
	26
	3
	40
	4
	32
	5
	35
	6
	28
	7
	29
	8
	15
	9
	44
	10
	36
	11
	33
	12
	47
	13
	19
	14
	35
	15
	24


	0
	30
	1
	38
	2
	41
	3
	5
	4
	10
	5
	28
	6
	15
	7
	12
	8
	40
	9
	11
	10
	5
	11
	13
	12
	5
	13
	19
	14
	30
	15
	17


	0
	5
	1
	5
	2
	11
	3
	22
	4
	28
	5
	10
	6
	18
	7
	20
	8
	14
	9
	35
	10
	6
	11
	20
	12
	23
	13
	19
	14
	39
	15
	32


	0
	41
	1
	43
	2
	32
	3
	28
	4
	9
	5
	34
	6
	34
	7
	44
	8
	31
	9
	40
	10
	13
	11
	22
	12
	40
	13
	27
	14
	11
	15
	43


	0
	15
	1
	40
	2
	42
	3
	12
	4
	46
	5
	37
	6
	35
	7
	12
	8
	47
	9
	16
	10
	5
	11
	38
	12
	33
	13
	8
	14
	38
	15
	39


	0
	17
	1
	45
	2
	44
	3
	12
	4
	36
	5
	10
	6
	20
	7
	22
	8
	28
	9
	46
	10
	43
	11
	43
	12
	21
	13
	19
	14
	16
	15
	17


	0
	45
	1
	5
	2
	11
	3
	16
	4
	26
	5
	39
	6
	34
	7
	43
	8
	37
	9
	40
	10
	21
	11
	47
	12
	26
	13
	8
	14
	44
	15
	49


	0
	26
	1
	46
	2
	7
	3
	18
	4
	30
	5
	7
	6
	11
	7
	6
	8
	42
	9
	12
	10
	39
	11
	44
	12
	14
	13
	33
	14
	49
	15
	15


	0
	24
	1
	16
	2
	36
	3
	15
	4
	45
	5
	33
	6
	20
	7
	49
	8
	31
	9
	11
	10
	23
	11
	5
	12
	22
	13
	20
	14
	21
	15
	17


	0
	7
	1
	16
	2
	23
	3
	12
	4
	12
	5
	43
	6
	21
	7
	43
	8
	24
	9
	24
	10
	33
	11
	9
	12
	6
	13
	28
	14
	26
	15
	47


	0
	18
	1
	13
	2
	24
	3
	6
	4
	17
	5
	16
	6
	45
	7
	10
	8
	16
	9
	42
	10
	10
	11
	36
	12
	39
	13
	28
	14
	38
	15
	49


	0
	21
	1
	25
	2
	7
	3
	38
	4
	45
	5
	7
	6
	37
	7
	33
	8
	46
	9
	11
	10
	45
	11
	29
	12
	26
	13
	20
	14
	13
	15
	12


	0
	17
	1
	37
	2
	23
	3
	32
	4
	8
	5
	37
	6
	44
	7
	19
	8
	18
	9
	21
	10
	27
	11
	27
	12
	18
	13
	11
	14
	34
	15
	29


	0
	7
	1
	31
	2
	36
	3
	34
	4
	23
	5
	46
	6
	32
	7
	40
	8
	30
	9
	48
	10
	7
	11
	18
	12
	42
	13
	42
	14
	39
	15
	29


	0
	31
	1
	6
	2
	5
	3
	12
	4
	38
	5
	10
	6
	22
	7
	22
	8
	11
	9
	48
	10
	48
	11
	37
	12
	17
	13
	22
	14
	35
	15
	8


	0
	47
	1
	13
	2
	37
	3
	19
	4
	25
	5
	17
	6
	13
	7
	37
	8
	46
	9
	10
	10
	28
	11
	33
	12
	27
	13
	28
	14
	13
	15
	49


	0
	39
	1
	29
	2
	48
	3
	24
	4
	9
	5
	15
	6
	42
	7
	18
	8
	31
	9
	19
	10
	48
	11
	10
	12
	30
	13
	15
	14
	21
	15
	32


	0
	37
	1
	11
	2
	36
	3
	48
	4
	25
	5
	45
	6
	36
	7
	25
	8
	31
	9
	17
	10
	31
	11
	15
	12
	10
	13
	5
	14
	34
	15
	19


	0
	43
	1
	48
	2
	11
	3
	14
	4
	13
	5
	43
	6
	47
	7
	18
	8
	25
	9
	10
	10
	32
	11
	40
	12
	44
	13
	24
	14
	46
	15
	20


	0
	23
	1
	36
	2
	25
	3
	32
	4
	44
	5
	5
	6
	32
	7
	33
	8
	13
	9
	13
	10
	10
	11
	48
	12
	26
	13
	12
	14
	26
	15
	31


	0
	17
	1
	21
	2
	29
	3
	26
	4
	21
	5
	44
	6
	23
	7
	24
	8
	24
	9
	38
	10
	32
	11
	45
	12
	47
	13
	26
	14
	39
	15
	46


	0
	8
	1
	46
	2
	42
	3
	37
	4
	20
	5
	42
	6
	32
	7
	44
	8
	22
	9
	43
	10
	9
	11
	39
	12
	39
	13
	38
	14
	20
	15
	30


	0
	43
	1
	41
	2
	6
	3
	33
	4
	22
	5
	32
	6
	24
	7
	29
	8
	44
	9
	32
	10
	36
	11
	49
	12
	45
	13
	31
	14
	12
	15
	17


	0
	24
	1
	28
	2
	20
	3
	46
	4
	35
	5
	26
	6
	41
	7
	24
	8
	12
	9
	21
	10
	33
	11
	25
	12
	17
	13
	42
	14
	21
	15
	43


	0
	13
	1
	44
	2
	28
	3
	8
	4
	34
	5
	27
	6
	19
	7
	33
	8
	29
	9
	16
	10
	9
	11
	39
	12
	34
	13
	40
	14
	23
	15
	19


	0
	42
	1
	16
	2
	9
	3
	18
	4
	16
	5
	20
	6
	13
	7
	28
	8
	24
	9
	23
	10
	6
	11
	14
	12
	43
	13
	21
	14
	28
	15
	19


	0
	25
	1
	11
	2
	37
	3
	42
	4
	27
	5
	37
	6
	39
	7
	41
	8
	19
	9
	22
	10
	41
	11
	16
	12
	15
	13
	33
	14
	43
	15
	31


	0
	36
	1
	22
	2
	23
	3
	35
	4
	18
	5
	49
	6
	34
	7
	33
	8
	43
	9
	48
	10
	22
	11
	18
	12
	11
	13
	29
	14
	21
	15
	12


	0
	43
	1
	28
	2
	7
	3
	43
	4
	14
	5
	5
	6
	30
	7
	17
	8
	44
	9
	24
	10
	43
	11
	39
	12
	40
	13
	42
	14
	23
	15
	23


	0
	44
	1
	5
	2
	36
	3
	9
	4
	45
	5
	30
	6
	27
	7
	24
	8
	47
	9
	26
	10
	18
	11
	25
	12
	26
	13
	21
	14
	21
	15
	14


	0
	9
	1
	25
	2
	25
	3
	15
	4
	27
	5
	37
	6
	43
	7
	9
	8
	17
	9
	32
	10
	37
	11
	36
	12
	44
	13
	34
	14
	10
	15
	9


	0
	14
	1
	43
	2
	47
	3
	35
	4
	26
	5
	11
	6
	10
	7
	19
	8
	45
	9
	40
	10
	18
	11
	14
	12
	46
	13
	13
	14
	38
	15
	37


	0
	9
	1
	5
	2
	12
	3
	10
	4
	6
	5
	18
	6
	7
	7
	40
	8
	39
	9
	43
	10
	46
	11
	41
	12
	21
	13
	38
	14
	19
	15
	15


	0
	47
	1
	29
	2
	5
	3
	36
	4
	34
	5
	12
	6
	24
	7
	7
	8
	23
	9
	45
	10
	26
	11
	16
	12
	30
	13
	28
	14
	23
	15
	47


	0
	49
	1
	19
	2
	16
	3
	32
	4
	44
	5
	46
	6
	41
	7
	31
	8
	12
	9
	29
	10
	14
	11
	17
	12
	43
	13
	15
	14
	38
	15
	30


	0
	25
	1
	19
	2
	12
	3
	14
	4
	32
	5
	7
	6
	17
	7
	33
	8
	17
	9
	49
	10
	44
	11
	29
	12
	42
	13
	31
	14
	7
	15
	47


	0
	5
	1
	12
	2
	48
	3
	26
	4
	9
	5
	5
	6
	33
	7
	49
	8
	37
	9
	18
	10
	30
	11
	9
	12
	11
	13
	19
	14
	41
	15
	23


	0
	44
	1
	27
	2
	46
	3
	37
	4
	21
	5
	10
	6
	45
	7
	31
	8
	8
	9
	44
	10
	11
	11
	42
	12
	12
	13
	7
	14
	6
	15
	12


	0
	45
	1
	32
	2
	35
	3
	16
	4
	44
	5
	26
	6
	11
	7
	42
	8
	49
	9
	6
	10
	38
	11
	36
	12
	29
	13
	18
	14
	45
	15
	31


	0
	33
	1
	43
	2
	49
	3
	36
	4
	25
	5
	18
	6
	39
	7
	49
	8
	33
	9
	46
	10
	42
	11
	43
	12
	38
	13
	34
	14
	36
	15
	25


	0
	8
	1
	19
	2
	38
	3
	16
	4
	25
	5
	24
	6
	21
	7
	27
	8
	46
	9
	5
	10
	41
	11
	23
	12
	36
	13
	13
	14
	44
	15
	24


	0
	17
	1
	33
	2
	37
	3
	26
	4
	25
	5
	7
	6
	46
	7
	11
	8
	7
	9
	26
	10
	16
	11
	12
	12
	24
	13
	30
	14
	38
	15
	46


	0
	20
	1
	36
	2
	26
	3
	35
	4
	13
	5
	8
	6
	13
	7
	33
	8
	18
	9
	27
	10
	5
	11
	27
	12
	26
	13
	41
	14
	48
	15
	10


	0
	8
	1
	26
	2
	48
	3
	38
	4
	16
	5
	5
	6
	40
	7
	38
	8
	46
	9
	29
	10
	7
	11
	28
	12
	45
	13
	7
	14
	8
	15
	23


	0
	21
	1
	9
	2
	38
	3
	8
	4
	17
	5
	44
	6
	16
	7
	20
	8
	34
	9
	9
	10
	8
	11
	29
	12
	31
	13
	29
	14
	21
	15
	16


	0
	10
	1
	29
	2
	28
	3
	25
	4
	14
	5
	20
	6
	16
	7
	10
	8
	38
	9
	41
	10
	13
	11
	9
	12
	29
	13
	10
	14
	45
	15
	34


	0
	18
	1
	25
	2
	49
	3
	22
	4
	32
	5
	37
	6
	40
	7
	28
	8
	10
	9
	39
	10
	36
	11
	13
	12
	10
	13
	27
	14
	27
	15
	40

