60
4
2

	0
	32
	1
	43
	2
	10
	3
	8


	0
	36
	1
	11
	2
	28
	3
	24


	0
	33
	1
	28
	2
	38
	3
	30


	0
	27
	1
	43
	2
	14
	3
	11


	0
	31
	1
	21
	2
	30
	3
	17


	0
	33
	1
	42
	2
	46
	3
	45


	0
	42
	1
	35
	2
	39
	3
	47


	0
	37
	1
	8
	2
	10
	3
	5


	0
	15
	1
	22
	2
	11
	3
	23


	0
	38
	1
	18
	2
	34
	3
	39


	0
	22
	1
	9
	2
	46
	3
	37


	0
	35
	1
	32
	2
	26
	3
	34


	0
	12
	1
	37
	2
	12
	3
	9


	0
	6
	1
	43
	2
	47
	3
	7


	0
	41
	1
	16
	2
	27
	3
	8


	0
	29
	1
	21
	2
	33
	3
	9


	0
	40
	1
	13
	2
	19
	3
	5


	0
	18
	1
	9
	2
	43
	3
	38


	0
	7
	1
	11
	2
	10
	3
	17


	0
	49
	1
	18
	2
	26
	3
	25


	0
	18
	1
	10
	2
	28
	3
	30


	0
	11
	1
	31
	2
	49
	3
	19


	0
	7
	1
	27
	2
	44
	3
	31


	0
	14
	1
	13
	2
	37
	3
	20


	0
	21
	1
	14
	2
	19
	3
	44


	0
	24
	1
	26
	2
	44
	3
	26


	0
	15
	1
	44
	2
	36
	3
	39


	0
	8
	1
	26
	2
	33
	3
	9


	0
	19
	1
	28
	2
	47
	3
	31


	0
	13
	1
	12
	2
	23
	3
	14


	0
	19
	1
	19
	2
	39
	3
	39


	0
	44
	1
	6
	2
	38
	3
	21


	0
	49
	1
	7
	2
	45
	3
	24


	0
	48
	1
	42
	2
	49
	3
	42


	0
	10
	1
	30
	2
	42
	3
	24


	0
	16
	1
	24
	2
	27
	3
	36


	0
	48
	1
	43
	2
	22
	3
	16


	0
	33
	1
	36
	2
	38
	3
	49


	0
	24
	1
	13
	2
	36
	3
	41


	0
	42
	1
	49
	2
	44
	3
	26


	0
	11
	1
	27
	2
	30
	3
	12


	0
	27
	1
	30
	2
	19
	3
	34


	0
	27
	1
	12
	2
	22
	3
	8


	0
	20
	1
	5
	2
	47
	3
	8


	0
	24
	1
	31
	2
	40
	3
	46


	0
	47
	1
	35
	2
	42
	3
	37


	0
	27
	1
	25
	2
	34
	3
	17


	0
	47
	1
	7
	2
	49
	3
	48


	0
	17
	1
	42
	2
	28
	3
	46


	0
	14
	1
	39
	2
	5
	3
	47


	0
	27
	1
	9
	2
	24
	3
	35


	0
	13
	1
	6
	2
	42
	3
	31


	0
	22
	1
	13
	2
	29
	3
	39


	0
	29
	1
	35
	2
	18
	3
	12


	0
	9
	1
	41
	2
	38
	3
	25


	0
	46
	1
	27
	2
	49
	3
	6


	0
	20
	1
	36
	2
	22
	3
	38


	0
	18
	1
	7
	2
	12
	3
	19


	0
	34
	1
	48
	2
	15
	3
	33


	0
	22
	1
	15
	2
	37
	3
	5

