60
16
3

	0
	48
	1
	17
	2
	6
	3
	43
	4
	46
	5
	40
	6
	14
	7
	31
	8
	33
	9
	5
	10
	46
	11
	16
	12
	19
	13
	6
	14
	33
	15
	10


	0
	28
	1
	7
	2
	7
	3
	24
	4
	22
	5
	39
	6
	43
	7
	38
	8
	11
	9
	32
	10
	15
	11
	5
	12
	13
	13
	46
	14
	24
	15
	30


	0
	14
	1
	34
	2
	33
	3
	20
	4
	30
	5
	14
	6
	39
	7
	24
	8
	26
	9
	12
	10
	28
	11
	31
	12
	11
	13
	18
	14
	6
	15
	8


	0
	24
	1
	7
	2
	27
	3
	46
	4
	17
	5
	7
	6
	37
	7
	35
	8
	7
	9
	9
	10
	36
	11
	46
	12
	23
	13
	18
	14
	45
	15
	20


	0
	48
	1
	42
	2
	23
	3
	23
	4
	36
	5
	46
	6
	35
	7
	22
	8
	9
	9
	18
	10
	17
	11
	15
	12
	44
	13
	7
	14
	35
	15
	34


	0
	18
	1
	10
	2
	40
	3
	46
	4
	13
	5
	24
	6
	29
	7
	9
	8
	34
	9
	36
	10
	45
	11
	17
	12
	25
	13
	22
	14
	31
	15
	12


	0
	22
	1
	40
	2
	10
	3
	15
	4
	42
	5
	7
	6
	29
	7
	41
	8
	32
	9
	19
	10
	21
	11
	43
	12
	33
	13
	12
	14
	20
	15
	13


	0
	36
	1
	30
	2
	11
	3
	30
	4
	48
	5
	26
	6
	43
	7
	11
	8
	14
	9
	28
	10
	26
	11
	31
	12
	18
	13
	11
	14
	36
	15
	23


	0
	46
	1
	27
	2
	21
	3
	9
	4
	10
	5
	33
	6
	29
	7
	43
	8
	23
	9
	31
	10
	29
	11
	13
	12
	40
	13
	7
	14
	44
	15
	21


	0
	26
	1
	28
	2
	12
	3
	37
	4
	18
	5
	19
	6
	43
	7
	27
	8
	38
	9
	22
	10
	30
	11
	34
	12
	13
	13
	43
	14
	13
	15
	36


	0
	13
	1
	25
	2
	12
	3
	6
	4
	40
	5
	19
	6
	32
	7
	5
	8
	19
	9
	28
	10
	11
	11
	35
	12
	46
	13
	25
	14
	20
	15
	27


	0
	48
	1
	13
	2
	44
	3
	45
	4
	21
	5
	8
	6
	19
	7
	29
	8
	7
	9
	9
	10
	31
	11
	21
	12
	43
	13
	41
	14
	10
	15
	45


	0
	28
	1
	5
	2
	46
	3
	9
	4
	49
	5
	23
	6
	21
	7
	35
	8
	47
	9
	13
	10
	37
	11
	19
	12
	46
	13
	12
	14
	30
	15
	20


	0
	5
	1
	14
	2
	19
	3
	30
	4
	9
	5
	30
	6
	48
	7
	16
	8
	28
	9
	49
	10
	13
	11
	48
	12
	45
	13
	49
	14
	36
	15
	5


	0
	35
	1
	12
	2
	48
	3
	48
	4
	37
	5
	11
	6
	30
	7
	24
	8
	49
	9
	10
	10
	23
	11
	10
	12
	9
	13
	8
	14
	30
	15
	41


	0
	42
	1
	47
	2
	6
	3
	29
	4
	38
	5
	23
	6
	5
	7
	40
	8
	29
	9
	5
	10
	44
	11
	46
	12
	16
	13
	14
	14
	34
	15
	17


	0
	31
	1
	46
	2
	13
	3
	47
	4
	34
	5
	27
	6
	17
	7
	39
	8
	10
	9
	45
	10
	22
	11
	36
	12
	29
	13
	49
	14
	5
	15
	16


	0
	36
	1
	30
	2
	27
	3
	34
	4
	23
	5
	39
	6
	32
	7
	27
	8
	22
	9
	21
	10
	17
	11
	18
	12
	15
	13
	38
	14
	36
	15
	29


	0
	31
	1
	33
	2
	37
	3
	24
	4
	14
	5
	13
	6
	30
	7
	28
	8
	39
	9
	49
	10
	47
	11
	10
	12
	17
	13
	48
	14
	21
	15
	43


	0
	5
	1
	8
	2
	44
	3
	36
	4
	39
	5
	39
	6
	35
	7
	12
	8
	25
	9
	28
	10
	7
	11
	34
	12
	21
	13
	9
	14
	32
	15
	33


	0
	48
	1
	41
	2
	30
	3
	21
	4
	39
	5
	21
	6
	5
	7
	24
	8
	18
	9
	7
	10
	14
	11
	48
	12
	32
	13
	19
	14
	30
	15
	36


	0
	10
	1
	13
	2
	49
	3
	46
	4
	32
	5
	9
	6
	41
	7
	30
	8
	24
	9
	42
	10
	25
	11
	30
	12
	19
	13
	46
	14
	17
	15
	25


	0
	31
	1
	27
	2
	35
	3
	22
	4
	46
	5
	32
	6
	23
	7
	18
	8
	5
	9
	9
	10
	32
	11
	45
	12
	11
	13
	49
	14
	10
	15
	22


	0
	32
	1
	23
	2
	24
	3
	13
	4
	43
	5
	21
	6
	21
	7
	45
	8
	31
	9
	26
	10
	39
	11
	14
	12
	20
	13
	23
	14
	40
	15
	25


	0
	19
	1
	30
	2
	11
	3
	36
	4
	34
	5
	23
	6
	43
	7
	9
	8
	22
	9
	35
	10
	31
	11
	22
	12
	8
	13
	17
	14
	7
	15
	27


	0
	16
	1
	47
	2
	34
	3
	29
	4
	13
	5
	47
	6
	33
	7
	37
	8
	6
	9
	25
	10
	29
	11
	41
	12
	28
	13
	27
	14
	49
	15
	9


	0
	33
	1
	28
	2
	31
	3
	35
	4
	25
	5
	35
	6
	10
	7
	44
	8
	16
	9
	44
	10
	38
	11
	8
	12
	13
	13
	47
	14
	20
	15
	12


	0
	20
	1
	28
	2
	47
	3
	14
	4
	36
	5
	5
	6
	7
	7
	26
	8
	30
	9
	18
	10
	31
	11
	39
	12
	16
	13
	46
	14
	10
	15
	25


	0
	36
	1
	30
	2
	10
	3
	26
	4
	10
	5
	47
	6
	14
	7
	31
	8
	9
	9
	42
	10
	38
	11
	41
	12
	9
	13
	33
	14
	33
	15
	23


	0
	42
	1
	12
	2
	5
	3
	45
	4
	43
	5
	43
	6
	37
	7
	12
	8
	34
	9
	12
	10
	6
	11
	46
	12
	22
	13
	19
	14
	26
	15
	31


	0
	28
	1
	47
	2
	9
	3
	16
	4
	8
	5
	10
	6
	31
	7
	42
	8
	28
	9
	10
	10
	12
	11
	35
	12
	18
	13
	27
	14
	22
	15
	48


	0
	39
	1
	45
	2
	31
	3
	24
	4
	46
	5
	29
	6
	31
	7
	40
	8
	36
	9
	33
	10
	19
	11
	15
	12
	9
	13
	36
	14
	25
	15
	33


	0
	38
	1
	21
	2
	24
	3
	7
	4
	37
	5
	14
	6
	22
	7
	34
	8
	29
	9
	31
	10
	44
	11
	18
	12
	40
	13
	12
	14
	38
	15
	9


	0
	35
	1
	27
	2
	44
	3
	37
	4
	45
	5
	7
	6
	5
	7
	48
	8
	28
	9
	21
	10
	45
	11
	49
	12
	21
	13
	9
	14
	48
	15
	17


	0
	44
	1
	29
	2
	20
	3
	26
	4
	32
	5
	49
	6
	36
	7
	7
	8
	11
	9
	17
	10
	37
	11
	5
	12
	31
	13
	40
	14
	32
	15
	20


	0
	48
	1
	27
	2
	25
	3
	22
	4
	5
	5
	32
	6
	46
	7
	18
	8
	7
	9
	9
	10
	28
	11
	30
	12
	45
	13
	22
	14
	43
	15
	21


	0
	18
	1
	37
	2
	34
	3
	49
	4
	43
	5
	35
	6
	18
	7
	9
	8
	44
	9
	14
	10
	35
	11
	43
	12
	9
	13
	35
	14
	39
	15
	19


	0
	28
	1
	32
	2
	40
	3
	31
	4
	16
	5
	45
	6
	41
	7
	34
	8
	37
	9
	6
	10
	24
	11
	43
	12
	19
	13
	45
	14
	36
	15
	8


	0
	37
	1
	48
	2
	14
	3
	40
	4
	26
	5
	36
	6
	29
	7
	12
	8
	26
	9
	10
	10
	38
	11
	39
	12
	38
	13
	35
	14
	30
	15
	7


	0
	28
	1
	23
	2
	38
	3
	22
	4
	22
	5
	23
	6
	46
	7
	7
	8
	49
	9
	21
	10
	5
	11
	43
	12
	35
	13
	43
	14
	5
	15
	35


	0
	6
	1
	12
	2
	28
	3
	40
	4
	9
	5
	38
	6
	36
	7
	20
	8
	37
	9
	37
	10
	14
	11
	22
	12
	49
	13
	17
	14
	10
	15
	47


	0
	22
	1
	13
	2
	32
	3
	27
	4
	5
	5
	32
	6
	29
	7
	11
	8
	41
	9
	12
	10
	25
	11
	33
	12
	19
	13
	17
	14
	25
	15
	37


	0
	31
	1
	45
	2
	7
	3
	37
	4
	17
	5
	33
	6
	40
	7
	6
	8
	36
	9
	9
	10
	14
	11
	8
	12
	17
	13
	39
	14
	31
	15
	6


	0
	26
	1
	33
	2
	28
	3
	47
	4
	30
	5
	32
	6
	30
	7
	21
	8
	7
	9
	42
	10
	12
	11
	6
	12
	35
	13
	8
	14
	13
	15
	9


	0
	41
	1
	24
	2
	31
	3
	41
	4
	7
	5
	37
	6
	28
	7
	37
	8
	9
	9
	15
	10
	34
	11
	46
	12
	32
	13
	31
	14
	20
	15
	28


	0
	41
	1
	35
	2
	32
	3
	29
	4
	8
	5
	44
	6
	21
	7
	49
	8
	8
	9
	47
	10
	40
	11
	21
	12
	25
	13
	24
	14
	28
	15
	48


	0
	29
	1
	43
	2
	46
	3
	38
	4
	20
	5
	12
	6
	21
	7
	45
	8
	21
	9
	11
	10
	26
	11
	42
	12
	6
	13
	18
	14
	6
	15
	44


	0
	17
	1
	31
	2
	19
	3
	30
	4
	20
	5
	14
	6
	35
	7
	34
	8
	9
	9
	30
	10
	5
	11
	6
	12
	34
	13
	39
	14
	44
	15
	33


	0
	33
	1
	45
	2
	40
	3
	39
	4
	9
	5
	43
	6
	37
	7
	11
	8
	32
	9
	48
	10
	9
	11
	20
	12
	8
	13
	27
	14
	44
	15
	37


	0
	32
	1
	40
	2
	7
	3
	38
	4
	46
	5
	39
	6
	22
	7
	7
	8
	30
	9
	30
	10
	47
	11
	40
	12
	30
	13
	10
	14
	15
	15
	36


	0
	19
	1
	21
	2
	11
	3
	21
	4
	31
	5
	31
	6
	27
	7
	21
	8
	33
	9
	13
	10
	29
	11
	48
	12
	11
	13
	35
	14
	32
	15
	19


	0
	10
	1
	7
	2
	44
	3
	32
	4
	14
	5
	36
	6
	16
	7
	43
	8
	45
	9
	31
	10
	45
	11
	41
	12
	45
	13
	9
	14
	27
	15
	35


	0
	49
	1
	19
	2
	20
	3
	6
	4
	5
	5
	32
	6
	13
	7
	17
	8
	8
	9
	42
	10
	43
	11
	42
	12
	12
	13
	8
	14
	45
	15
	27


	0
	36
	1
	49
	2
	44
	3
	36
	4
	10
	5
	40
	6
	6
	7
	47
	8
	44
	9
	5
	10
	34
	11
	17
	12
	10
	13
	6
	14
	17
	15
	10


	0
	31
	1
	8
	2
	48
	3
	43
	4
	20
	5
	15
	6
	38
	7
	20
	8
	36
	9
	37
	10
	46
	11
	36
	12
	26
	13
	11
	14
	20
	15
	10


	0
	24
	1
	21
	2
	38
	3
	45
	4
	31
	5
	31
	6
	20
	7
	21
	8
	30
	9
	47
	10
	34
	11
	24
	12
	21
	13
	31
	14
	31
	15
	14


	0
	37
	1
	22
	2
	28
	3
	9
	4
	19
	5
	22
	6
	9
	7
	5
	8
	18
	9
	6
	10
	7
	11
	18
	12
	13
	13
	41
	14
	15
	15
	27


	0
	38
	1
	19
	2
	34
	3
	7
	4
	46
	5
	14
	6
	40
	7
	43
	8
	9
	9
	26
	10
	26
	11
	24
	12
	41
	13
	16
	14
	34
	15
	27


	0
	10
	1
	38
	2
	13
	3
	10
	4
	19
	5
	37
	6
	18
	7
	7
	8
	43
	9
	25
	10
	15
	11
	42
	12
	20
	13
	24
	14
	9
	15
	43


	0
	16
	1
	24
	2
	40
	3
	34
	4
	49
	5
	43
	6
	27
	7
	28
	8
	14
	9
	6
	10
	14
	11
	45
	12
	47
	13
	14
	14
	20
	15
	47

