60
16
3

	0
	43
	1
	39
	2
	23
	3
	38
	4
	35
	5
	10
	6
	35
	7
	39
	8
	16
	9
	27
	10
	10
	11
	16
	12
	38
	13
	12
	14
	28
	15
	45


	0
	17
	1
	8
	2
	10
	3
	5
	4
	10
	5
	30
	6
	27
	7
	7
	8
	21
	9
	15
	10
	23
	11
	8
	12
	44
	13
	25
	14
	14
	15
	15


	0
	43
	1
	28
	2
	23
	3
	42
	4
	31
	5
	46
	6
	49
	7
	9
	8
	49
	9
	36
	10
	26
	11
	15
	12
	8
	13
	13
	14
	15
	15
	23


	0
	45
	1
	48
	2
	37
	3
	33
	4
	6
	5
	24
	6
	19
	7
	17
	8
	24
	9
	47
	10
	19
	11
	48
	12
	24
	13
	32
	14
	29
	15
	48


	0
	24
	1
	12
	2
	12
	3
	20
	4
	46
	5
	37
	6
	33
	7
	26
	8
	42
	9
	18
	10
	35
	11
	16
	12
	22
	13
	36
	14
	26
	15
	49


	0
	43
	1
	27
	2
	15
	3
	12
	4
	38
	5
	26
	6
	27
	7
	44
	8
	40
	9
	18
	10
	32
	11
	33
	12
	37
	13
	32
	14
	29
	15
	11


	0
	26
	1
	41
	2
	42
	3
	12
	4
	34
	5
	31
	6
	49
	7
	46
	8
	39
	9
	49
	10
	38
	11
	19
	12
	24
	13
	31
	14
	38
	15
	5


	0
	10
	1
	48
	2
	21
	3
	28
	4
	47
	5
	23
	6
	39
	7
	46
	8
	38
	9
	48
	10
	40
	11
	37
	12
	47
	13
	48
	14
	36
	15
	25


	0
	45
	1
	17
	2
	37
	3
	24
	4
	24
	5
	31
	6
	17
	7
	16
	8
	16
	9
	19
	10
	30
	11
	48
	12
	46
	13
	14
	14
	9
	15
	25


	0
	8
	1
	34
	2
	12
	3
	28
	4
	16
	5
	30
	6
	8
	7
	10
	8
	22
	9
	20
	10
	6
	11
	41
	12
	44
	13
	30
	14
	13
	15
	6


	0
	47
	1
	5
	2
	45
	3
	36
	4
	39
	5
	24
	6
	35
	7
	38
	8
	13
	9
	35
	10
	48
	11
	32
	12
	6
	13
	12
	14
	37
	15
	47


	0
	10
	1
	29
	2
	19
	3
	28
	4
	37
	5
	34
	6
	16
	7
	25
	8
	31
	9
	24
	10
	37
	11
	49
	12
	19
	13
	14
	14
	23
	15
	17


	0
	8
	1
	20
	2
	44
	3
	26
	4
	35
	5
	21
	6
	44
	7
	18
	8
	6
	9
	45
	10
	25
	11
	22
	12
	13
	13
	28
	14
	47
	15
	8


	0
	20
	1
	10
	2
	14
	3
	18
	4
	43
	5
	34
	6
	45
	7
	23
	8
	32
	9
	28
	10
	34
	11
	33
	12
	9
	13
	10
	14
	15
	15
	33


	0
	46
	1
	31
	2
	6
	3
	44
	4
	15
	5
	40
	6
	11
	7
	9
	8
	16
	9
	37
	10
	5
	11
	11
	12
	38
	13
	48
	14
	22
	15
	6


	0
	27
	1
	15
	2
	39
	3
	25
	4
	10
	5
	19
	6
	26
	7
	46
	8
	8
	9
	37
	10
	10
	11
	42
	12
	8
	13
	34
	14
	43
	15
	9


	0
	26
	1
	15
	2
	11
	3
	8
	4
	49
	5
	17
	6
	5
	7
	26
	8
	8
	9
	43
	10
	47
	11
	24
	12
	8
	13
	11
	14
	16
	15
	27


	0
	24
	1
	42
	2
	15
	3
	6
	4
	14
	5
	34
	6
	6
	7
	29
	8
	42
	9
	42
	10
	40
	11
	41
	12
	24
	13
	8
	14
	23
	15
	35


	0
	10
	1
	10
	2
	15
	3
	24
	4
	39
	5
	46
	6
	15
	7
	39
	8
	27
	9
	29
	10
	27
	11
	36
	12
	8
	13
	31
	14
	15
	15
	40


	0
	26
	1
	39
	2
	49
	3
	21
	4
	27
	5
	38
	6
	28
	7
	34
	8
	43
	9
	29
	10
	30
	11
	8
	12
	46
	13
	36
	14
	23
	15
	41


	0
	8
	1
	30
	2
	20
	3
	35
	4
	20
	5
	42
	6
	40
	7
	27
	8
	47
	9
	27
	10
	27
	11
	47
	12
	47
	13
	18
	14
	22
	15
	34


	0
	26
	1
	6
	2
	38
	3
	9
	4
	43
	5
	23
	6
	26
	7
	21
	8
	20
	9
	25
	10
	14
	11
	23
	12
	48
	13
	8
	14
	42
	15
	46


	0
	24
	1
	23
	2
	29
	3
	31
	4
	45
	5
	14
	6
	7
	7
	16
	8
	10
	9
	48
	10
	48
	11
	20
	12
	27
	13
	9
	14
	43
	15
	5


	0
	26
	1
	41
	2
	11
	3
	15
	4
	23
	5
	17
	6
	18
	7
	34
	8
	44
	9
	24
	10
	26
	11
	47
	12
	5
	13
	41
	14
	41
	15
	7


	0
	39
	1
	34
	2
	11
	3
	29
	4
	47
	5
	6
	6
	12
	7
	23
	8
	44
	9
	49
	10
	15
	11
	12
	12
	36
	13
	36
	14
	48
	15
	14


	0
	9
	1
	25
	2
	30
	3
	15
	4
	24
	5
	36
	6
	48
	7
	18
	8
	13
	9
	24
	10
	32
	11
	28
	12
	45
	13
	24
	14
	16
	15
	16


	0
	31
	1
	42
	2
	18
	3
	46
	4
	5
	5
	7
	6
	10
	7
	37
	8
	25
	9
	6
	10
	23
	11
	5
	12
	21
	13
	24
	14
	29
	15
	31


	0
	30
	1
	40
	2
	20
	3
	8
	4
	23
	5
	31
	6
	30
	7
	25
	8
	22
	9
	10
	10
	41
	11
	7
	12
	24
	13
	42
	14
	9
	15
	39


	0
	13
	1
	25
	2
	20
	3
	26
	4
	21
	5
	39
	6
	43
	7
	21
	8
	15
	9
	18
	10
	25
	11
	9
	12
	21
	13
	20
	14
	12
	15
	46


	0
	7
	1
	35
	2
	15
	3
	42
	4
	20
	5
	33
	6
	28
	7
	28
	8
	49
	9
	43
	10
	40
	11
	12
	12
	49
	13
	32
	14
	46
	15
	7


	0
	32
	1
	14
	2
	38
	3
	7
	4
	48
	5
	6
	6
	36
	7
	28
	8
	43
	9
	16
	10
	12
	11
	47
	12
	45
	13
	18
	14
	28
	15
	49


	0
	19
	1
	28
	2
	45
	3
	37
	4
	8
	5
	26
	6
	13
	7
	8
	8
	8
	9
	49
	10
	14
	11
	42
	12
	11
	13
	48
	14
	41
	15
	22


	0
	22
	1
	18
	2
	17
	3
	40
	4
	21
	5
	44
	6
	6
	7
	32
	8
	17
	9
	24
	10
	47
	11
	18
	12
	5
	13
	48
	14
	41
	15
	18


	0
	11
	1
	25
	2
	40
	3
	16
	4
	22
	5
	35
	6
	6
	7
	10
	8
	39
	9
	49
	10
	15
	11
	9
	12
	33
	13
	37
	14
	9
	15
	23


	0
	46
	1
	9
	2
	44
	3
	18
	4
	10
	5
	7
	6
	33
	7
	32
	8
	27
	9
	20
	10
	14
	11
	44
	12
	42
	13
	32
	14
	33
	15
	16


	0
	33
	1
	23
	2
	39
	3
	22
	4
	10
	5
	41
	6
	27
	7
	6
	8
	6
	9
	46
	10
	13
	11
	46
	12
	15
	13
	37
	14
	28
	15
	33


	0
	41
	1
	49
	2
	47
	3
	5
	4
	14
	5
	7
	6
	22
	7
	26
	8
	13
	9
	44
	10
	27
	11
	19
	12
	33
	13
	23
	14
	44
	15
	24


	0
	9
	1
	15
	2
	11
	3
	15
	4
	39
	5
	48
	6
	19
	7
	34
	8
	49
	9
	47
	10
	37
	11
	37
	12
	30
	13
	24
	14
	29
	15
	37


	0
	35
	1
	49
	2
	8
	3
	11
	4
	5
	5
	48
	6
	36
	7
	27
	8
	39
	9
	33
	10
	45
	11
	37
	12
	16
	13
	9
	14
	47
	15
	42


	0
	23
	1
	18
	2
	17
	3
	35
	4
	46
	5
	39
	6
	48
	7
	11
	8
	22
	9
	9
	10
	24
	11
	28
	12
	41
	13
	17
	14
	29
	15
	30


	0
	20
	1
	5
	2
	34
	3
	35
	4
	38
	5
	26
	6
	45
	7
	15
	8
	24
	9
	17
	10
	31
	11
	36
	12
	27
	13
	22
	14
	49
	15
	42


	0
	46
	1
	35
	2
	38
	3
	48
	4
	10
	5
	17
	6
	34
	7
	12
	8
	7
	9
	31
	10
	39
	11
	31
	12
	49
	13
	43
	14
	26
	15
	6


	0
	19
	1
	31
	2
	13
	3
	9
	4
	13
	5
	37
	6
	8
	7
	20
	8
	49
	9
	6
	10
	7
	11
	39
	12
	17
	13
	44
	14
	9
	15
	32


	0
	14
	1
	32
	2
	36
	3
	13
	4
	43
	5
	33
	6
	48
	7
	47
	8
	38
	9
	40
	10
	42
	11
	26
	12
	41
	13
	9
	14
	13
	15
	35


	0
	49
	1
	11
	2
	30
	3
	12
	4
	17
	5
	35
	6
	33
	7
	42
	8
	12
	9
	8
	10
	12
	11
	40
	12
	17
	13
	16
	14
	36
	15
	14


	0
	20
	1
	25
	2
	44
	3
	7
	4
	13
	5
	31
	6
	28
	7
	44
	8
	7
	9
	15
	10
	20
	11
	37
	12
	6
	13
	27
	14
	22
	15
	48


	0
	7
	1
	29
	2
	33
	3
	32
	4
	11
	5
	42
	6
	27
	7
	19
	8
	20
	9
	6
	10
	21
	11
	36
	12
	47
	13
	25
	14
	19
	15
	23


	0
	11
	1
	48
	2
	44
	3
	22
	4
	43
	5
	41
	6
	47
	7
	34
	8
	9
	9
	5
	10
	43
	11
	43
	12
	29
	13
	25
	14
	8
	15
	42


	0
	16
	1
	45
	2
	42
	3
	49
	4
	27
	5
	6
	6
	31
	7
	44
	8
	35
	9
	21
	10
	26
	11
	19
	12
	22
	13
	22
	14
	15
	15
	25


	0
	6
	1
	8
	2
	23
	3
	48
	4
	25
	5
	28
	6
	12
	7
	7
	8
	13
	9
	47
	10
	39
	11
	24
	12
	27
	13
	33
	14
	33
	15
	13


	0
	15
	1
	24
	2
	28
	3
	22
	4
	34
	5
	38
	6
	44
	7
	38
	8
	13
	9
	20
	10
	33
	11
	35
	12
	22
	13
	49
	14
	17
	15
	38


	0
	37
	1
	49
	2
	15
	3
	32
	4
	17
	5
	38
	6
	7
	7
	21
	8
	5
	9
	33
	10
	16
	11
	23
	12
	29
	13
	47
	14
	27
	15
	30


	0
	18
	1
	37
	2
	33
	3
	35
	4
	43
	5
	28
	6
	17
	7
	21
	8
	25
	9
	5
	10
	30
	11
	11
	12
	34
	13
	41
	14
	12
	15
	10


	0
	44
	1
	12
	2
	34
	3
	20
	4
	17
	5
	14
	6
	15
	7
	5
	8
	9
	9
	34
	10
	49
	11
	20
	12
	29
	13
	38
	14
	28
	15
	26


	0
	9
	1
	44
	2
	11
	3
	29
	4
	5
	5
	34
	6
	16
	7
	31
	8
	38
	9
	11
	10
	14
	11
	36
	12
	27
	13
	19
	14
	14
	15
	23


	0
	38
	1
	20
	2
	47
	3
	21
	4
	27
	5
	33
	6
	13
	7
	28
	8
	35
	9
	15
	10
	33
	11
	32
	12
	20
	13
	26
	14
	47
	15
	44


	0
	34
	1
	25
	2
	17
	3
	31
	4
	44
	5
	6
	6
	43
	7
	36
	8
	25
	9
	16
	10
	49
	11
	35
	12
	12
	13
	23
	14
	39
	15
	7


	0
	36
	1
	24
	2
	35
	3
	27
	4
	27
	5
	16
	6
	49
	7
	36
	8
	42
	9
	39
	10
	28
	11
	40
	12
	20
	13
	48
	14
	38
	15
	28


	0
	14
	1
	16
	2
	25
	3
	47
	4
	48
	5
	11
	6
	20
	7
	29
	8
	25
	9
	34
	10
	9
	11
	31
	12
	22
	13
	15
	14
	31
	15
	18


	0
	15
	1
	30
	2
	9
	3
	13
	4
	24
	5
	47
	6
	25
	7
	15
	8
	12
	9
	29
	10
	39
	11
	44
	12
	41
	13
	41
	14
	42
	15
	19

