60
4
3

	0
	9
	1
	44
	2
	18
	3
	7


	0
	35
	1
	7
	2
	42
	3
	16


	0
	23
	1
	41
	2
	20
	3
	26


	0
	39
	1
	47
	2
	18
	3
	46


	0
	47
	1
	15
	2
	39
	3
	7


	0
	46
	1
	22
	2
	24
	3
	34


	0
	14
	1
	9
	2
	22
	3
	40


	0
	23
	1
	26
	2
	41
	3
	48


	0
	17
	1
	9
	2
	29
	3
	42


	0
	27
	1
	45
	2
	26
	3
	24


	0
	18
	1
	37
	2
	34
	3
	9


	0
	30
	1
	28
	2
	35
	3
	27


	0
	11
	1
	12
	2
	25
	3
	25


	0
	23
	1
	20
	2
	43
	3
	48


	0
	45
	1
	46
	2
	30
	3
	15


	0
	19
	1
	36
	2
	32
	3
	23


	0
	37
	1
	8
	2
	15
	3
	27


	0
	17
	1
	12
	2
	8
	3
	38


	0
	24
	1
	41
	2
	34
	3
	37


	0
	7
	1
	24
	2
	23
	3
	44


	0
	37
	1
	9
	2
	38
	3
	46


	0
	25
	1
	14
	2
	32
	3
	7


	0
	21
	1
	40
	2
	7
	3
	43


	0
	37
	1
	14
	2
	12
	3
	44


	0
	16
	1
	45
	2
	33
	3
	40


	0
	26
	1
	31
	2
	39
	3
	23


	0
	17
	1
	19
	2
	23
	3
	20


	0
	18
	1
	10
	2
	25
	3
	46


	0
	14
	1
	44
	2
	46
	3
	9


	0
	19
	1
	48
	2
	46
	3
	13


	0
	7
	1
	7
	2
	5
	3
	8


	0
	21
	1
	43
	2
	21
	3
	12


	0
	46
	1
	23
	2
	6
	3
	48


	0
	11
	1
	28
	2
	7
	3
	14


	0
	35
	1
	14
	2
	13
	3
	27


	0
	39
	1
	47
	2
	20
	3
	30


	0
	37
	1
	15
	2
	7
	3
	25


	0
	47
	1
	27
	2
	11
	3
	21


	0
	48
	1
	23
	2
	8
	3
	35


	0
	39
	1
	46
	2
	43
	3
	24


	0
	45
	1
	49
	2
	11
	3
	37


	0
	17
	1
	15
	2
	30
	3
	30


	0
	7
	1
	16
	2
	19
	3
	46


	0
	38
	1
	25
	2
	34
	3
	41


	0
	48
	1
	37
	2
	20
	3
	42


	0
	18
	1
	24
	2
	31
	3
	39


	0
	48
	1
	37
	2
	6
	3
	27


	0
	6
	1
	42
	2
	43
	3
	38


	0
	31
	1
	21
	2
	20
	3
	17


	0
	41
	1
	29
	2
	25
	3
	36


	0
	24
	1
	44
	2
	28
	3
	15


	0
	33
	1
	21
	2
	29
	3
	42


	0
	31
	1
	21
	2
	36
	3
	11


	0
	35
	1
	5
	2
	32
	3
	5


	0
	31
	1
	13
	2
	49
	3
	49


	0
	22
	1
	21
	2
	24
	3
	48


	0
	39
	1
	8
	2
	43
	3
	43


	0
	41
	1
	7
	2
	38
	3
	41


	0
	40
	1
	29
	2
	48
	3
	47


	0
	16
	1
	9
	2
	46
	3
	15

