60
16
2

	0
	42
	1
	24
	2
	39
	3
	44
	4
	12
	5
	46
	6
	9
	7
	29
	8
	39
	9
	6
	10
	5
	11
	30
	12
	38
	13
	30
	14
	34
	15
	27


	0
	37
	1
	6
	2
	31
	3
	35
	4
	20
	5
	43
	6
	26
	7
	22
	8
	42
	9
	16
	10
	25
	11
	23
	12
	32
	13
	33
	14
	48
	15
	42


	0
	9
	1
	46
	2
	13
	3
	40
	4
	29
	5
	15
	6
	48
	7
	9
	8
	10
	9
	48
	10
	30
	11
	21
	12
	26
	13
	38
	14
	7
	15
	40


	0
	9
	1
	12
	2
	16
	3
	32
	4
	23
	5
	22
	6
	39
	7
	16
	8
	33
	9
	33
	10
	25
	11
	27
	12
	18
	13
	26
	14
	12
	15
	39


	0
	26
	1
	16
	2
	15
	3
	9
	4
	15
	5
	31
	6
	28
	7
	27
	8
	33
	9
	30
	10
	20
	11
	15
	12
	5
	13
	35
	14
	9
	15
	46


	0
	33
	1
	5
	2
	33
	3
	30
	4
	18
	5
	27
	6
	17
	7
	18
	8
	15
	9
	29
	10
	16
	11
	5
	12
	21
	13
	41
	14
	26
	15
	46


	0
	25
	1
	20
	2
	12
	3
	11
	4
	37
	5
	49
	6
	45
	7
	41
	8
	6
	9
	46
	10
	26
	11
	45
	12
	5
	13
	34
	14
	39
	15
	39


	0
	35
	1
	6
	2
	13
	3
	19
	4
	28
	5
	13
	6
	41
	7
	46
	8
	28
	9
	15
	10
	6
	11
	29
	12
	34
	13
	25
	14
	44
	15
	5


	0
	17
	1
	18
	2
	5
	3
	45
	4
	16
	5
	24
	6
	36
	7
	42
	8
	20
	9
	24
	10
	7
	11
	14
	12
	17
	13
	46
	14
	32
	15
	36


	0
	24
	1
	24
	2
	21
	3
	37
	4
	42
	5
	32
	6
	13
	7
	30
	8
	48
	9
	33
	10
	33
	11
	34
	12
	27
	13
	7
	14
	35
	15
	5


	0
	6
	1
	11
	2
	26
	3
	45
	4
	30
	5
	24
	6
	30
	7
	44
	8
	29
	9
	20
	10
	34
	11
	11
	12
	14
	13
	9
	14
	17
	15
	5


	0
	32
	1
	42
	2
	8
	3
	14
	4
	18
	5
	44
	6
	37
	7
	39
	8
	44
	9
	25
	10
	21
	11
	29
	12
	16
	13
	20
	14
	18
	15
	15


	0
	27
	1
	35
	2
	14
	3
	38
	4
	31
	5
	44
	6
	27
	7
	23
	8
	13
	9
	28
	10
	44
	11
	22
	12
	33
	13
	8
	14
	33
	15
	20


	0
	47
	1
	35
	2
	32
	3
	20
	4
	15
	5
	32
	6
	34
	7
	27
	8
	24
	9
	38
	10
	46
	11
	27
	12
	6
	13
	45
	14
	37
	15
	33


	0
	39
	1
	35
	2
	24
	3
	30
	4
	34
	5
	14
	6
	40
	7
	33
	8
	48
	9
	9
	10
	38
	11
	17
	12
	42
	13
	5
	14
	39
	15
	8


	0
	30
	1
	28
	2
	14
	3
	5
	4
	14
	5
	43
	6
	25
	7
	45
	8
	10
	9
	11
	10
	15
	11
	41
	12
	21
	13
	48
	14
	43
	15
	29


	0
	21
	1
	23
	2
	7
	3
	14
	4
	7
	5
	6
	6
	46
	7
	46
	8
	27
	9
	17
	10
	26
	11
	39
	12
	6
	13
	47
	14
	28
	15
	38


	0
	45
	1
	11
	2
	37
	3
	13
	4
	13
	5
	13
	6
	49
	7
	16
	8
	37
	9
	6
	10
	9
	11
	13
	12
	45
	13
	15
	14
	10
	15
	20


	0
	19
	1
	39
	2
	47
	3
	23
	4
	34
	5
	26
	6
	35
	7
	8
	8
	21
	9
	28
	10
	24
	11
	49
	12
	46
	13
	45
	14
	11
	15
	29


	0
	27
	1
	22
	2
	37
	3
	5
	4
	9
	5
	12
	6
	36
	7
	32
	8
	23
	9
	35
	10
	16
	11
	8
	12
	47
	13
	5
	14
	7
	15
	22


	0
	49
	1
	47
	2
	41
	3
	32
	4
	12
	5
	26
	6
	48
	7
	16
	8
	37
	9
	29
	10
	25
	11
	24
	12
	32
	13
	25
	14
	38
	15
	40


	0
	11
	1
	47
	2
	38
	3
	24
	4
	14
	5
	16
	6
	32
	7
	17
	8
	14
	9
	36
	10
	42
	11
	14
	12
	19
	13
	11
	14
	23
	15
	15


	0
	18
	1
	12
	2
	26
	3
	49
	4
	49
	5
	35
	6
	45
	7
	35
	8
	14
	9
	27
	10
	20
	11
	21
	12
	40
	13
	46
	14
	22
	15
	28


	0
	9
	1
	5
	2
	38
	3
	40
	4
	15
	5
	26
	6
	32
	7
	48
	8
	5
	9
	41
	10
	5
	11
	17
	12
	8
	13
	25
	14
	12
	15
	35


	0
	19
	1
	38
	2
	19
	3
	29
	4
	13
	5
	28
	6
	13
	7
	46
	8
	44
	9
	24
	10
	25
	11
	15
	12
	12
	13
	22
	14
	33
	15
	43


	0
	30
	1
	20
	2
	39
	3
	33
	4
	42
	5
	26
	6
	12
	7
	39
	8
	21
	9
	28
	10
	29
	11
	14
	12
	22
	13
	26
	14
	44
	15
	44


	0
	43
	1
	48
	2
	11
	3
	7
	4
	10
	5
	5
	6
	22
	7
	34
	8
	45
	9
	14
	10
	14
	11
	27
	12
	19
	13
	46
	14
	6
	15
	32


	0
	12
	1
	15
	2
	24
	3
	47
	4
	16
	5
	48
	6
	42
	7
	23
	8
	23
	9
	44
	10
	18
	11
	36
	12
	36
	13
	13
	14
	43
	15
	7


	0
	38
	1
	33
	2
	7
	3
	34
	4
	6
	5
	23
	6
	45
	7
	5
	8
	22
	9
	12
	10
	15
	11
	7
	12
	49
	13
	36
	14
	41
	15
	48


	0
	41
	1
	5
	2
	15
	3
	28
	4
	36
	5
	9
	6
	38
	7
	40
	8
	15
	9
	45
	10
	9
	11
	10
	12
	47
	13
	42
	14
	9
	15
	11


	0
	32
	1
	16
	2
	45
	3
	34
	4
	33
	5
	16
	6
	21
	7
	9
	8
	30
	9
	35
	10
	32
	11
	19
	12
	25
	13
	27
	14
	40
	15
	21


	0
	28
	1
	34
	2
	15
	3
	37
	4
	34
	5
	47
	6
	37
	7
	7
	8
	35
	9
	12
	10
	27
	11
	10
	12
	46
	13
	6
	14
	21
	15
	24


	0
	21
	1
	17
	2
	15
	3
	12
	4
	10
	5
	40
	6
	42
	7
	34
	8
	40
	9
	42
	10
	25
	11
	16
	12
	14
	13
	13
	14
	26
	15
	37


	0
	33
	1
	32
	2
	16
	3
	19
	4
	14
	5
	26
	6
	13
	7
	28
	8
	16
	9
	40
	10
	18
	11
	11
	12
	10
	13
	21
	14
	20
	15
	26


	0
	15
	1
	27
	2
	49
	3
	30
	4
	13
	5
	15
	6
	30
	7
	22
	8
	25
	9
	17
	10
	26
	11
	36
	12
	23
	13
	44
	14
	35
	15
	37


	0
	49
	1
	29
	2
	49
	3
	47
	4
	14
	5
	9
	6
	40
	7
	10
	8
	12
	9
	17
	10
	40
	11
	24
	12
	44
	13
	42
	14
	15
	15
	18


	0
	47
	1
	47
	2
	39
	3
	30
	4
	40
	5
	36
	6
	46
	7
	17
	8
	49
	9
	33
	10
	45
	11
	22
	12
	32
	13
	40
	14
	15
	15
	46


	0
	49
	1
	34
	2
	44
	3
	30
	4
	11
	5
	49
	6
	22
	7
	31
	8
	33
	9
	24
	10
	24
	11
	14
	12
	8
	13
	36
	14
	49
	15
	37


	0
	40
	1
	16
	2
	39
	3
	12
	4
	22
	5
	38
	6
	42
	7
	33
	8
	6
	9
	45
	10
	7
	11
	32
	12
	20
	13
	34
	14
	13
	15
	16


	0
	16
	1
	44
	2
	47
	3
	39
	4
	16
	5
	23
	6
	47
	7
	46
	8
	17
	9
	44
	10
	21
	11
	41
	12
	25
	13
	25
	14
	34
	15
	29


	0
	8
	1
	33
	2
	6
	3
	25
	4
	45
	5
	34
	6
	9
	7
	7
	8
	29
	9
	27
	10
	5
	11
	34
	12
	20
	13
	18
	14
	24
	15
	13


	0
	34
	1
	47
	2
	15
	3
	34
	4
	38
	5
	5
	6
	12
	7
	42
	8
	42
	9
	47
	10
	28
	11
	13
	12
	32
	13
	42
	14
	35
	15
	42


	0
	49
	1
	5
	2
	16
	3
	7
	4
	27
	5
	41
	6
	10
	7
	15
	8
	28
	9
	42
	10
	16
	11
	15
	12
	46
	13
	45
	14
	9
	15
	47


	0
	15
	1
	11
	2
	17
	3
	36
	4
	23
	5
	23
	6
	25
	7
	36
	8
	20
	9
	31
	10
	16
	11
	18
	12
	42
	13
	45
	14
	13
	15
	41


	0
	43
	1
	33
	2
	11
	3
	18
	4
	46
	5
	5
	6
	19
	7
	13
	8
	27
	9
	26
	10
	31
	11
	10
	12
	20
	13
	32
	14
	20
	15
	21


	0
	24
	1
	42
	2
	38
	3
	24
	4
	42
	5
	48
	6
	40
	7
	34
	8
	45
	9
	13
	10
	5
	11
	12
	12
	45
	13
	29
	14
	33
	15
	19


	0
	22
	1
	34
	2
	34
	3
	31
	4
	20
	5
	5
	6
	23
	7
	17
	8
	16
	9
	5
	10
	42
	11
	30
	12
	25
	13
	13
	14
	20
	15
	17


	0
	34
	1
	7
	2
	16
	3
	25
	4
	12
	5
	22
	6
	45
	7
	38
	8
	24
	9
	7
	10
	41
	11
	28
	12
	44
	13
	34
	14
	24
	15
	43


	0
	43
	1
	40
	2
	11
	3
	35
	4
	12
	5
	10
	6
	19
	7
	7
	8
	24
	9
	5
	10
	18
	11
	32
	12
	46
	13
	32
	14
	35
	15
	49


	0
	8
	1
	11
	2
	20
	3
	6
	4
	30
	5
	48
	6
	38
	7
	17
	8
	25
	9
	27
	10
	28
	11
	49
	12
	16
	13
	42
	14
	18
	15
	41


	0
	5
	1
	34
	2
	14
	3
	14
	4
	20
	5
	30
	6
	35
	7
	48
	8
	23
	9
	30
	10
	21
	11
	18
	12
	49
	13
	31
	14
	35
	15
	9


	0
	25
	1
	48
	2
	8
	3
	11
	4
	10
	5
	46
	6
	27
	7
	9
	8
	7
	9
	44
	10
	43
	11
	45
	12
	46
	13
	46
	14
	27
	15
	25


	0
	42
	1
	29
	2
	26
	3
	45
	4
	27
	5
	21
	6
	22
	7
	29
	8
	32
	9
	47
	10
	35
	11
	14
	12
	6
	13
	48
	14
	37
	15
	10


	0
	21
	1
	22
	2
	16
	3
	45
	4
	49
	5
	34
	6
	17
	7
	48
	8
	28
	9
	44
	10
	10
	11
	47
	12
	18
	13
	17
	14
	7
	15
	27


	0
	41
	1
	39
	2
	6
	3
	33
	4
	46
	5
	9
	6
	38
	7
	39
	8
	28
	9
	30
	10
	26
	11
	36
	12
	34
	13
	5
	14
	23
	15
	16


	0
	12
	1
	32
	2
	41
	3
	36
	4
	40
	5
	9
	6
	7
	7
	9
	8
	26
	9
	21
	10
	11
	11
	8
	12
	43
	13
	29
	14
	6
	15
	22


	0
	46
	1
	29
	2
	49
	3
	30
	4
	13
	5
	8
	6
	17
	7
	18
	8
	49
	9
	22
	10
	32
	11
	39
	12
	26
	13
	37
	14
	41
	15
	19


	0
	8
	1
	13
	2
	33
	3
	43
	4
	25
	5
	12
	6
	14
	7
	43
	8
	22
	9
	27
	10
	6
	11
	37
	12
	13
	13
	8
	14
	29
	15
	33


	0
	15
	1
	16
	2
	15
	3
	11
	4
	47
	5
	30
	6
	22
	7
	37
	8
	32
	9
	21
	10
	42
	11
	27
	12
	12
	13
	13
	14
	48
	15
	16


	0
	44
	1
	34
	2
	33
	3
	22
	4
	40
	5
	26
	6
	23
	7
	46
	8
	42
	9
	35
	10
	17
	11
	9
	12
	35
	13
	15
	14
	20
	15
	17

