60
8
3

	0
	17
	1
	43
	2
	6
	3
	46
	4
	18
	5
	27
	6
	33
	7
	33


	0
	5
	1
	25
	2
	27
	3
	45
	4
	31
	5
	17
	6
	24
	7
	16


	0
	23
	1
	37
	2
	8
	3
	9
	4
	41
	5
	7
	6
	32
	7
	43


	0
	16
	1
	23
	2
	33
	3
	8
	4
	7
	5
	9
	6
	44
	7
	41


	0
	19
	1
	6
	2
	12
	3
	31
	4
	34
	5
	15
	6
	5
	7
	31


	0
	48
	1
	28
	2
	46
	3
	18
	4
	13
	5
	48
	6
	33
	7
	20


	0
	35
	1
	8
	2
	38
	3
	14
	4
	11
	5
	18
	6
	32
	7
	41


	0
	33
	1
	14
	2
	40
	3
	23
	4
	21
	5
	27
	6
	13
	7
	35


	0
	10
	1
	13
	2
	37
	3
	13
	4
	14
	5
	38
	6
	46
	7
	33


	0
	14
	1
	5
	2
	36
	3
	12
	4
	27
	5
	40
	6
	27
	7
	19


	0
	31
	1
	10
	2
	40
	3
	21
	4
	41
	5
	31
	6
	8
	7
	48


	0
	31
	1
	19
	2
	38
	3
	15
	4
	7
	5
	37
	6
	24
	7
	38


	0
	35
	1
	22
	2
	31
	3
	15
	4
	41
	5
	46
	6
	31
	7
	31


	0
	47
	1
	36
	2
	28
	3
	23
	4
	21
	5
	26
	6
	23
	7
	38


	0
	43
	1
	15
	2
	47
	3
	38
	4
	47
	5
	5
	6
	35
	7
	26


	0
	20
	1
	24
	2
	17
	3
	31
	4
	19
	5
	39
	6
	34
	7
	45


	0
	47
	1
	36
	2
	11
	3
	23
	4
	22
	5
	5
	6
	12
	7
	18


	0
	21
	1
	21
	2
	9
	3
	26
	4
	24
	5
	30
	6
	23
	7
	23


	0
	18
	1
	42
	2
	23
	3
	16
	4
	37
	5
	28
	6
	14
	7
	42


	0
	16
	1
	39
	2
	26
	3
	27
	4
	19
	5
	40
	6
	18
	7
	8


	0
	9
	1
	18
	2
	40
	3
	42
	4
	13
	5
	21
	6
	46
	7
	11


	0
	27
	1
	48
	2
	24
	3
	15
	4
	45
	5
	34
	6
	35
	7
	11


	0
	7
	1
	41
	2
	23
	3
	20
	4
	41
	5
	30
	6
	35
	7
	32


	0
	37
	1
	42
	2
	25
	3
	40
	4
	31
	5
	21
	6
	43
	7
	47


	0
	27
	1
	48
	2
	36
	3
	27
	4
	19
	5
	30
	6
	16
	7
	39


	0
	44
	1
	40
	2
	37
	3
	13
	4
	12
	5
	40
	6
	28
	7
	18


	0
	18
	1
	36
	2
	10
	3
	20
	4
	46
	5
	14
	6
	35
	7
	43


	0
	36
	1
	5
	2
	17
	3
	45
	4
	38
	5
	49
	6
	38
	7
	40


	0
	8
	1
	23
	2
	13
	3
	45
	4
	9
	5
	45
	6
	9
	7
	40


	0
	8
	1
	18
	2
	23
	3
	41
	4
	34
	5
	37
	6
	41
	7
	18


	0
	44
	1
	8
	2
	44
	3
	18
	4
	19
	5
	10
	6
	34
	7
	24


	0
	10
	1
	21
	2
	11
	3
	8
	4
	5
	5
	44
	6
	40
	7
	39


	0
	29
	1
	27
	2
	10
	3
	31
	4
	44
	5
	15
	6
	21
	7
	17


	0
	5
	1
	18
	2
	49
	3
	14
	4
	42
	5
	13
	6
	26
	7
	32


	0
	22
	1
	15
	2
	11
	3
	49
	4
	8
	5
	22
	6
	37
	7
	47


	0
	10
	1
	48
	2
	41
	3
	22
	4
	30
	5
	7
	6
	27
	7
	39


	0
	22
	1
	44
	2
	40
	3
	37
	4
	11
	5
	48
	6
	6
	7
	26


	0
	40
	1
	47
	2
	36
	3
	10
	4
	11
	5
	26
	6
	19
	7
	40


	0
	13
	1
	43
	2
	7
	3
	5
	4
	5
	5
	13
	6
	30
	7
	43


	0
	31
	1
	20
	2
	46
	3
	33
	4
	42
	5
	24
	6
	5
	7
	11


	0
	43
	1
	9
	2
	48
	3
	17
	4
	11
	5
	45
	6
	5
	7
	5


	0
	8
	1
	14
	2
	28
	3
	22
	4
	23
	5
	32
	6
	16
	7
	19


	0
	17
	1
	44
	2
	22
	3
	38
	4
	37
	5
	8
	6
	49
	7
	23


	0
	49
	1
	46
	2
	35
	3
	10
	4
	36
	5
	13
	6
	35
	7
	23


	0
	6
	1
	46
	2
	33
	3
	40
	4
	48
	5
	39
	6
	31
	7
	29


	0
	6
	1
	45
	2
	22
	3
	12
	4
	43
	5
	30
	6
	30
	7
	14


	0
	40
	1
	38
	2
	10
	3
	9
	4
	16
	5
	47
	6
	18
	7
	27


	0
	25
	1
	38
	2
	31
	3
	10
	4
	49
	5
	39
	6
	8
	7
	36


	0
	20
	1
	16
	2
	12
	3
	6
	4
	5
	5
	5
	6
	20
	7
	21


	0
	14
	1
	19
	2
	18
	3
	40
	4
	5
	5
	47
	6
	34
	7
	9


	0
	6
	1
	28
	2
	26
	3
	49
	4
	19
	5
	43
	6
	30
	7
	38


	0
	20
	1
	46
	2
	38
	3
	45
	4
	12
	5
	49
	6
	43
	7
	32


	0
	31
	1
	37
	2
	7
	3
	40
	4
	48
	5
	45
	6
	42
	7
	19


	0
	18
	1
	13
	2
	44
	3
	47
	4
	17
	5
	12
	6
	8
	7
	42


	0
	27
	1
	12
	2
	28
	3
	47
	4
	48
	5
	43
	6
	32
	7
	26


	0
	19
	1
	42
	2
	28
	3
	38
	4
	39
	5
	41
	6
	14
	7
	5


	0
	39
	1
	30
	2
	10
	3
	16
	4
	39
	5
	5
	6
	16
	7
	19


	0
	46
	1
	11
	2
	41
	3
	23
	4
	31
	5
	5
	6
	44
	7
	26


	0
	19
	1
	25
	2
	20
	3
	18
	4
	25
	5
	45
	6
	18
	7
	46


	0
	41
	1
	46
	2
	33
	3
	38
	4
	8
	5
	24
	6
	25
	7
	17

