60
8
3

	0
	6
	1
	33
	2
	6
	3
	36
	4
	32
	5
	38
	6
	15
	7
	11


	0
	19
	1
	19
	2
	17
	3
	7
	4
	10
	5
	24
	6
	29
	7
	13


	0
	36
	1
	13
	2
	32
	3
	7
	4
	37
	5
	26
	6
	17
	7
	14


	0
	28
	1
	19
	2
	25
	3
	42
	4
	44
	5
	8
	6
	17
	7
	39


	0
	24
	1
	46
	2
	47
	3
	14
	4
	39
	5
	39
	6
	6
	7
	22


	0
	23
	1
	39
	2
	8
	3
	21
	4
	22
	5
	45
	6
	35
	7
	17


	0
	29
	1
	19
	2
	18
	3
	19
	4
	9
	5
	31
	6
	16
	7
	17


	0
	46
	1
	34
	2
	16
	3
	44
	4
	49
	5
	32
	6
	47
	7
	5


	0
	27
	1
	10
	2
	36
	3
	7
	4
	12
	5
	39
	6
	27
	7
	25


	0
	32
	1
	29
	2
	18
	3
	15
	4
	8
	5
	26
	6
	11
	7
	38


	0
	18
	1
	22
	2
	9
	3
	39
	4
	14
	5
	34
	6
	27
	7
	43


	0
	12
	1
	22
	2
	22
	3
	40
	4
	23
	5
	16
	6
	38
	7
	22


	0
	28
	1
	26
	2
	40
	3
	45
	4
	32
	5
	44
	6
	33
	7
	49


	0
	48
	1
	18
	2
	31
	3
	39
	4
	41
	5
	10
	6
	29
	7
	22


	0
	12
	1
	20
	2
	28
	3
	8
	4
	49
	5
	49
	6
	16
	7
	11


	0
	37
	1
	31
	2
	23
	3
	9
	4
	33
	5
	23
	6
	11
	7
	5


	0
	6
	1
	28
	2
	45
	3
	10
	4
	38
	5
	10
	6
	44
	7
	13


	0
	46
	1
	26
	2
	31
	3
	16
	4
	36
	5
	20
	6
	45
	7
	33


	0
	21
	1
	44
	2
	21
	3
	30
	4
	6
	5
	33
	6
	33
	7
	24


	0
	29
	1
	48
	2
	29
	3
	29
	4
	38
	5
	46
	6
	5
	7
	40


	0
	28
	1
	5
	2
	11
	3
	7
	4
	47
	5
	48
	6
	24
	7
	10


	0
	14
	1
	23
	2
	16
	3
	16
	4
	20
	5
	24
	6
	8
	7
	28


	0
	35
	1
	9
	2
	17
	3
	18
	4
	32
	5
	11
	6
	28
	7
	20


	0
	20
	1
	15
	2
	48
	3
	45
	4
	15
	5
	36
	6
	10
	7
	8


	0
	15
	1
	22
	2
	42
	3
	19
	4
	32
	5
	48
	6
	34
	7
	33


	0
	30
	1
	8
	2
	35
	3
	48
	4
	33
	5
	33
	6
	11
	7
	8


	0
	6
	1
	46
	2
	30
	3
	42
	4
	38
	5
	45
	6
	34
	7
	40


	0
	39
	1
	41
	2
	28
	3
	45
	4
	40
	5
	9
	6
	13
	7
	22


	0
	16
	1
	30
	2
	30
	3
	41
	4
	26
	5
	23
	6
	21
	7
	22


	0
	24
	1
	25
	2
	32
	3
	13
	4
	44
	5
	38
	6
	7
	7
	10


	0
	7
	1
	32
	2
	32
	3
	16
	4
	23
	5
	32
	6
	15
	7
	47


	0
	47
	1
	38
	2
	44
	3
	30
	4
	32
	5
	21
	6
	24
	7
	43


	0
	13
	1
	17
	2
	40
	3
	10
	4
	27
	5
	5
	6
	32
	7
	16


	0
	6
	1
	35
	2
	26
	3
	24
	4
	11
	5
	18
	6
	19
	7
	9


	0
	39
	1
	23
	2
	44
	3
	18
	4
	49
	5
	28
	6
	19
	7
	27


	0
	7
	1
	11
	2
	21
	3
	42
	4
	38
	5
	21
	6
	6
	7
	7


	0
	26
	1
	19
	2
	45
	3
	6
	4
	47
	5
	24
	6
	26
	7
	27


	0
	7
	1
	17
	2
	26
	3
	14
	4
	20
	5
	41
	6
	39
	7
	8


	0
	10
	1
	17
	2
	32
	3
	27
	4
	7
	5
	35
	6
	6
	7
	31


	0
	39
	1
	31
	2
	38
	3
	28
	4
	49
	5
	7
	6
	27
	7
	45


	0
	26
	1
	47
	2
	41
	3
	38
	4
	41
	5
	24
	6
	33
	7
	5


	0
	26
	1
	16
	2
	26
	3
	34
	4
	8
	5
	19
	6
	49
	7
	17


	0
	24
	1
	41
	2
	26
	3
	13
	4
	19
	5
	43
	6
	39
	7
	24


	0
	35
	1
	18
	2
	20
	3
	20
	4
	38
	5
	39
	6
	33
	7
	31


	0
	14
	1
	9
	2
	30
	3
	49
	4
	27
	5
	32
	6
	27
	7
	8


	0
	20
	1
	16
	2
	13
	3
	29
	4
	48
	5
	27
	6
	24
	7
	14


	0
	28
	1
	32
	2
	23
	3
	27
	4
	48
	5
	38
	6
	48
	7
	11


	0
	11
	1
	21
	2
	13
	3
	14
	4
	20
	5
	41
	6
	24
	7
	15


	0
	6
	1
	38
	2
	20
	3
	14
	4
	18
	5
	24
	6
	29
	7
	11


	0
	12
	1
	41
	2
	17
	3
	29
	4
	43
	5
	17
	6
	22
	7
	26


	0
	45
	1
	41
	2
	31
	3
	14
	4
	15
	5
	33
	6
	39
	7
	14


	0
	13
	1
	9
	2
	10
	3
	22
	4
	39
	5
	14
	6
	21
	7
	33


	0
	43
	1
	26
	2
	27
	3
	14
	4
	6
	5
	14
	6
	33
	7
	20


	0
	31
	1
	17
	2
	45
	3
	46
	4
	29
	5
	48
	6
	37
	7
	14


	0
	10
	1
	28
	2
	19
	3
	41
	4
	34
	5
	15
	6
	10
	7
	10


	0
	28
	1
	30
	2
	11
	3
	22
	4
	38
	5
	32
	6
	7
	7
	22


	0
	33
	1
	31
	2
	7
	3
	23
	4
	23
	5
	28
	6
	22
	7
	13


	0
	18
	1
	34
	2
	36
	3
	10
	4
	10
	5
	27
	6
	7
	7
	16


	0
	7
	1
	6
	2
	18
	3
	38
	4
	16
	5
	44
	6
	18
	7
	40


	0
	36
	1
	37
	2
	42
	3
	48
	4
	40
	5
	21
	6
	7
	7
	43

