60
8
5

	0
	43
	1
	15
	2
	26
	3
	18
	4
	28
	5
	47
	6
	40
	7
	27


	0
	13
	1
	35
	2
	12
	3
	37
	4
	43
	5
	47
	6
	6
	7
	45


	0
	11
	1
	28
	2
	36
	3
	35
	4
	21
	5
	32
	6
	17
	7
	8


	0
	8
	1
	44
	2
	34
	3
	38
	4
	35
	5
	44
	6
	19
	7
	41


	0
	37
	1
	22
	2
	12
	3
	44
	4
	41
	5
	16
	6
	9
	7
	33


	0
	27
	1
	15
	2
	10
	3
	40
	4
	5
	5
	26
	6
	11
	7
	29


	0
	37
	1
	10
	2
	13
	3
	39
	4
	24
	5
	5
	6
	6
	7
	10


	0
	25
	1
	24
	2
	12
	3
	45
	4
	35
	5
	46
	6
	46
	7
	9


	0
	16
	1
	41
	2
	33
	3
	25
	4
	28
	5
	20
	6
	26
	7
	38


	0
	25
	1
	18
	2
	35
	3
	16
	4
	42
	5
	5
	6
	15
	7
	35


	0
	21
	1
	48
	2
	43
	3
	26
	4
	37
	5
	8
	6
	30
	7
	48


	0
	42
	1
	35
	2
	11
	3
	26
	4
	21
	5
	46
	6
	15
	7
	24


	0
	26
	1
	25
	2
	41
	3
	23
	4
	36
	5
	12
	6
	20
	7
	21


	0
	44
	1
	31
	2
	22
	3
	30
	4
	6
	5
	15
	6
	38
	7
	36


	0
	49
	1
	46
	2
	33
	3
	40
	4
	45
	5
	6
	6
	22
	7
	13


	0
	10
	1
	23
	2
	7
	3
	49
	4
	27
	5
	8
	6
	32
	7
	13


	0
	13
	1
	12
	2
	10
	3
	17
	4
	48
	5
	9
	6
	8
	7
	42


	0
	25
	1
	42
	2
	49
	3
	26
	4
	41
	5
	40
	6
	6
	7
	17


	0
	46
	1
	39
	2
	31
	3
	35
	4
	42
	5
	21
	6
	28
	7
	36


	0
	36
	1
	40
	2
	30
	3
	7
	4
	29
	5
	23
	6
	16
	7
	42


	0
	40
	1
	40
	2
	39
	3
	23
	4
	45
	5
	25
	6
	29
	7
	47


	0
	29
	1
	44
	2
	20
	3
	32
	4
	44
	5
	15
	6
	43
	7
	45


	0
	41
	1
	36
	2
	46
	3
	21
	4
	36
	5
	5
	6
	38
	7
	44


	0
	13
	1
	24
	2
	15
	3
	37
	4
	32
	5
	42
	6
	40
	7
	20


	0
	24
	1
	17
	2
	48
	3
	21
	4
	26
	5
	36
	6
	24
	7
	39


	0
	30
	1
	48
	2
	41
	3
	40
	4
	40
	5
	19
	6
	5
	7
	48


	0
	28
	1
	21
	2
	35
	3
	27
	4
	32
	5
	40
	6
	39
	7
	34


	0
	49
	1
	35
	2
	20
	3
	25
	4
	10
	5
	29
	6
	43
	7
	40


	0
	26
	1
	5
	2
	15
	3
	18
	4
	44
	5
	45
	6
	26
	7
	28


	0
	45
	1
	6
	2
	36
	3
	5
	4
	13
	5
	18
	6
	45
	7
	38


	0
	46
	1
	18
	2
	30
	3
	42
	4
	25
	5
	19
	6
	12
	7
	5


	0
	32
	1
	26
	2
	19
	3
	21
	4
	20
	5
	45
	6
	39
	7
	14


	0
	16
	1
	33
	2
	17
	3
	13
	4
	39
	5
	22
	6
	39
	7
	39


	0
	43
	1
	18
	2
	44
	3
	44
	4
	6
	5
	27
	6
	32
	7
	15


	0
	41
	1
	27
	2
	37
	3
	24
	4
	28
	5
	47
	6
	31
	7
	45


	0
	14
	1
	6
	2
	28
	3
	26
	4
	18
	5
	6
	6
	32
	7
	33


	0
	18
	1
	35
	2
	23
	3
	32
	4
	22
	5
	20
	6
	11
	7
	24


	0
	14
	1
	12
	2
	9
	3
	36
	4
	19
	5
	16
	6
	20
	7
	11


	0
	23
	1
	11
	2
	26
	3
	37
	4
	26
	5
	32
	6
	15
	7
	18


	0
	12
	1
	41
	2
	7
	3
	36
	4
	32
	5
	25
	6
	11
	7
	36


	0
	44
	1
	34
	2
	25
	3
	11
	4
	47
	5
	25
	6
	37
	7
	12


	0
	43
	1
	38
	2
	35
	3
	41
	4
	22
	5
	48
	6
	19
	7
	6


	0
	37
	1
	38
	2
	34
	3
	11
	4
	10
	5
	5
	6
	31
	7
	32


	0
	20
	1
	12
	2
	29
	3
	18
	4
	5
	5
	39
	6
	39
	7
	36


	0
	46
	1
	32
	2
	21
	3
	40
	4
	30
	5
	47
	6
	33
	7
	35


	0
	46
	1
	31
	2
	15
	3
	37
	4
	47
	5
	11
	6
	23
	7
	35


	0
	43
	1
	43
	2
	43
	3
	35
	4
	29
	5
	46
	6
	13
	7
	31


	0
	43
	1
	25
	2
	45
	3
	33
	4
	29
	5
	49
	6
	9
	7
	26


	0
	23
	1
	14
	2
	31
	3
	45
	4
	7
	5
	34
	6
	10
	7
	14


	0
	34
	1
	19
	2
	12
	3
	24
	4
	9
	5
	33
	6
	25
	7
	34


	0
	14
	1
	27
	2
	36
	3
	8
	4
	45
	5
	29
	6
	45
	7
	7


	0
	46
	1
	19
	2
	16
	3
	36
	4
	18
	5
	26
	6
	9
	7
	17


	0
	25
	1
	5
	2
	22
	3
	21
	4
	21
	5
	11
	6
	27
	7
	38


	0
	10
	1
	13
	2
	37
	3
	7
	4
	22
	5
	36
	6
	31
	7
	17


	0
	10
	1
	7
	2
	47
	3
	46
	4
	49
	5
	35
	6
	39
	7
	22


	0
	7
	1
	26
	2
	39
	3
	17
	4
	7
	5
	37
	6
	21
	7
	24


	0
	25
	1
	38
	2
	44
	3
	36
	4
	13
	5
	39
	6
	15
	7
	7


	0
	41
	1
	19
	2
	41
	3
	48
	4
	41
	5
	28
	6
	20
	7
	14


	0
	36
	1
	37
	2
	42
	3
	28
	4
	22
	5
	30
	6
	19
	7
	32


	0
	7
	1
	16
	2
	8
	3
	43
	4
	16
	5
	13
	6
	29
	7
	13

