60
4
2

	0
	11
	1
	15
	2
	23
	3
	41


	0
	18
	1
	30
	2
	38
	3
	43


	0
	33
	1
	33
	2
	24
	3
	47


	0
	43
	1
	48
	2
	11
	3
	29


	0
	18
	1
	14
	2
	17
	3
	25


	0
	40
	1
	36
	2
	39
	3
	41


	0
	24
	1
	30
	2
	46
	3
	46


	0
	24
	1
	29
	2
	34
	3
	42


	0
	41
	1
	23
	2
	45
	3
	21


	0
	7
	1
	30
	2
	8
	3
	34


	0
	49
	1
	31
	2
	22
	3
	48


	0
	17
	1
	13
	2
	46
	3
	24


	0
	17
	1
	40
	2
	22
	3
	11


	0
	5
	1
	37
	2
	34
	3
	8


	0
	37
	1
	23
	2
	15
	3
	29


	0
	21
	1
	27
	2
	32
	3
	35


	0
	42
	1
	29
	2
	49
	3
	19


	0
	9
	1
	11
	2
	23
	3
	35


	0
	17
	1
	20
	2
	37
	3
	43


	0
	15
	1
	15
	2
	9
	3
	22


	0
	17
	1
	16
	2
	16
	3
	11


	0
	49
	1
	36
	2
	46
	3
	36


	0
	7
	1
	26
	2
	24
	3
	30


	0
	14
	1
	36
	2
	36
	3
	38


	0
	14
	1
	14
	2
	17
	3
	8


	0
	28
	1
	16
	2
	9
	3
	6


	0
	32
	1
	37
	2
	48
	3
	48


	0
	48
	1
	7
	2
	47
	3
	43


	0
	26
	1
	17
	2
	37
	3
	5


	0
	12
	1
	5
	2
	17
	3
	30


	0
	6
	1
	22
	2
	20
	3
	33


	0
	28
	1
	23
	2
	5
	3
	29


	0
	33
	1
	21
	2
	22
	3
	48


	0
	42
	1
	39
	2
	5
	3
	13


	0
	6
	1
	37
	2
	24
	3
	20


	0
	37
	1
	6
	2
	34
	3
	37


	0
	49
	1
	31
	2
	44
	3
	47


	0
	22
	1
	6
	2
	30
	3
	5


	0
	14
	1
	23
	2
	13
	3
	22


	0
	37
	1
	26
	2
	35
	3
	18


	0
	17
	1
	10
	2
	15
	3
	39


	0
	18
	1
	11
	2
	21
	3
	28


	0
	23
	1
	43
	2
	10
	3
	22


	0
	11
	1
	41
	2
	47
	3
	16


	0
	6
	1
	22
	2
	40
	3
	38


	0
	25
	1
	18
	2
	15
	3
	33


	0
	21
	1
	25
	2
	36
	3
	27


	0
	32
	1
	9
	2
	49
	3
	10


	0
	16
	1
	10
	2
	38
	3
	47


	0
	6
	1
	47
	2
	28
	3
	14


	0
	14
	1
	44
	2
	48
	3
	10


	0
	42
	1
	38
	2
	25
	3
	48


	0
	40
	1
	44
	2
	21
	3
	25


	0
	24
	1
	45
	2
	17
	3
	8


	0
	47
	1
	26
	2
	30
	3
	7


	0
	35
	1
	21
	2
	39
	3
	26


	0
	33
	1
	41
	2
	34
	3
	14


	0
	42
	1
	32
	2
	48
	3
	26


	0
	39
	1
	23
	2
	33
	3
	19


	0
	41
	1
	13
	2
	23
	3
	9

