60
8
4

	0
	45
	1
	5
	2
	34
	3
	38
	4
	49
	5
	48
	6
	26
	7
	41


	0
	24
	1
	11
	2
	49
	3
	18
	4
	28
	5
	28
	6
	40
	7
	9


	0
	5
	1
	37
	2
	16
	3
	14
	4
	49
	5
	22
	6
	38
	7
	13


	0
	48
	1
	28
	2
	27
	3
	24
	4
	28
	5
	31
	6
	24
	7
	12


	0
	27
	1
	48
	2
	38
	3
	45
	4
	28
	5
	22
	6
	32
	7
	19


	0
	13
	1
	16
	2
	12
	3
	31
	4
	26
	5
	15
	6
	32
	7
	45


	0
	29
	1
	40
	2
	13
	3
	18
	4
	26
	5
	36
	6
	19
	7
	41


	0
	20
	1
	44
	2
	34
	3
	22
	4
	45
	5
	45
	6
	16
	7
	33


	0
	21
	1
	30
	2
	43
	3
	38
	4
	37
	5
	46
	6
	48
	7
	10


	0
	39
	1
	49
	2
	22
	3
	5
	4
	46
	5
	10
	6
	15
	7
	7


	0
	30
	1
	16
	2
	6
	3
	38
	4
	27
	5
	36
	6
	32
	7
	18


	0
	11
	1
	43
	2
	30
	3
	22
	4
	29
	5
	13
	6
	20
	7
	18


	0
	11
	1
	13
	2
	8
	3
	28
	4
	7
	5
	10
	6
	30
	7
	5


	0
	5
	1
	43
	2
	37
	3
	35
	4
	41
	5
	15
	6
	16
	7
	19


	0
	7
	1
	23
	2
	8
	3
	47
	4
	40
	5
	5
	6
	26
	7
	35


	0
	16
	1
	41
	2
	14
	3
	48
	4
	14
	5
	5
	6
	23
	7
	40


	0
	44
	1
	14
	2
	28
	3
	14
	4
	38
	5
	28
	6
	14
	7
	13


	0
	31
	1
	30
	2
	15
	3
	42
	4
	39
	5
	9
	6
	35
	7
	17


	0
	26
	1
	30
	2
	14
	3
	22
	4
	49
	5
	44
	6
	41
	7
	26


	0
	16
	1
	16
	2
	15
	3
	11
	4
	28
	5
	41
	6
	46
	7
	16


	0
	30
	1
	42
	2
	45
	3
	24
	4
	40
	5
	6
	6
	21
	7
	7


	0
	9
	1
	8
	2
	34
	3
	21
	4
	9
	5
	11
	6
	40
	7
	38


	0
	21
	1
	17
	2
	12
	3
	38
	4
	29
	5
	23
	6
	30
	7
	22


	0
	14
	1
	23
	2
	23
	3
	39
	4
	34
	5
	5
	6
	17
	7
	38


	0
	49
	1
	40
	2
	32
	3
	32
	4
	47
	5
	42
	6
	12
	7
	42


	0
	14
	1
	44
	2
	11
	3
	45
	4
	11
	5
	15
	6
	38
	7
	8


	0
	29
	1
	40
	2
	12
	3
	17
	4
	46
	5
	19
	6
	17
	7
	13


	0
	25
	1
	47
	2
	13
	3
	43
	4
	25
	5
	31
	6
	30
	7
	21


	0
	27
	1
	40
	2
	12
	3
	48
	4
	25
	5
	28
	6
	44
	7
	29


	0
	23
	1
	5
	2
	24
	3
	31
	4
	25
	5
	33
	6
	22
	7
	44


	0
	19
	1
	12
	2
	29
	3
	8
	4
	43
	5
	18
	6
	28
	7
	10


	0
	33
	1
	39
	2
	19
	3
	15
	4
	49
	5
	16
	6
	25
	7
	32


	0
	25
	1
	45
	2
	25
	3
	20
	4
	40
	5
	27
	6
	46
	7
	42


	0
	48
	1
	42
	2
	48
	3
	42
	4
	8
	5
	27
	6
	30
	7
	31


	0
	44
	1
	47
	2
	6
	3
	5
	4
	7
	5
	22
	6
	48
	7
	31


	0
	16
	1
	16
	2
	44
	3
	20
	4
	26
	5
	20
	6
	29
	7
	40


	0
	48
	1
	28
	2
	18
	3
	30
	4
	30
	5
	41
	6
	42
	7
	27


	0
	21
	1
	40
	2
	46
	3
	14
	4
	9
	5
	35
	6
	40
	7
	21


	0
	44
	1
	36
	2
	15
	3
	31
	4
	30
	5
	8
	6
	6
	7
	16


	0
	27
	1
	16
	2
	15
	3
	32
	4
	20
	5
	16
	6
	17
	7
	42


	0
	22
	1
	15
	2
	14
	3
	45
	4
	32
	5
	30
	6
	7
	7
	40


	0
	47
	1
	36
	2
	15
	3
	38
	4
	41
	5
	34
	6
	49
	7
	25


	0
	46
	1
	29
	2
	43
	3
	9
	4
	49
	5
	26
	6
	42
	7
	48


	0
	42
	1
	5
	2
	48
	3
	46
	4
	22
	5
	42
	6
	31
	7
	42


	0
	22
	1
	32
	2
	26
	3
	40
	4
	26
	5
	20
	6
	24
	7
	30


	0
	24
	1
	35
	2
	30
	3
	22
	4
	5
	5
	8
	6
	19
	7
	8


	0
	29
	1
	19
	2
	34
	3
	35
	4
	18
	5
	44
	6
	8
	7
	10


	0
	24
	1
	46
	2
	7
	3
	45
	4
	32
	5
	41
	6
	13
	7
	19


	0
	22
	1
	7
	2
	44
	3
	44
	4
	14
	5
	28
	6
	35
	7
	36


	0
	28
	1
	36
	2
	34
	3
	31
	4
	12
	5
	34
	6
	12
	7
	8


	0
	38
	1
	6
	2
	39
	3
	49
	4
	48
	5
	9
	6
	35
	7
	33


	0
	19
	1
	22
	2
	23
	3
	14
	4
	28
	5
	45
	6
	41
	7
	33


	0
	47
	1
	35
	2
	30
	3
	6
	4
	37
	5
	24
	6
	17
	7
	32


	0
	42
	1
	24
	2
	16
	3
	11
	4
	5
	5
	37
	6
	12
	7
	25


	0
	18
	1
	44
	2
	49
	3
	39
	4
	28
	5
	23
	6
	42
	7
	29


	0
	38
	1
	34
	2
	25
	3
	47
	4
	19
	5
	49
	6
	27
	7
	37


	0
	13
	1
	22
	2
	47
	3
	37
	4
	48
	5
	40
	6
	38
	7
	39


	0
	9
	1
	37
	2
	48
	3
	27
	4
	23
	5
	25
	6
	29
	7
	34


	0
	44
	1
	10
	2
	13
	3
	12
	4
	33
	5
	19
	6
	32
	7
	37


	0
	23
	1
	31
	2
	37
	3
	21
	4
	45
	5
	26
	6
	32
	7
	28

