60
16
2

	0
	39
	1
	40
	2
	40
	3
	44
	4
	44
	5
	45
	6
	44
	7
	32
	8
	24
	9
	22
	10
	9
	11
	26
	12
	10
	13
	43
	14
	15
	15
	24


	0
	36
	1
	22
	2
	38
	3
	37
	4
	14
	5
	27
	6
	21
	7
	18
	8
	13
	9
	48
	10
	38
	11
	45
	12
	38
	13
	36
	14
	33
	15
	34


	0
	10
	1
	38
	2
	45
	3
	39
	4
	21
	5
	38
	6
	34
	7
	5
	8
	7
	9
	5
	10
	31
	11
	24
	12
	25
	13
	41
	14
	28
	15
	39


	0
	7
	1
	8
	2
	13
	3
	11
	4
	48
	5
	37
	6
	29
	7
	30
	8
	49
	9
	44
	10
	7
	11
	34
	12
	22
	13
	5
	14
	12
	15
	21


	0
	7
	1
	22
	2
	25
	3
	9
	4
	48
	5
	22
	6
	41
	7
	44
	8
	46
	9
	15
	10
	39
	11
	47
	12
	43
	13
	9
	14
	44
	15
	26


	0
	15
	1
	39
	2
	35
	3
	11
	4
	35
	5
	31
	6
	6
	7
	7
	8
	8
	9
	20
	10
	9
	11
	20
	12
	48
	13
	46
	14
	20
	15
	16


	0
	24
	1
	39
	2
	25
	3
	44
	4
	41
	5
	15
	6
	14
	7
	38
	8
	20
	9
	24
	10
	32
	11
	39
	12
	38
	13
	42
	14
	26
	15
	25


	0
	12
	1
	40
	2
	43
	3
	20
	4
	8
	5
	44
	6
	13
	7
	36
	8
	21
	9
	21
	10
	24
	11
	11
	12
	37
	13
	41
	14
	40
	15
	31


	0
	18
	1
	38
	2
	27
	3
	25
	4
	12
	5
	10
	6
	36
	7
	43
	8
	33
	9
	23
	10
	20
	11
	26
	12
	11
	13
	43
	14
	7
	15
	46


	0
	25
	1
	21
	2
	12
	3
	40
	4
	35
	5
	24
	6
	9
	7
	48
	8
	19
	9
	39
	10
	21
	11
	7
	12
	45
	13
	24
	14
	12
	15
	5


	0
	39
	1
	34
	2
	28
	3
	38
	4
	44
	5
	24
	6
	31
	7
	29
	8
	24
	9
	15
	10
	14
	11
	22
	12
	5
	13
	6
	14
	6
	15
	24


	0
	22
	1
	12
	2
	26
	3
	10
	4
	46
	5
	32
	6
	32
	7
	23
	8
	30
	9
	24
	10
	7
	11
	27
	12
	11
	13
	44
	14
	37
	15
	7


	0
	21
	1
	15
	2
	30
	3
	5
	4
	38
	5
	7
	6
	23
	7
	7
	8
	39
	9
	14
	10
	18
	11
	6
	12
	48
	13
	38
	14
	18
	15
	30


	0
	8
	1
	17
	2
	46
	3
	25
	4
	38
	5
	15
	6
	33
	7
	7
	8
	38
	9
	28
	10
	11
	11
	26
	12
	44
	13
	16
	14
	38
	15
	11


	0
	46
	1
	13
	2
	39
	3
	47
	4
	13
	5
	45
	6
	37
	7
	22
	8
	36
	9
	47
	10
	9
	11
	42
	12
	19
	13
	45
	14
	16
	15
	11


	0
	25
	1
	44
	2
	14
	3
	49
	4
	47
	5
	34
	6
	7
	7
	8
	8
	45
	9
	16
	10
	23
	11
	42
	12
	26
	13
	10
	14
	25
	15
	31


	0
	16
	1
	31
	2
	27
	3
	31
	4
	24
	5
	48
	6
	38
	7
	30
	8
	32
	9
	35
	10
	22
	11
	30
	12
	24
	13
	5
	14
	15
	15
	45


	0
	49
	1
	22
	2
	30
	3
	33
	4
	12
	5
	15
	6
	26
	7
	37
	8
	14
	9
	34
	10
	10
	11
	39
	12
	46
	13
	9
	14
	10
	15
	44


	0
	36
	1
	48
	2
	38
	3
	28
	4
	13
	5
	44
	6
	26
	7
	32
	8
	18
	9
	7
	10
	9
	11
	30
	12
	40
	13
	30
	14
	40
	15
	34


	0
	9
	1
	36
	2
	12
	3
	34
	4
	41
	5
	47
	6
	17
	7
	41
	8
	24
	9
	9
	10
	22
	11
	9
	12
	38
	13
	10
	14
	23
	15
	38


	0
	33
	1
	30
	2
	46
	3
	31
	4
	33
	5
	11
	6
	39
	7
	28
	8
	27
	9
	8
	10
	17
	11
	7
	12
	19
	13
	21
	14
	6
	15
	41


	0
	6
	1
	20
	2
	43
	3
	30
	4
	44
	5
	45
	6
	27
	7
	13
	8
	12
	9
	11
	10
	46
	11
	10
	12
	38
	13
	43
	14
	9
	15
	26


	0
	39
	1
	25
	2
	28
	3
	17
	4
	37
	5
	37
	6
	39
	7
	38
	8
	31
	9
	18
	10
	37
	11
	49
	12
	25
	13
	29
	14
	6
	15
	32


	0
	16
	1
	46
	2
	26
	3
	15
	4
	10
	5
	15
	6
	11
	7
	45
	8
	36
	9
	41
	10
	25
	11
	13
	12
	11
	13
	12
	14
	10
	15
	21


	0
	12
	1
	28
	2
	12
	3
	19
	4
	9
	5
	41
	6
	18
	7
	20
	8
	36
	9
	16
	10
	37
	11
	40
	12
	47
	13
	34
	14
	12
	15
	42


	0
	37
	1
	34
	2
	21
	3
	40
	4
	11
	5
	28
	6
	39
	7
	29
	8
	49
	9
	12
	10
	22
	11
	16
	12
	39
	13
	16
	14
	44
	15
	11


	0
	13
	1
	20
	2
	14
	3
	36
	4
	11
	5
	44
	6
	40
	7
	30
	8
	38
	9
	22
	10
	31
	11
	42
	12
	10
	13
	49
	14
	18
	15
	36


	0
	40
	1
	26
	2
	25
	3
	26
	4
	14
	5
	39
	6
	41
	7
	23
	8
	37
	9
	41
	10
	29
	11
	9
	12
	30
	13
	43
	14
	48
	15
	20


	0
	45
	1
	13
	2
	31
	3
	22
	4
	8
	5
	17
	6
	13
	7
	14
	8
	31
	9
	27
	10
	15
	11
	21
	12
	25
	13
	38
	14
	19
	15
	7


	0
	18
	1
	47
	2
	44
	3
	43
	4
	36
	5
	31
	6
	46
	7
	46
	8
	40
	9
	45
	10
	39
	11
	15
	12
	45
	13
	27
	14
	46
	15
	18


	0
	19
	1
	19
	2
	46
	3
	9
	4
	49
	5
	28
	6
	11
	7
	31
	8
	19
	9
	24
	10
	24
	11
	13
	12
	12
	13
	29
	14
	13
	15
	37


	0
	11
	1
	35
	2
	16
	3
	42
	4
	44
	5
	33
	6
	39
	7
	48
	8
	15
	9
	46
	10
	45
	11
	44
	12
	10
	13
	9
	14
	11
	15
	11


	0
	18
	1
	18
	2
	11
	3
	16
	4
	26
	5
	11
	6
	34
	7
	12
	8
	23
	9
	43
	10
	29
	11
	46
	12
	32
	13
	20
	14
	23
	15
	48


	0
	15
	1
	47
	2
	49
	3
	19
	4
	42
	5
	20
	6
	15
	7
	49
	8
	48
	9
	22
	10
	9
	11
	11
	12
	12
	13
	5
	14
	33
	15
	33


	0
	24
	1
	46
	2
	11
	3
	12
	4
	41
	5
	47
	6
	42
	7
	48
	8
	26
	9
	37
	10
	42
	11
	49
	12
	29
	13
	22
	14
	48
	15
	14


	0
	28
	1
	26
	2
	48
	3
	35
	4
	32
	5
	31
	6
	19
	7
	27
	8
	10
	9
	15
	10
	34
	11
	27
	12
	38
	13
	42
	14
	16
	15
	36


	0
	30
	1
	16
	2
	49
	3
	27
	4
	29
	5
	28
	6
	20
	7
	37
	8
	20
	9
	23
	10
	20
	11
	24
	12
	29
	13
	33
	14
	20
	15
	28


	0
	16
	1
	7
	2
	25
	3
	31
	4
	17
	5
	18
	6
	29
	7
	29
	8
	47
	9
	45
	10
	13
	11
	34
	12
	35
	13
	47
	14
	33
	15
	10


	0
	5
	1
	32
	2
	31
	3
	12
	4
	18
	5
	42
	6
	39
	7
	7
	8
	30
	9
	22
	10
	37
	11
	17
	12
	10
	13
	6
	14
	9
	15
	12


	0
	28
	1
	11
	2
	48
	3
	34
	4
	42
	5
	43
	6
	12
	7
	15
	8
	43
	9
	10
	10
	17
	11
	6
	12
	38
	13
	41
	14
	39
	15
	32


	0
	13
	1
	39
	2
	25
	3
	32
	4
	40
	5
	49
	6
	16
	7
	47
	8
	5
	9
	21
	10
	20
	11
	5
	12
	22
	13
	12
	14
	21
	15
	49


	0
	30
	1
	6
	2
	35
	3
	5
	4
	28
	5
	29
	6
	30
	7
	6
	8
	48
	9
	12
	10
	12
	11
	15
	12
	18
	13
	17
	14
	10
	15
	24


	0
	5
	1
	19
	2
	40
	3
	41
	4
	33
	5
	26
	6
	43
	7
	41
	8
	39
	9
	19
	10
	28
	11
	6
	12
	6
	13
	30
	14
	5
	15
	17


	0
	42
	1
	26
	2
	11
	3
	11
	4
	7
	5
	30
	6
	25
	7
	34
	8
	37
	9
	34
	10
	17
	11
	18
	12
	5
	13
	49
	14
	11
	15
	34


	0
	14
	1
	30
	2
	37
	3
	42
	4
	8
	5
	35
	6
	26
	7
	12
	8
	24
	9
	34
	10
	16
	11
	16
	12
	47
	13
	48
	14
	42
	15
	36


	0
	28
	1
	26
	2
	49
	3
	19
	4
	17
	5
	38
	6
	26
	7
	42
	8
	11
	9
	42
	10
	12
	11
	30
	12
	18
	13
	27
	14
	30
	15
	12


	0
	7
	1
	26
	2
	39
	3
	22
	4
	44
	5
	5
	6
	11
	7
	38
	8
	26
	9
	44
	10
	11
	11
	8
	12
	28
	13
	29
	14
	11
	15
	49


	0
	24
	1
	11
	2
	43
	3
	33
	4
	8
	5
	24
	6
	42
	7
	34
	8
	6
	9
	34
	10
	36
	11
	19
	12
	29
	13
	9
	14
	28
	15
	25


	0
	9
	1
	6
	2
	38
	3
	41
	4
	36
	5
	13
	6
	32
	7
	34
	8
	5
	9
	27
	10
	33
	11
	34
	12
	35
	13
	46
	14
	13
	15
	48


	0
	10
	1
	47
	2
	14
	3
	45
	4
	43
	5
	48
	6
	5
	7
	42
	8
	41
	9
	23
	10
	36
	11
	30
	12
	28
	13
	35
	14
	20
	15
	13


	0
	10
	1
	35
	2
	38
	3
	31
	4
	7
	5
	46
	6
	28
	7
	5
	8
	48
	9
	46
	10
	49
	11
	31
	12
	20
	13
	16
	14
	47
	15
	21


	0
	11
	1
	27
	2
	13
	3
	26
	4
	14
	5
	23
	6
	26
	7
	36
	8
	14
	9
	30
	10
	45
	11
	11
	12
	22
	13
	8
	14
	35
	15
	10


	0
	7
	1
	38
	2
	43
	3
	10
	4
	19
	5
	33
	6
	38
	7
	21
	8
	48
	9
	12
	10
	11
	11
	42
	12
	21
	13
	35
	14
	48
	15
	27


	0
	18
	1
	5
	2
	28
	3
	11
	4
	47
	5
	38
	6
	5
	7
	30
	8
	26
	9
	22
	10
	30
	11
	24
	12
	16
	13
	36
	14
	47
	15
	18


	0
	44
	1
	30
	2
	45
	3
	35
	4
	13
	5
	37
	6
	45
	7
	32
	8
	27
	9
	40
	10
	41
	11
	24
	12
	45
	13
	14
	14
	36
	15
	7


	0
	33
	1
	24
	2
	12
	3
	28
	4
	7
	5
	21
	6
	8
	7
	5
	8
	15
	9
	15
	10
	28
	11
	39
	12
	36
	13
	35
	14
	39
	15
	46


	0
	30
	1
	31
	2
	22
	3
	16
	4
	25
	5
	31
	6
	49
	7
	45
	8
	30
	9
	27
	10
	30
	11
	8
	12
	48
	13
	27
	14
	25
	15
	21


	0
	34
	1
	16
	2
	27
	3
	31
	4
	7
	5
	25
	6
	37
	7
	47
	8
	19
	9
	5
	10
	16
	11
	10
	12
	21
	13
	18
	14
	45
	15
	49


	0
	14
	1
	34
	2
	23
	3
	14
	4
	28
	5
	27
	6
	10
	7
	14
	8
	21
	9
	29
	10
	23
	11
	36
	12
	41
	13
	30
	14
	5
	15
	38


	0
	36
	1
	19
	2
	22
	3
	46
	4
	18
	5
	17
	6
	37
	7
	37
	8
	29
	9
	7
	10
	35
	11
	5
	12
	21
	13
	6
	14
	23
	15
	47

