60
16
2

	0
	27
	1
	24
	2
	11
	3
	47
	4
	47
	5
	32
	6
	39
	7
	16
	8
	23
	9
	30
	10
	34
	11
	28
	12
	37
	13
	39
	14
	22
	15
	16


	0
	6
	1
	8
	2
	42
	3
	6
	4
	16
	5
	9
	6
	25
	7
	16
	8
	33
	9
	30
	10
	19
	11
	23
	12
	10
	13
	41
	14
	11
	15
	8


	0
	16
	1
	6
	2
	47
	3
	16
	4
	32
	5
	33
	6
	48
	7
	9
	8
	13
	9
	34
	10
	17
	11
	49
	12
	41
	13
	44
	14
	41
	15
	46


	0
	11
	1
	36
	2
	33
	3
	31
	4
	24
	5
	12
	6
	28
	7
	46
	8
	29
	9
	45
	10
	6
	11
	10
	12
	23
	13
	38
	14
	43
	15
	44


	0
	35
	1
	7
	2
	49
	3
	43
	4
	23
	5
	19
	6
	38
	7
	37
	8
	35
	9
	30
	10
	34
	11
	10
	12
	21
	13
	38
	14
	5
	15
	44


	0
	9
	1
	44
	2
	43
	3
	14
	4
	19
	5
	32
	6
	6
	7
	19
	8
	19
	9
	7
	10
	21
	11
	6
	12
	12
	13
	28
	14
	49
	15
	33


	0
	37
	1
	30
	2
	31
	3
	23
	4
	40
	5
	33
	6
	7
	7
	9
	8
	24
	9
	47
	10
	18
	11
	43
	12
	33
	13
	18
	14
	20
	15
	46


	0
	45
	1
	14
	2
	5
	3
	47
	4
	35
	5
	46
	6
	16
	7
	18
	8
	48
	9
	7
	10
	44
	11
	6
	12
	16
	13
	21
	14
	8
	15
	41


	0
	6
	1
	27
	2
	32
	3
	29
	4
	46
	5
	31
	6
	30
	7
	10
	8
	23
	9
	23
	10
	6
	11
	42
	12
	45
	13
	38
	14
	9
	15
	34


	0
	48
	1
	9
	2
	45
	3
	37
	4
	46
	5
	11
	6
	34
	7
	27
	8
	37
	9
	49
	10
	45
	11
	29
	12
	6
	13
	10
	14
	48
	15
	11


	0
	20
	1
	31
	2
	12
	3
	20
	4
	42
	5
	42
	6
	27
	7
	5
	8
	28
	9
	18
	10
	31
	11
	24
	12
	40
	13
	45
	14
	44
	15
	10


	0
	42
	1
	10
	2
	12
	3
	5
	4
	35
	5
	34
	6
	38
	7
	14
	8
	18
	9
	22
	10
	27
	11
	42
	12
	17
	13
	28
	14
	17
	15
	12


	0
	28
	1
	39
	2
	14
	3
	33
	4
	46
	5
	38
	6
	38
	7
	25
	8
	33
	9
	22
	10
	24
	11
	27
	12
	47
	13
	32
	14
	42
	15
	28


	0
	28
	1
	13
	2
	10
	3
	5
	4
	40
	5
	5
	6
	19
	7
	41
	8
	15
	9
	35
	10
	27
	11
	38
	12
	12
	13
	9
	14
	6
	15
	14


	0
	42
	1
	31
	2
	36
	3
	17
	4
	17
	5
	32
	6
	31
	7
	7
	8
	5
	9
	28
	10
	48
	11
	14
	12
	47
	13
	36
	14
	5
	15
	19


	0
	46
	1
	38
	2
	12
	3
	46
	4
	15
	5
	9
	6
	36
	7
	5
	8
	46
	9
	45
	10
	39
	11
	29
	12
	15
	13
	18
	14
	10
	15
	23


	0
	44
	1
	27
	2
	8
	3
	30
	4
	27
	5
	11
	6
	16
	7
	46
	8
	47
	9
	21
	10
	40
	11
	13
	12
	48
	13
	7
	14
	42
	15
	11


	0
	23
	1
	44
	2
	37
	3
	30
	4
	22
	5
	33
	6
	48
	7
	27
	8
	16
	9
	12
	10
	15
	11
	48
	12
	23
	13
	39
	14
	44
	15
	28


	0
	17
	1
	9
	2
	38
	3
	32
	4
	43
	5
	13
	6
	42
	7
	19
	8
	15
	9
	7
	10
	46
	11
	35
	12
	31
	13
	34
	14
	14
	15
	7


	0
	34
	1
	35
	2
	43
	3
	30
	4
	34
	5
	13
	6
	7
	7
	36
	8
	8
	9
	43
	10
	14
	11
	5
	12
	23
	13
	25
	14
	43
	15
	17


	0
	6
	1
	5
	2
	24
	3
	32
	4
	28
	5
	11
	6
	12
	7
	8
	8
	28
	9
	32
	10
	31
	11
	45
	12
	30
	13
	45
	14
	33
	15
	9


	0
	37
	1
	38
	2
	41
	3
	49
	4
	17
	5
	29
	6
	29
	7
	46
	8
	46
	9
	23
	10
	18
	11
	7
	12
	44
	13
	39
	14
	42
	15
	44


	0
	12
	1
	47
	2
	13
	3
	11
	4
	45
	5
	19
	6
	27
	7
	21
	8
	13
	9
	43
	10
	19
	11
	28
	12
	23
	13
	33
	14
	28
	15
	11


	0
	12
	1
	38
	2
	48
	3
	16
	4
	37
	5
	43
	6
	43
	7
	42
	8
	7
	9
	9
	10
	26
	11
	18
	12
	47
	13
	46
	14
	41
	15
	32


	0
	22
	1
	9
	2
	13
	3
	32
	4
	9
	5
	18
	6
	18
	7
	41
	8
	25
	9
	11
	10
	32
	11
	21
	12
	15
	13
	15
	14
	20
	15
	24


	0
	47
	1
	29
	2
	35
	3
	40
	4
	47
	5
	31
	6
	13
	7
	12
	8
	23
	9
	42
	10
	32
	11
	45
	12
	32
	13
	43
	14
	16
	15
	9


	0
	25
	1
	36
	2
	11
	3
	13
	4
	47
	5
	46
	6
	16
	7
	18
	8
	15
	9
	5
	10
	32
	11
	36
	12
	37
	13
	15
	14
	40
	15
	17


	0
	11
	1
	20
	2
	16
	3
	19
	4
	47
	5
	49
	6
	8
	7
	22
	8
	11
	9
	7
	10
	19
	11
	20
	12
	29
	13
	26
	14
	32
	15
	10


	0
	16
	1
	22
	2
	37
	3
	46
	4
	27
	5
	31
	6
	28
	7
	31
	8
	18
	9
	17
	10
	18
	11
	40
	12
	31
	13
	45
	14
	34
	15
	28


	0
	48
	1
	37
	2
	22
	3
	15
	4
	46
	5
	35
	6
	20
	7
	32
	8
	22
	9
	13
	10
	46
	11
	22
	12
	28
	13
	15
	14
	40
	15
	42


	0
	39
	1
	49
	2
	8
	3
	23
	4
	36
	5
	34
	6
	15
	7
	12
	8
	46
	9
	33
	10
	35
	11
	25
	12
	23
	13
	36
	14
	16
	15
	16


	0
	22
	1
	19
	2
	44
	3
	33
	4
	39
	5
	6
	6
	22
	7
	38
	8
	34
	9
	29
	10
	20
	11
	16
	12
	30
	13
	6
	14
	38
	15
	25


	0
	5
	1
	23
	2
	19
	3
	45
	4
	14
	5
	37
	6
	41
	7
	28
	8
	17
	9
	41
	10
	33
	11
	15
	12
	9
	13
	24
	14
	42
	15
	30


	0
	40
	1
	47
	2
	14
	3
	49
	4
	6
	5
	35
	6
	18
	7
	27
	8
	42
	9
	44
	10
	39
	11
	48
	12
	41
	13
	18
	14
	34
	15
	39


	0
	16
	1
	13
	2
	39
	3
	48
	4
	29
	5
	34
	6
	15
	7
	23
	8
	23
	9
	5
	10
	49
	11
	29
	12
	31
	13
	32
	14
	14
	15
	40


	0
	29
	1
	45
	2
	18
	3
	13
	4
	43
	5
	30
	6
	46
	7
	14
	8
	42
	9
	42
	10
	11
	11
	49
	12
	7
	13
	28
	14
	17
	15
	21


	0
	31
	1
	38
	2
	35
	3
	9
	4
	45
	5
	44
	6
	15
	7
	38
	8
	32
	9
	8
	10
	17
	11
	28
	12
	21
	13
	5
	14
	16
	15
	41


	0
	49
	1
	44
	2
	16
	3
	26
	4
	27
	5
	26
	6
	42
	7
	42
	8
	16
	9
	36
	10
	36
	11
	10
	12
	31
	13
	17
	14
	18
	15
	33


	0
	23
	1
	10
	2
	41
	3
	26
	4
	19
	5
	24
	6
	15
	7
	15
	8
	45
	9
	9
	10
	15
	11
	5
	12
	10
	13
	43
	14
	23
	15
	28


	0
	32
	1
	10
	2
	34
	3
	41
	4
	33
	5
	41
	6
	29
	7
	34
	8
	13
	9
	47
	10
	36
	11
	25
	12
	41
	13
	36
	14
	46
	15
	33


	0
	46
	1
	9
	2
	23
	3
	14
	4
	16
	5
	24
	6
	32
	7
	43
	8
	38
	9
	16
	10
	31
	11
	39
	12
	44
	13
	30
	14
	28
	15
	16


	0
	20
	1
	6
	2
	38
	3
	14
	4
	47
	5
	47
	6
	45
	7
	15
	8
	34
	9
	13
	10
	33
	11
	48
	12
	37
	13
	45
	14
	17
	15
	12


	0
	47
	1
	20
	2
	6
	3
	26
	4
	17
	5
	16
	6
	7
	7
	38
	8
	35
	9
	48
	10
	22
	11
	5
	12
	20
	13
	20
	14
	41
	15
	19


	0
	17
	1
	21
	2
	45
	3
	8
	4
	32
	5
	8
	6
	7
	7
	38
	8
	33
	9
	10
	10
	23
	11
	31
	12
	8
	13
	28
	14
	7
	15
	43


	0
	40
	1
	6
	2
	37
	3
	23
	4
	29
	5
	37
	6
	33
	7
	35
	8
	49
	9
	10
	10
	25
	11
	38
	12
	24
	13
	28
	14
	49
	15
	34


	0
	33
	1
	6
	2
	41
	3
	33
	4
	46
	5
	39
	6
	26
	7
	28
	8
	36
	9
	12
	10
	48
	11
	37
	12
	18
	13
	5
	14
	44
	15
	18


	0
	9
	1
	20
	2
	41
	3
	24
	4
	7
	5
	35
	6
	42
	7
	20
	8
	14
	9
	32
	10
	33
	11
	14
	12
	16
	13
	49
	14
	21
	15
	49


	0
	17
	1
	19
	2
	13
	3
	8
	4
	31
	5
	37
	6
	25
	7
	21
	8
	42
	9
	21
	10
	8
	11
	27
	12
	43
	13
	37
	14
	7
	15
	13


	0
	38
	1
	17
	2
	21
	3
	15
	4
	18
	5
	9
	6
	33
	7
	39
	8
	26
	9
	5
	10
	24
	11
	39
	12
	10
	13
	13
	14
	9
	15
	35


	0
	42
	1
	31
	2
	28
	3
	15
	4
	8
	5
	13
	6
	19
	7
	12
	8
	21
	9
	35
	10
	39
	11
	10
	12
	20
	13
	30
	14
	27
	15
	22


	0
	16
	1
	5
	2
	20
	3
	43
	4
	7
	5
	47
	6
	14
	7
	10
	8
	30
	9
	31
	10
	11
	11
	38
	12
	43
	13
	29
	14
	13
	15
	7


	0
	36
	1
	28
	2
	48
	3
	29
	4
	44
	5
	15
	6
	38
	7
	49
	8
	6
	9
	39
	10
	16
	11
	11
	12
	49
	13
	15
	14
	19
	15
	43


	0
	37
	1
	15
	2
	46
	3
	15
	4
	20
	5
	9
	6
	11
	7
	11
	8
	29
	9
	8
	10
	29
	11
	25
	12
	48
	13
	13
	14
	14
	15
	9


	0
	36
	1
	12
	2
	12
	3
	24
	4
	49
	5
	29
	6
	30
	7
	19
	8
	12
	9
	49
	10
	23
	11
	13
	12
	12
	13
	13
	14
	38
	15
	28


	0
	16
	1
	41
	2
	36
	3
	13
	4
	10
	5
	15
	6
	18
	7
	17
	8
	21
	9
	31
	10
	16
	11
	34
	12
	5
	13
	44
	14
	35
	15
	20


	0
	47
	1
	35
	2
	8
	3
	47
	4
	8
	5
	39
	6
	48
	7
	42
	8
	15
	9
	28
	10
	31
	11
	23
	12
	43
	13
	41
	14
	14
	15
	42


	0
	34
	1
	32
	2
	18
	3
	9
	4
	13
	5
	46
	6
	28
	7
	6
	8
	25
	9
	19
	10
	6
	11
	46
	12
	6
	13
	25
	14
	40
	15
	29


	0
	5
	1
	25
	2
	48
	3
	47
	4
	45
	5
	17
	6
	49
	7
	17
	8
	17
	9
	13
	10
	25
	11
	44
	12
	22
	13
	6
	14
	44
	15
	24


	0
	15
	1
	19
	2
	49
	3
	49
	4
	35
	5
	12
	6
	39
	7
	17
	8
	37
	9
	40
	10
	39
	11
	45
	12
	49
	13
	48
	14
	19
	15
	29


	0
	8
	1
	20
	2
	10
	3
	42
	4
	44
	5
	5
	6
	35
	7
	6
	8
	12
	9
	35
	10
	49
	11
	26
	12
	28
	13
	31
	14
	18
	15
	43

