60
8
5

	0
	22
	1
	21
	2
	22
	3
	15
	4
	48
	5
	5
	6
	7
	7
	18


	0
	12
	1
	33
	2
	44
	3
	14
	4
	17
	5
	25
	6
	6
	7
	37


	0
	12
	1
	26
	2
	10
	3
	16
	4
	5
	5
	48
	6
	18
	7
	35


	0
	32
	1
	42
	2
	12
	3
	15
	4
	21
	5
	12
	6
	21
	7
	8


	0
	23
	1
	40
	2
	31
	3
	45
	4
	5
	5
	38
	6
	35
	7
	42


	0
	36
	1
	31
	2
	23
	3
	10
	4
	41
	5
	41
	6
	21
	7
	17


	0
	34
	1
	19
	2
	31
	3
	30
	4
	17
	5
	7
	6
	19
	7
	9


	0
	30
	1
	24
	2
	38
	3
	26
	4
	13
	5
	16
	6
	46
	7
	18


	0
	27
	1
	21
	2
	37
	3
	22
	4
	28
	5
	41
	6
	43
	7
	10


	0
	22
	1
	19
	2
	46
	3
	34
	4
	7
	5
	6
	6
	31
	7
	34


	0
	18
	1
	39
	2
	7
	3
	41
	4
	41
	5
	43
	6
	36
	7
	16


	0
	26
	1
	13
	2
	8
	3
	20
	4
	39
	5
	47
	6
	7
	7
	9


	0
	17
	1
	11
	2
	14
	3
	13
	4
	26
	5
	27
	6
	40
	7
	48


	0
	11
	1
	17
	2
	41
	3
	33
	4
	30
	5
	48
	6
	9
	7
	8


	0
	6
	1
	14
	2
	11
	3
	43
	4
	10
	5
	30
	6
	18
	7
	28


	0
	17
	1
	40
	2
	27
	3
	36
	4
	12
	5
	41
	6
	40
	7
	29


	0
	22
	1
	27
	2
	20
	3
	14
	4
	49
	5
	25
	6
	32
	7
	39


	0
	20
	1
	29
	2
	27
	3
	28
	4
	47
	5
	36
	6
	35
	7
	43


	0
	34
	1
	35
	2
	37
	3
	10
	4
	18
	5
	18
	6
	12
	7
	28


	0
	47
	1
	9
	2
	12
	3
	18
	4
	14
	5
	47
	6
	5
	7
	19


	0
	7
	1
	33
	2
	12
	3
	31
	4
	17
	5
	40
	6
	42
	7
	10


	0
	10
	1
	22
	2
	36
	3
	28
	4
	41
	5
	23
	6
	6
	7
	42


	0
	41
	1
	45
	2
	9
	3
	45
	4
	41
	5
	48
	6
	34
	7
	16


	0
	47
	1
	17
	2
	37
	3
	41
	4
	11
	5
	32
	6
	21
	7
	35


	0
	17
	1
	9
	2
	17
	3
	13
	4
	28
	5
	10
	6
	8
	7
	41


	0
	16
	1
	23
	2
	19
	3
	5
	4
	34
	5
	5
	6
	30
	7
	46


	0
	43
	1
	8
	2
	33
	3
	24
	4
	17
	5
	5
	6
	24
	7
	37


	0
	27
	1
	45
	2
	47
	3
	13
	4
	27
	5
	7
	6
	45
	7
	30


	0
	34
	1
	17
	2
	31
	3
	12
	4
	10
	5
	48
	6
	27
	7
	36


	0
	47
	1
	16
	2
	45
	3
	11
	4
	34
	5
	14
	6
	24
	7
	30


	0
	41
	1
	31
	2
	45
	3
	24
	4
	12
	5
	35
	6
	19
	7
	29


	0
	40
	1
	18
	2
	9
	3
	37
	4
	10
	5
	24
	6
	44
	7
	6


	0
	29
	1
	44
	2
	45
	3
	42
	4
	43
	5
	17
	6
	10
	7
	12


	0
	41
	1
	6
	2
	14
	3
	8
	4
	34
	5
	8
	6
	36
	7
	39


	0
	38
	1
	27
	2
	45
	3
	20
	4
	44
	5
	9
	6
	24
	7
	48


	0
	30
	1
	28
	2
	18
	3
	11
	4
	45
	5
	17
	6
	48
	7
	31


	0
	26
	1
	19
	2
	33
	3
	47
	4
	34
	5
	14
	6
	40
	7
	35


	0
	39
	1
	43
	2
	34
	3
	6
	4
	15
	5
	5
	6
	42
	7
	35


	0
	45
	1
	14
	2
	26
	3
	35
	4
	31
	5
	14
	6
	17
	7
	22


	0
	15
	1
	31
	2
	24
	3
	33
	4
	7
	5
	8
	6
	39
	7
	36


	0
	22
	1
	26
	2
	25
	3
	23
	4
	35
	5
	16
	6
	42
	7
	14


	0
	5
	1
	29
	2
	35
	3
	31
	4
	41
	5
	31
	6
	20
	7
	48


	0
	9
	1
	18
	2
	26
	3
	27
	4
	44
	5
	11
	6
	6
	7
	34


	0
	11
	1
	9
	2
	44
	3
	45
	4
	13
	5
	9
	6
	38
	7
	12


	0
	41
	1
	17
	2
	33
	3
	32
	4
	22
	5
	8
	6
	28
	7
	26


	0
	43
	1
	29
	2
	46
	3
	38
	4
	19
	5
	37
	6
	28
	7
	14


	0
	47
	1
	12
	2
	7
	3
	20
	4
	28
	5
	26
	6
	15
	7
	15


	0
	20
	1
	31
	2
	14
	3
	26
	4
	10
	5
	28
	6
	39
	7
	7


	0
	15
	1
	26
	2
	44
	3
	33
	4
	20
	5
	27
	6
	7
	7
	7


	0
	6
	1
	5
	2
	28
	3
	35
	4
	9
	5
	28
	6
	20
	7
	17


	0
	32
	1
	22
	2
	35
	3
	7
	4
	40
	5
	23
	6
	22
	7
	38


	0
	32
	1
	39
	2
	16
	3
	22
	4
	33
	5
	46
	6
	32
	7
	37


	0
	8
	1
	10
	2
	39
	3
	36
	4
	31
	5
	45
	6
	48
	7
	24


	0
	31
	1
	9
	2
	22
	3
	26
	4
	16
	5
	13
	6
	13
	7
	29


	0
	26
	1
	7
	2
	47
	3
	5
	4
	36
	5
	19
	6
	24
	7
	17


	0
	31
	1
	15
	2
	14
	3
	10
	4
	15
	5
	31
	6
	41
	7
	43


	0
	16
	1
	26
	2
	17
	3
	11
	4
	22
	5
	22
	6
	38
	7
	9


	0
	32
	1
	24
	2
	18
	3
	7
	4
	28
	5
	37
	6
	36
	7
	34


	0
	16
	1
	16
	2
	34
	3
	44
	4
	15
	5
	9
	6
	20
	7
	42


	0
	20
	1
	43
	2
	14
	3
	45
	4
	12
	5
	6
	6
	39
	7
	23

