60
16
3

	0
	16
	1
	38
	2
	19
	3
	5
	4
	15
	5
	32
	6
	8
	7
	34
	8
	14
	9
	43
	10
	40
	11
	8
	12
	35
	13
	31
	14
	37
	15
	25


	0
	26
	1
	23
	2
	11
	3
	37
	4
	39
	5
	40
	6
	33
	7
	38
	8
	25
	9
	33
	10
	31
	11
	13
	12
	46
	13
	13
	14
	20
	15
	25


	0
	23
	1
	26
	2
	7
	3
	48
	4
	25
	5
	35
	6
	28
	7
	11
	8
	28
	9
	24
	10
	8
	11
	38
	12
	43
	13
	23
	14
	25
	15
	22


	0
	46
	1
	21
	2
	9
	3
	32
	4
	40
	5
	43
	6
	32
	7
	7
	8
	47
	9
	42
	10
	18
	11
	39
	12
	26
	13
	30
	14
	9
	15
	27


	0
	8
	1
	13
	2
	16
	3
	20
	4
	28
	5
	46
	6
	7
	7
	29
	8
	29
	9
	29
	10
	28
	11
	13
	12
	11
	13
	31
	14
	15
	15
	44


	0
	47
	1
	36
	2
	32
	3
	25
	4
	19
	5
	37
	6
	17
	7
	19
	8
	11
	9
	24
	10
	44
	11
	22
	12
	14
	13
	20
	14
	34
	15
	43


	0
	11
	1
	9
	2
	31
	3
	36
	4
	7
	5
	26
	6
	13
	7
	26
	8
	31
	9
	30
	10
	30
	11
	20
	12
	49
	13
	48
	14
	30
	15
	21


	0
	37
	1
	33
	2
	37
	3
	27
	4
	10
	5
	44
	6
	13
	7
	6
	8
	44
	9
	25
	10
	44
	11
	18
	12
	24
	13
	38
	14
	18
	15
	33


	0
	28
	1
	40
	2
	22
	3
	31
	4
	44
	5
	13
	6
	6
	7
	22
	8
	33
	9
	22
	10
	44
	11
	36
	12
	27
	13
	43
	14
	30
	15
	32


	0
	35
	1
	30
	2
	29
	3
	33
	4
	40
	5
	37
	6
	18
	7
	5
	8
	40
	9
	48
	10
	44
	11
	30
	12
	7
	13
	32
	14
	8
	15
	29


	0
	19
	1
	21
	2
	10
	3
	17
	4
	37
	5
	36
	6
	30
	7
	9
	8
	39
	9
	46
	10
	36
	11
	30
	12
	33
	13
	45
	14
	14
	15
	44


	0
	13
	1
	16
	2
	14
	3
	20
	4
	39
	5
	17
	6
	34
	7
	36
	8
	7
	9
	22
	10
	36
	11
	49
	12
	38
	13
	43
	14
	39
	15
	12


	0
	14
	1
	28
	2
	38
	3
	33
	4
	25
	5
	30
	6
	28
	7
	26
	8
	27
	9
	27
	10
	42
	11
	14
	12
	46
	13
	12
	14
	7
	15
	41


	0
	14
	1
	33
	2
	35
	3
	42
	4
	37
	5
	25
	6
	44
	7
	12
	8
	36
	9
	23
	10
	13
	11
	45
	12
	13
	13
	42
	14
	8
	15
	5


	0
	34
	1
	44
	2
	7
	3
	20
	4
	49
	5
	37
	6
	29
	7
	12
	8
	25
	9
	32
	10
	6
	11
	32
	12
	35
	13
	25
	14
	22
	15
	24


	0
	36
	1
	45
	2
	38
	3
	26
	4
	49
	5
	32
	6
	46
	7
	18
	8
	40
	9
	41
	10
	13
	11
	36
	12
	23
	13
	40
	14
	7
	15
	49


	0
	43
	1
	44
	2
	32
	3
	34
	4
	17
	5
	23
	6
	35
	7
	9
	8
	29
	9
	46
	10
	34
	11
	6
	12
	11
	13
	18
	14
	40
	15
	48


	0
	21
	1
	30
	2
	33
	3
	37
	4
	39
	5
	49
	6
	22
	7
	45
	8
	14
	9
	41
	10
	35
	11
	19
	12
	33
	13
	39
	14
	7
	15
	44


	0
	7
	1
	15
	2
	29
	3
	7
	4
	31
	5
	47
	6
	13
	7
	34
	8
	49
	9
	38
	10
	11
	11
	16
	12
	15
	13
	14
	14
	49
	15
	43


	0
	28
	1
	20
	2
	23
	3
	24
	4
	25
	5
	49
	6
	9
	7
	26
	8
	11
	9
	49
	10
	10
	11
	31
	12
	25
	13
	21
	14
	30
	15
	31


	0
	33
	1
	25
	2
	6
	3
	14
	4
	17
	5
	8
	6
	30
	7
	30
	8
	12
	9
	46
	10
	21
	11
	11
	12
	29
	13
	16
	14
	27
	15
	40


	0
	8
	1
	6
	2
	12
	3
	32
	4
	10
	5
	6
	6
	22
	7
	37
	8
	42
	9
	24
	10
	48
	11
	43
	12
	28
	13
	17
	14
	16
	15
	10


	0
	21
	1
	16
	2
	42
	3
	6
	4
	6
	5
	39
	6
	15
	7
	9
	8
	37
	9
	17
	10
	48
	11
	37
	12
	20
	13
	14
	14
	6
	15
	41


	0
	15
	1
	7
	2
	31
	3
	35
	4
	39
	5
	41
	6
	36
	7
	46
	8
	34
	9
	31
	10
	11
	11
	29
	12
	9
	13
	25
	14
	34
	15
	42


	0
	7
	1
	31
	2
	25
	3
	49
	4
	43
	5
	10
	6
	42
	7
	39
	8
	33
	9
	20
	10
	27
	11
	26
	12
	5
	13
	37
	14
	31
	15
	12


	0
	10
	1
	29
	2
	43
	3
	10
	4
	33
	5
	32
	6
	15
	7
	38
	8
	30
	9
	21
	10
	37
	11
	24
	12
	5
	13
	9
	14
	25
	15
	25


	0
	13
	1
	17
	2
	45
	3
	42
	4
	43
	5
	33
	6
	44
	7
	33
	8
	42
	9
	25
	10
	46
	11
	40
	12
	12
	13
	16
	14
	14
	15
	12


	0
	28
	1
	32
	2
	11
	3
	32
	4
	16
	5
	36
	6
	44
	7
	18
	8
	28
	9
	14
	10
	47
	11
	29
	12
	12
	13
	6
	14
	36
	15
	32


	0
	46
	1
	16
	2
	29
	3
	49
	4
	25
	5
	36
	6
	28
	7
	22
	8
	8
	9
	34
	10
	31
	11
	41
	12
	37
	13
	38
	14
	25
	15
	42


	0
	17
	1
	37
	2
	34
	3
	29
	4
	42
	5
	25
	6
	17
	7
	46
	8
	45
	9
	29
	10
	37
	11
	9
	12
	45
	13
	24
	14
	39
	15
	33


	0
	28
	1
	49
	2
	13
	3
	6
	4
	23
	5
	27
	6
	44
	7
	23
	8
	36
	9
	33
	10
	46
	11
	28
	12
	36
	13
	13
	14
	36
	15
	37


	0
	21
	1
	27
	2
	34
	3
	43
	4
	45
	5
	35
	6
	34
	7
	35
	8
	47
	9
	27
	10
	22
	11
	27
	12
	34
	13
	41
	14
	8
	15
	22


	0
	18
	1
	10
	2
	47
	3
	17
	4
	38
	5
	12
	6
	24
	7
	20
	8
	41
	9
	37
	10
	29
	11
	25
	12
	23
	13
	14
	14
	21
	15
	17


	0
	12
	1
	17
	2
	33
	3
	29
	4
	13
	5
	32
	6
	8
	7
	46
	8
	49
	9
	13
	10
	18
	11
	39
	12
	21
	13
	44
	14
	44
	15
	13


	0
	47
	1
	9
	2
	26
	3
	43
	4
	32
	5
	14
	6
	9
	7
	47
	8
	26
	9
	27
	10
	30
	11
	6
	12
	47
	13
	48
	14
	14
	15
	42


	0
	24
	1
	35
	2
	43
	3
	48
	4
	42
	5
	22
	6
	33
	7
	12
	8
	28
	9
	45
	10
	42
	11
	29
	12
	5
	13
	32
	14
	30
	15
	8


	0
	34
	1
	24
	2
	36
	3
	44
	4
	14
	5
	7
	6
	41
	7
	47
	8
	20
	9
	41
	10
	43
	11
	14
	12
	33
	13
	39
	14
	49
	15
	25


	0
	45
	1
	35
	2
	16
	3
	29
	4
	9
	5
	32
	6
	42
	7
	37
	8
	12
	9
	24
	10
	32
	11
	25
	12
	37
	13
	23
	14
	47
	15
	43


	0
	18
	1
	8
	2
	21
	3
	46
	4
	31
	5
	46
	6
	33
	7
	7
	8
	36
	9
	22
	10
	21
	11
	5
	12
	47
	13
	17
	14
	47
	15
	35


	0
	27
	1
	24
	2
	15
	3
	15
	4
	42
	5
	44
	6
	6
	7
	12
	8
	21
	9
	32
	10
	9
	11
	31
	12
	42
	13
	26
	14
	9
	15
	28


	0
	43
	1
	44
	2
	45
	3
	25
	4
	29
	5
	30
	6
	10
	7
	24
	8
	39
	9
	39
	10
	18
	11
	5
	12
	46
	13
	19
	14
	33
	15
	5


	0
	8
	1
	24
	2
	22
	3
	44
	4
	29
	5
	35
	6
	24
	7
	31
	8
	48
	9
	20
	10
	40
	11
	9
	12
	23
	13
	42
	14
	27
	15
	37


	0
	28
	1
	27
	2
	35
	3
	37
	4
	10
	5
	45
	6
	19
	7
	15
	8
	29
	9
	13
	10
	13
	11
	40
	12
	32
	13
	17
	14
	31
	15
	39


	0
	32
	1
	28
	2
	46
	3
	14
	4
	23
	5
	38
	6
	33
	7
	5
	8
	39
	9
	19
	10
	39
	11
	38
	12
	22
	13
	14
	14
	27
	15
	8


	0
	36
	1
	16
	2
	38
	3
	32
	4
	5
	5
	6
	6
	38
	7
	12
	8
	33
	9
	44
	10
	28
	11
	49
	12
	33
	13
	45
	14
	33
	15
	36


	0
	26
	1
	28
	2
	29
	3
	20
	4
	29
	5
	11
	6
	36
	7
	37
	8
	19
	9
	6
	10
	48
	11
	38
	12
	10
	13
	49
	14
	42
	15
	13


	0
	26
	1
	11
	2
	41
	3
	38
	4
	43
	5
	28
	6
	47
	7
	41
	8
	14
	9
	24
	10
	27
	11
	6
	12
	22
	13
	24
	14
	11
	15
	37


	0
	22
	1
	32
	2
	45
	3
	22
	4
	5
	5
	23
	6
	27
	7
	36
	8
	43
	9
	24
	10
	40
	11
	39
	12
	40
	13
	28
	14
	45
	15
	38


	0
	16
	1
	15
	2
	20
	3
	33
	4
	19
	5
	49
	6
	20
	7
	21
	8
	42
	9
	21
	10
	17
	11
	9
	12
	35
	13
	14
	14
	24
	15
	21


	0
	46
	1
	18
	2
	29
	3
	8
	4
	9
	5
	32
	6
	30
	7
	29
	8
	33
	9
	29
	10
	26
	11
	26
	12
	28
	13
	39
	14
	36
	15
	48


	0
	37
	1
	32
	2
	38
	3
	27
	4
	13
	5
	14
	6
	35
	7
	39
	8
	14
	9
	40
	10
	11
	11
	44
	12
	43
	13
	39
	14
	19
	15
	32


	0
	26
	1
	18
	2
	25
	3
	10
	4
	18
	5
	49
	6
	22
	7
	31
	8
	15
	9
	6
	10
	23
	11
	40
	12
	48
	13
	23
	14
	45
	15
	17


	0
	49
	1
	7
	2
	9
	3
	9
	4
	18
	5
	32
	6
	41
	7
	5
	8
	8
	9
	48
	10
	7
	11
	19
	12
	16
	13
	16
	14
	31
	15
	23


	0
	17
	1
	23
	2
	38
	3
	43
	4
	24
	5
	15
	6
	49
	7
	7
	8
	20
	9
	14
	10
	18
	11
	48
	12
	35
	13
	7
	14
	13
	15
	48


	0
	9
	1
	29
	2
	45
	3
	16
	4
	32
	5
	27
	6
	16
	7
	25
	8
	37
	9
	33
	10
	41
	11
	21
	12
	23
	13
	16
	14
	27
	15
	37


	0
	44
	1
	6
	2
	45
	3
	16
	4
	36
	5
	49
	6
	21
	7
	44
	8
	7
	9
	16
	10
	41
	11
	36
	12
	44
	13
	38
	14
	5
	15
	17


	0
	39
	1
	31
	2
	46
	3
	27
	4
	46
	5
	25
	6
	8
	7
	28
	8
	17
	9
	15
	10
	33
	11
	31
	12
	15
	13
	39
	14
	27
	15
	7


	0
	15
	1
	21
	2
	12
	3
	5
	4
	19
	5
	25
	6
	38
	7
	36
	8
	34
	9
	44
	10
	46
	11
	28
	12
	34
	13
	31
	14
	6
	15
	46


	0
	30
	1
	17
	2
	16
	3
	46
	4
	37
	5
	26
	6
	31
	7
	5
	8
	46
	9
	6
	10
	47
	11
	17
	12
	43
	13
	36
	14
	13
	15
	17


	0
	25
	1
	24
	2
	13
	3
	47
	4
	37
	5
	38
	6
	12
	7
	37
	8
	39
	9
	7
	10
	11
	11
	27
	12
	39
	13
	19
	14
	19
	15
	28

