60
8
3

	0
	10
	1
	32
	2
	19
	3
	5
	4
	5
	5
	45
	6
	37
	7
	45


	0
	28
	1
	27
	2
	21
	3
	16
	4
	21
	5
	20
	6
	5
	7
	26


	0
	5
	1
	12
	2
	49
	3
	22
	4
	47
	5
	27
	6
	8
	7
	15


	0
	13
	1
	14
	2
	10
	3
	41
	4
	14
	5
	11
	6
	27
	7
	43


	0
	35
	1
	44
	2
	28
	3
	33
	4
	8
	5
	41
	6
	26
	7
	40


	0
	23
	1
	30
	2
	49
	3
	41
	4
	15
	5
	42
	6
	11
	7
	23


	0
	44
	1
	8
	2
	30
	3
	28
	4
	44
	5
	29
	6
	23
	7
	47


	0
	20
	1
	27
	2
	36
	3
	7
	4
	16
	5
	24
	6
	45
	7
	23


	0
	27
	1
	42
	2
	38
	3
	22
	4
	13
	5
	10
	6
	22
	7
	37


	0
	41
	1
	18
	2
	34
	3
	47
	4
	7
	5
	33
	6
	13
	7
	46


	0
	18
	1
	29
	2
	29
	3
	39
	4
	17
	5
	16
	6
	20
	7
	46


	0
	12
	1
	46
	2
	28
	3
	29
	4
	9
	5
	17
	6
	16
	7
	38


	0
	22
	1
	25
	2
	31
	3
	21
	4
	39
	5
	39
	6
	25
	7
	43


	0
	18
	1
	15
	2
	19
	3
	22
	4
	35
	5
	14
	6
	27
	7
	19


	0
	32
	1
	28
	2
	21
	3
	11
	4
	41
	5
	33
	6
	8
	7
	22


	0
	35
	1
	30
	2
	24
	3
	19
	4
	26
	5
	48
	6
	12
	7
	27


	0
	30
	1
	15
	2
	23
	3
	12
	4
	33
	5
	26
	6
	40
	7
	19


	0
	20
	1
	40
	2
	31
	3
	16
	4
	19
	5
	10
	6
	42
	7
	19


	0
	17
	1
	6
	2
	15
	3
	44
	4
	45
	5
	47
	6
	30
	7
	5


	0
	27
	1
	39
	2
	12
	3
	8
	4
	16
	5
	11
	6
	25
	7
	34


	0
	21
	1
	28
	2
	11
	3
	27
	4
	36
	5
	28
	6
	13
	7
	44


	0
	8
	1
	5
	2
	9
	3
	34
	4
	16
	5
	18
	6
	49
	7
	18


	0
	12
	1
	37
	2
	42
	3
	21
	4
	22
	5
	42
	6
	20
	7
	40


	0
	21
	1
	13
	2
	42
	3
	15
	4
	7
	5
	8
	6
	39
	7
	9


	0
	40
	1
	27
	2
	31
	3
	49
	4
	49
	5
	20
	6
	15
	7
	46


	0
	35
	1
	18
	2
	36
	3
	34
	4
	15
	5
	34
	6
	29
	7
	21


	0
	27
	1
	10
	2
	44
	3
	32
	4
	16
	5
	9
	6
	33
	7
	36


	0
	27
	1
	40
	2
	34
	3
	17
	4
	48
	5
	17
	6
	31
	7
	23


	0
	28
	1
	49
	2
	18
	3
	11
	4
	49
	5
	27
	6
	41
	7
	47


	0
	20
	1
	31
	2
	8
	3
	43
	4
	7
	5
	41
	6
	15
	7
	5


	0
	37
	1
	23
	2
	6
	3
	35
	4
	8
	5
	37
	6
	39
	7
	25


	0
	49
	1
	23
	2
	23
	3
	7
	4
	13
	5
	28
	6
	33
	7
	45


	0
	17
	1
	20
	2
	23
	3
	13
	4
	26
	5
	47
	6
	12
	7
	39


	0
	48
	1
	46
	2
	12
	3
	35
	4
	37
	5
	13
	6
	24
	7
	7


	0
	7
	1
	31
	2
	9
	3
	9
	4
	5
	5
	5
	6
	34
	7
	25


	0
	23
	1
	45
	2
	39
	3
	10
	4
	20
	5
	35
	6
	45
	7
	31


	0
	48
	1
	8
	2
	17
	3
	7
	4
	34
	5
	41
	6
	7
	7
	21


	0
	9
	1
	15
	2
	46
	3
	49
	4
	46
	5
	38
	6
	29
	7
	41


	0
	43
	1
	13
	2
	8
	3
	43
	4
	22
	5
	26
	6
	37
	7
	37


	0
	25
	1
	30
	2
	40
	3
	25
	4
	49
	5
	12
	6
	45
	7
	36


	0
	36
	1
	15
	2
	10
	3
	22
	4
	10
	5
	35
	6
	46
	7
	10


	0
	22
	1
	32
	2
	11
	3
	42
	4
	42
	5
	23
	6
	8
	7
	7


	0
	36
	1
	45
	2
	30
	3
	17
	4
	39
	5
	8
	6
	19
	7
	22


	0
	22
	1
	23
	2
	11
	3
	43
	4
	12
	5
	14
	6
	9
	7
	11


	0
	9
	1
	35
	2
	49
	3
	29
	4
	43
	5
	14
	6
	43
	7
	22


	0
	48
	1
	19
	2
	15
	3
	40
	4
	46
	5
	43
	6
	15
	7
	47


	0
	20
	1
	39
	2
	13
	3
	7
	4
	5
	5
	35
	6
	38
	7
	43


	0
	19
	1
	27
	2
	49
	3
	29
	4
	19
	5
	46
	6
	17
	7
	12


	0
	33
	1
	46
	2
	45
	3
	48
	4
	11
	5
	49
	6
	12
	7
	14


	0
	26
	1
	33
	2
	24
	3
	22
	4
	45
	5
	26
	6
	40
	7
	44


	0
	10
	1
	33
	2
	44
	3
	5
	4
	6
	5
	30
	6
	40
	7
	30


	0
	7
	1
	17
	2
	18
	3
	10
	4
	35
	5
	43
	6
	22
	7
	43


	0
	44
	1
	20
	2
	41
	3
	22
	4
	22
	5
	35
	6
	19
	7
	21


	0
	40
	1
	33
	2
	41
	3
	33
	4
	23
	5
	9
	6
	41
	7
	40


	0
	48
	1
	31
	2
	35
	3
	8
	4
	18
	5
	26
	6
	5
	7
	44


	0
	44
	1
	19
	2
	16
	3
	21
	4
	17
	5
	33
	6
	45
	7
	45


	0
	18
	1
	5
	2
	40
	3
	27
	4
	15
	5
	13
	6
	48
	7
	17


	0
	25
	1
	46
	2
	46
	3
	16
	4
	39
	5
	6
	6
	12
	7
	19


	0
	10
	1
	33
	2
	6
	3
	25
	4
	16
	5
	6
	6
	37
	7
	24


	0
	21
	1
	34
	2
	17
	3
	10
	4
	7
	5
	19
	6
	11
	7
	12

