60
16
4

	0
	18
	1
	35
	2
	19
	3
	48
	4
	34
	5
	20
	6
	39
	7
	37
	8
	21
	9
	49
	10
	40
	11
	9
	12
	11
	13
	10
	14
	22
	15
	8


	0
	38
	1
	44
	2
	8
	3
	16
	4
	46
	5
	27
	6
	36
	7
	6
	8
	11
	9
	11
	10
	24
	11
	22
	12
	49
	13
	12
	14
	31
	15
	6


	0
	26
	1
	19
	2
	36
	3
	48
	4
	18
	5
	32
	6
	19
	7
	16
	8
	18
	9
	36
	10
	26
	11
	45
	12
	40
	13
	11
	14
	27
	15
	11


	0
	42
	1
	34
	2
	13
	3
	27
	4
	10
	5
	9
	6
	18
	7
	32
	8
	46
	9
	26
	10
	14
	11
	34
	12
	25
	13
	19
	14
	27
	15
	41


	0
	15
	1
	15
	2
	9
	3
	38
	4
	31
	5
	29
	6
	29
	7
	12
	8
	9
	9
	25
	10
	22
	11
	6
	12
	29
	13
	19
	14
	47
	15
	5


	0
	35
	1
	44
	2
	35
	3
	13
	4
	8
	5
	47
	6
	24
	7
	15
	8
	34
	9
	47
	10
	6
	11
	29
	12
	33
	13
	48
	14
	31
	15
	39


	0
	16
	1
	22
	2
	12
	3
	39
	4
	5
	5
	5
	6
	18
	7
	24
	8
	16
	9
	45
	10
	48
	11
	29
	12
	23
	13
	23
	14
	15
	15
	46


	0
	14
	1
	44
	2
	48
	3
	18
	4
	20
	5
	33
	6
	41
	7
	9
	8
	43
	9
	21
	10
	29
	11
	36
	12
	9
	13
	40
	14
	10
	15
	48


	0
	24
	1
	34
	2
	27
	3
	38
	4
	42
	5
	6
	6
	32
	7
	43
	8
	6
	9
	39
	10
	47
	11
	16
	12
	35
	13
	15
	14
	22
	15
	30


	0
	40
	1
	7
	2
	35
	3
	31
	4
	40
	5
	14
	6
	10
	7
	40
	8
	13
	9
	46
	10
	40
	11
	42
	12
	31
	13
	16
	14
	8
	15
	26


	0
	12
	1
	31
	2
	14
	3
	30
	4
	37
	5
	20
	6
	24
	7
	34
	8
	17
	9
	48
	10
	25
	11
	17
	12
	15
	13
	44
	14
	29
	15
	49


	0
	39
	1
	16
	2
	45
	3
	49
	4
	35
	5
	48
	6
	23
	7
	35
	8
	37
	9
	11
	10
	6
	11
	44
	12
	44
	13
	38
	14
	21
	15
	38


	0
	36
	1
	30
	2
	28
	3
	14
	4
	34
	5
	18
	6
	33
	7
	40
	8
	34
	9
	33
	10
	19
	11
	33
	12
	37
	13
	36
	14
	15
	15
	18


	0
	24
	1
	6
	2
	30
	3
	17
	4
	47
	5
	40
	6
	14
	7
	42
	8
	6
	9
	21
	10
	18
	11
	19
	12
	23
	13
	7
	14
	17
	15
	9


	0
	14
	1
	32
	2
	44
	3
	26
	4
	44
	5
	12
	6
	34
	7
	27
	8
	39
	9
	36
	10
	18
	11
	30
	12
	25
	13
	24
	14
	6
	15
	19


	0
	26
	1
	10
	2
	14
	3
	5
	4
	22
	5
	42
	6
	13
	7
	15
	8
	5
	9
	49
	10
	42
	11
	18
	12
	37
	13
	8
	14
	29
	15
	40


	0
	9
	1
	33
	2
	10
	3
	47
	4
	47
	5
	39
	6
	34
	7
	21
	8
	25
	9
	34
	10
	45
	11
	22
	12
	31
	13
	40
	14
	46
	15
	15


	0
	32
	1
	29
	2
	23
	3
	30
	4
	42
	5
	41
	6
	12
	7
	27
	8
	12
	9
	27
	10
	8
	11
	46
	12
	34
	13
	11
	14
	47
	15
	19


	0
	48
	1
	12
	2
	27
	3
	29
	4
	9
	5
	37
	6
	34
	7
	7
	8
	35
	9
	37
	10
	27
	11
	39
	12
	43
	13
	42
	14
	49
	15
	25


	0
	7
	1
	13
	2
	12
	3
	46
	4
	19
	5
	28
	6
	45
	7
	15
	8
	48
	9
	41
	10
	19
	11
	46
	12
	46
	13
	40
	14
	19
	15
	40


	0
	9
	1
	25
	2
	42
	3
	15
	4
	41
	5
	29
	6
	27
	7
	30
	8
	23
	9
	37
	10
	37
	11
	31
	12
	10
	13
	48
	14
	42
	15
	48


	0
	7
	1
	49
	2
	19
	3
	7
	4
	6
	5
	37
	6
	24
	7
	18
	8
	46
	9
	18
	10
	9
	11
	34
	12
	8
	13
	27
	14
	14
	15
	10


	0
	25
	1
	37
	2
	48
	3
	43
	4
	7
	5
	21
	6
	36
	7
	28
	8
	40
	9
	33
	10
	30
	11
	38
	12
	42
	13
	48
	14
	41
	15
	22


	0
	16
	1
	12
	2
	37
	3
	13
	4
	37
	5
	8
	6
	39
	7
	37
	8
	30
	9
	49
	10
	11
	11
	33
	12
	24
	13
	22
	14
	48
	15
	24


	0
	30
	1
	37
	2
	30
	3
	35
	4
	18
	5
	14
	6
	12
	7
	49
	8
	48
	9
	46
	10
	11
	11
	45
	12
	38
	13
	28
	14
	22
	15
	19


	0
	32
	1
	47
	2
	28
	3
	45
	4
	12
	5
	41
	6
	8
	7
	19
	8
	5
	9
	47
	10
	42
	11
	33
	12
	37
	13
	38
	14
	32
	15
	41


	0
	16
	1
	43
	2
	40
	3
	48
	4
	9
	5
	29
	6
	17
	7
	5
	8
	6
	9
	36
	10
	10
	11
	23
	12
	49
	13
	38
	14
	12
	15
	33


	0
	11
	1
	24
	2
	5
	3
	13
	4
	25
	5
	10
	6
	15
	7
	13
	8
	32
	9
	30
	10
	14
	11
	24
	12
	11
	13
	6
	14
	47
	15
	32


	0
	26
	1
	44
	2
	31
	3
	37
	4
	27
	5
	45
	6
	30
	7
	32
	8
	27
	9
	18
	10
	7
	11
	21
	12
	17
	13
	7
	14
	47
	15
	36


	0
	49
	1
	21
	2
	12
	3
	8
	4
	32
	5
	38
	6
	49
	7
	31
	8
	14
	9
	24
	10
	47
	11
	29
	12
	43
	13
	45
	14
	33
	15
	20


	0
	15
	1
	20
	2
	44
	3
	25
	4
	39
	5
	25
	6
	36
	7
	9
	8
	41
	9
	14
	10
	44
	11
	35
	12
	46
	13
	8
	14
	10
	15
	12


	0
	17
	1
	42
	2
	29
	3
	31
	4
	40
	5
	6
	6
	35
	7
	36
	8
	7
	9
	32
	10
	42
	11
	21
	12
	15
	13
	24
	14
	38
	15
	48


	0
	21
	1
	30
	2
	10
	3
	41
	4
	19
	5
	14
	6
	34
	7
	36
	8
	7
	9
	9
	10
	5
	11
	14
	12
	41
	13
	28
	14
	47
	15
	18


	0
	13
	1
	25
	2
	24
	3
	37
	4
	13
	5
	23
	6
	21
	7
	36
	8
	6
	9
	48
	10
	15
	11
	34
	12
	19
	13
	43
	14
	24
	15
	23


	0
	18
	1
	40
	2
	29
	3
	37
	4
	40
	5
	35
	6
	31
	7
	28
	8
	25
	9
	9
	10
	34
	11
	42
	12
	14
	13
	37
	14
	19
	15
	20


	0
	22
	1
	48
	2
	8
	3
	46
	4
	22
	5
	9
	6
	44
	7
	21
	8
	19
	9
	11
	10
	8
	11
	23
	12
	46
	13
	31
	14
	32
	15
	15


	0
	23
	1
	25
	2
	15
	3
	22
	4
	13
	5
	16
	6
	20
	7
	30
	8
	14
	9
	23
	10
	35
	11
	11
	12
	29
	13
	37
	14
	46
	15
	29


	0
	40
	1
	11
	2
	27
	3
	24
	4
	17
	5
	35
	6
	37
	7
	34
	8
	49
	9
	36
	10
	19
	11
	49
	12
	16
	13
	19
	14
	36
	15
	41


	0
	18
	1
	34
	2
	43
	3
	22
	4
	27
	5
	16
	6
	9
	7
	5
	8
	11
	9
	35
	10
	48
	11
	38
	12
	8
	13
	21
	14
	12
	15
	20


	0
	23
	1
	18
	2
	9
	3
	19
	4
	35
	5
	37
	6
	28
	7
	39
	8
	31
	9
	30
	10
	23
	11
	25
	12
	42
	13
	13
	14
	7
	15
	8


	0
	47
	1
	12
	2
	12
	3
	10
	4
	32
	5
	32
	6
	22
	7
	17
	8
	15
	9
	16
	10
	42
	11
	21
	12
	13
	13
	23
	14
	12
	15
	15


	0
	38
	1
	42
	2
	30
	3
	29
	4
	21
	5
	25
	6
	18
	7
	45
	8
	8
	9
	34
	10
	46
	11
	10
	12
	33
	13
	22
	14
	40
	15
	14


	0
	42
	1
	33
	2
	12
	3
	39
	4
	32
	5
	49
	6
	8
	7
	27
	8
	15
	9
	34
	10
	32
	11
	14
	12
	35
	13
	12
	14
	48
	15
	27


	0
	14
	1
	31
	2
	38
	3
	34
	4
	28
	5
	11
	6
	38
	7
	36
	8
	15
	9
	30
	10
	31
	11
	35
	12
	22
	13
	14
	14
	36
	15
	22


	0
	10
	1
	20
	2
	5
	3
	13
	4
	9
	5
	32
	6
	45
	7
	21
	8
	16
	9
	46
	10
	10
	11
	30
	12
	9
	13
	37
	14
	13
	15
	12


	0
	42
	1
	11
	2
	32
	3
	43
	4
	12
	5
	15
	6
	38
	7
	24
	8
	32
	9
	40
	10
	32
	11
	25
	12
	32
	13
	29
	14
	12
	15
	22


	0
	37
	1
	23
	2
	28
	3
	20
	4
	34
	5
	42
	6
	23
	7
	22
	8
	17
	9
	30
	10
	47
	11
	24
	12
	43
	13
	48
	14
	19
	15
	40


	0
	23
	1
	19
	2
	49
	3
	16
	4
	13
	5
	40
	6
	32
	7
	44
	8
	33
	9
	29
	10
	14
	11
	39
	12
	30
	13
	29
	14
	35
	15
	49


	0
	26
	1
	25
	2
	12
	3
	26
	4
	18
	5
	32
	6
	34
	7
	44
	8
	31
	9
	17
	10
	47
	11
	11
	12
	13
	13
	24
	14
	24
	15
	5


	0
	35
	1
	46
	2
	12
	3
	35
	4
	11
	5
	32
	6
	19
	7
	29
	8
	9
	9
	35
	10
	9
	11
	37
	12
	13
	13
	9
	14
	7
	15
	6


	0
	45
	1
	20
	2
	8
	3
	41
	4
	13
	5
	17
	6
	49
	7
	39
	8
	8
	9
	16
	10
	11
	11
	13
	12
	45
	13
	29
	14
	28
	15
	46


	0
	6
	1
	9
	2
	17
	3
	34
	4
	20
	5
	47
	6
	36
	7
	10
	8
	43
	9
	31
	10
	7
	11
	7
	12
	17
	13
	5
	14
	23
	15
	17


	0
	5
	1
	20
	2
	28
	3
	13
	4
	36
	5
	40
	6
	46
	7
	48
	8
	30
	9
	31
	10
	19
	11
	41
	12
	26
	13
	13
	14
	17
	15
	26


	0
	22
	1
	26
	2
	7
	3
	24
	4
	36
	5
	39
	6
	36
	7
	30
	8
	36
	9
	46
	10
	47
	11
	10
	12
	19
	13
	35
	14
	8
	15
	47


	0
	6
	1
	16
	2
	8
	3
	24
	4
	28
	5
	42
	6
	45
	7
	42
	8
	20
	9
	47
	10
	29
	11
	36
	12
	30
	13
	31
	14
	48
	15
	29


	0
	27
	1
	29
	2
	25
	3
	11
	4
	23
	5
	18
	6
	15
	7
	41
	8
	29
	9
	34
	10
	31
	11
	16
	12
	34
	13
	18
	14
	32
	15
	14


	0
	23
	1
	17
	2
	19
	3
	42
	4
	41
	5
	36
	6
	9
	7
	44
	8
	33
	9
	44
	10
	42
	11
	31
	12
	14
	13
	14
	14
	47
	15
	25


	0
	23
	1
	27
	2
	35
	3
	33
	4
	33
	5
	45
	6
	39
	7
	40
	8
	31
	9
	47
	10
	7
	11
	24
	12
	13
	13
	8
	14
	32
	15
	39


	0
	44
	1
	37
	2
	27
	3
	38
	4
	32
	5
	39
	6
	41
	7
	7
	8
	16
	9
	33
	10
	39
	11
	38
	12
	9
	13
	16
	14
	11
	15
	20


	0
	6
	1
	25
	2
	47
	3
	18
	4
	8
	5
	42
	6
	5
	7
	25
	8
	33
	9
	7
	10
	27
	11
	29
	12
	40
	13
	30
	14
	18
	15
	22

