60
8
3

	0
	15
	1
	5
	2
	36
	3
	11
	4
	44
	5
	33
	6
	23
	7
	33


	0
	18
	1
	17
	2
	27
	3
	18
	4
	12
	5
	22
	6
	11
	7
	36


	0
	23
	1
	39
	2
	34
	3
	29
	4
	34
	5
	16
	6
	16
	7
	12


	0
	7
	1
	7
	2
	22
	3
	22
	4
	42
	5
	18
	6
	8
	7
	12


	0
	48
	1
	46
	2
	36
	3
	31
	4
	19
	5
	38
	6
	26
	7
	14


	0
	10
	1
	23
	2
	22
	3
	36
	4
	15
	5
	20
	6
	45
	7
	39


	0
	49
	1
	47
	2
	17
	3
	12
	4
	35
	5
	23
	6
	16
	7
	27


	0
	22
	1
	32
	2
	5
	3
	15
	4
	26
	5
	26
	6
	30
	7
	49


	0
	48
	1
	39
	2
	46
	3
	36
	4
	29
	5
	27
	6
	16
	7
	48


	0
	32
	1
	35
	2
	6
	3
	35
	4
	49
	5
	11
	6
	45
	7
	6


	0
	49
	1
	12
	2
	7
	3
	15
	4
	13
	5
	49
	6
	20
	7
	47


	0
	43
	1
	20
	2
	45
	3
	11
	4
	25
	5
	39
	6
	38
	7
	46


	0
	30
	1
	37
	2
	23
	3
	21
	4
	43
	5
	12
	6
	21
	7
	5


	0
	20
	1
	6
	2
	24
	3
	23
	4
	49
	5
	39
	6
	10
	7
	32


	0
	46
	1
	25
	2
	6
	3
	14
	4
	44
	5
	41
	6
	45
	7
	42


	0
	16
	1
	39
	2
	48
	3
	29
	4
	13
	5
	32
	6
	16
	7
	30


	0
	23
	1
	48
	2
	41
	3
	24
	4
	16
	5
	12
	6
	13
	7
	30


	0
	46
	1
	12
	2
	9
	3
	29
	4
	28
	5
	17
	6
	48
	7
	15


	0
	13
	1
	38
	2
	46
	3
	9
	4
	44
	5
	27
	6
	19
	7
	40


	0
	37
	1
	42
	2
	33
	3
	38
	4
	40
	5
	5
	6
	23
	7
	40


	0
	29
	1
	11
	2
	43
	3
	6
	4
	16
	5
	10
	6
	14
	7
	10


	0
	17
	1
	43
	2
	42
	3
	7
	4
	8
	5
	47
	6
	20
	7
	16


	0
	7
	1
	25
	2
	43
	3
	37
	4
	25
	5
	14
	6
	47
	7
	36


	0
	15
	1
	38
	2
	17
	3
	39
	4
	30
	5
	15
	6
	26
	7
	32


	0
	11
	1
	40
	2
	35
	3
	38
	4
	30
	5
	38
	6
	16
	7
	36


	0
	21
	1
	11
	2
	33
	3
	13
	4
	10
	5
	29
	6
	25
	7
	6


	0
	46
	1
	38
	2
	12
	3
	28
	4
	9
	5
	45
	6
	27
	7
	41


	0
	29
	1
	48
	2
	10
	3
	20
	4
	6
	5
	48
	6
	43
	7
	19


	0
	34
	1
	23
	2
	17
	3
	11
	4
	10
	5
	37
	6
	45
	7
	6


	0
	45
	1
	48
	2
	24
	3
	49
	4
	36
	5
	43
	6
	36
	7
	34


	0
	48
	1
	48
	2
	43
	3
	9
	4
	41
	5
	40
	6
	39
	7
	24


	0
	25
	1
	35
	2
	43
	3
	9
	4
	37
	5
	27
	6
	18
	7
	38


	0
	13
	1
	44
	2
	31
	3
	16
	4
	49
	5
	46
	6
	5
	7
	30


	0
	21
	1
	23
	2
	6
	3
	18
	4
	34
	5
	49
	6
	47
	7
	29


	0
	39
	1
	41
	2
	20
	3
	19
	4
	32
	5
	47
	6
	38
	7
	15


	0
	48
	1
	23
	2
	13
	3
	5
	4
	6
	5
	14
	6
	8
	7
	29


	0
	5
	1
	23
	2
	46
	3
	14
	4
	41
	5
	21
	6
	32
	7
	33


	0
	34
	1
	30
	2
	42
	3
	39
	4
	38
	5
	16
	6
	43
	7
	17


	0
	24
	1
	27
	2
	16
	3
	44
	4
	38
	5
	38
	6
	45
	7
	11


	0
	17
	1
	41
	2
	16
	3
	18
	4
	44
	5
	43
	6
	19
	7
	40


	0
	10
	1
	12
	2
	37
	3
	25
	4
	15
	5
	40
	6
	34
	7
	25


	0
	6
	1
	6
	2
	45
	3
	6
	4
	14
	5
	15
	6
	38
	7
	12


	0
	47
	1
	36
	2
	19
	3
	29
	4
	39
	5
	29
	6
	43
	7
	21


	0
	9
	1
	39
	2
	22
	3
	30
	4
	43
	5
	36
	6
	33
	7
	49


	0
	22
	1
	36
	2
	44
	3
	39
	4
	10
	5
	29
	6
	6
	7
	25


	0
	9
	1
	39
	2
	35
	3
	39
	4
	14
	5
	46
	6
	11
	7
	7


	0
	23
	1
	27
	2
	5
	3
	32
	4
	33
	5
	41
	6
	20
	7
	11


	0
	5
	1
	16
	2
	15
	3
	23
	4
	39
	5
	35
	6
	42
	7
	31


	0
	41
	1
	45
	2
	18
	3
	42
	4
	34
	5
	37
	6
	11
	7
	23


	0
	47
	1
	29
	2
	19
	3
	15
	4
	44
	5
	18
	6
	25
	7
	35


	0
	37
	1
	8
	2
	27
	3
	48
	4
	11
	5
	16
	6
	42
	7
	17


	0
	16
	1
	35
	2
	22
	3
	6
	4
	40
	5
	12
	6
	8
	7
	26


	0
	12
	1
	42
	2
	21
	3
	49
	4
	23
	5
	27
	6
	11
	7
	29


	0
	10
	1
	40
	2
	29
	3
	36
	4
	21
	5
	49
	6
	5
	7
	34


	0
	36
	1
	35
	2
	29
	3
	35
	4
	10
	5
	15
	6
	13
	7
	30


	0
	49
	1
	44
	2
	19
	3
	20
	4
	39
	5
	19
	6
	28
	7
	31


	0
	12
	1
	43
	2
	26
	3
	37
	4
	49
	5
	19
	6
	17
	7
	44


	0
	15
	1
	32
	2
	28
	3
	43
	4
	31
	5
	11
	6
	21
	7
	49


	0
	18
	1
	13
	2
	48
	3
	13
	4
	23
	5
	29
	6
	27
	7
	24


	0
	43
	1
	31
	2
	45
	3
	24
	4
	31
	5
	45
	6
	41
	7
	39

