80
8
5

	0
	43
	1
	48
	2
	10
	3
	49
	4
	17
	5
	48
	6
	48
	7
	41


	0
	7
	1
	31
	2
	14
	3
	16
	4
	40
	5
	36
	6
	45
	7
	18


	0
	27
	1
	41
	2
	16
	3
	32
	4
	29
	5
	13
	6
	35
	7
	26


	0
	11
	1
	35
	2
	47
	3
	26
	4
	38
	5
	26
	6
	41
	7
	13


	0
	17
	1
	41
	2
	37
	3
	28
	4
	14
	5
	19
	6
	32
	7
	35


	0
	13
	1
	46
	2
	39
	3
	38
	4
	19
	5
	36
	6
	49
	7
	25


	0
	37
	1
	10
	2
	26
	3
	18
	4
	43
	5
	39
	6
	16
	7
	22


	0
	16
	1
	46
	2
	47
	3
	35
	4
	33
	5
	27
	6
	12
	7
	45


	0
	48
	1
	5
	2
	19
	3
	25
	4
	27
	5
	45
	6
	13
	7
	35


	0
	26
	1
	13
	2
	28
	3
	7
	4
	20
	5
	17
	6
	30
	7
	8


	0
	41
	1
	22
	2
	16
	3
	38
	4
	24
	5
	25
	6
	46
	7
	19


	0
	37
	1
	13
	2
	27
	3
	27
	4
	10
	5
	29
	6
	21
	7
	23


	0
	28
	1
	29
	2
	12
	3
	17
	4
	31
	5
	11
	6
	32
	7
	5


	0
	32
	1
	39
	2
	43
	3
	40
	4
	31
	5
	23
	6
	33
	7
	47


	0
	16
	1
	36
	2
	42
	3
	9
	4
	44
	5
	23
	6
	24
	7
	39


	0
	14
	1
	23
	2
	30
	3
	39
	4
	12
	5
	43
	6
	38
	7
	25


	0
	48
	1
	18
	2
	19
	3
	34
	4
	42
	5
	34
	6
	45
	7
	15


	0
	14
	1
	23
	2
	33
	3
	12
	4
	42
	5
	27
	6
	11
	7
	30


	0
	39
	1
	26
	2
	10
	3
	45
	4
	8
	5
	15
	6
	29
	7
	10


	0
	19
	1
	41
	2
	46
	3
	42
	4
	6
	5
	13
	6
	9
	7
	7


	0
	32
	1
	39
	2
	28
	3
	19
	4
	45
	5
	30
	6
	18
	7
	11


	0
	6
	1
	6
	2
	30
	3
	35
	4
	28
	5
	22
	6
	13
	7
	49


	0
	24
	1
	21
	2
	41
	3
	14
	4
	35
	5
	34
	6
	20
	7
	48


	0
	16
	1
	26
	2
	13
	3
	47
	4
	14
	5
	31
	6
	40
	7
	35


	0
	44
	1
	29
	2
	9
	3
	46
	4
	27
	5
	33
	6
	9
	7
	45


	0
	45
	1
	9
	2
	48
	3
	20
	4
	34
	5
	26
	6
	44
	7
	33


	0
	43
	1
	34
	2
	8
	3
	36
	4
	33
	5
	40
	6
	11
	7
	48


	0
	11
	1
	29
	2
	39
	3
	7
	4
	20
	5
	20
	6
	38
	7
	39


	0
	19
	1
	15
	2
	32
	3
	14
	4
	22
	5
	43
	6
	20
	7
	22


	0
	46
	1
	48
	2
	20
	3
	14
	4
	9
	5
	24
	6
	32
	7
	33


	0
	26
	1
	46
	2
	10
	3
	6
	4
	47
	5
	34
	6
	37
	7
	39


	0
	31
	1
	24
	2
	37
	3
	6
	4
	34
	5
	42
	6
	47
	7
	17


	0
	14
	1
	47
	2
	42
	3
	32
	4
	25
	5
	19
	6
	34
	7
	35


	0
	35
	1
	35
	2
	27
	3
	37
	4
	27
	5
	49
	6
	26
	7
	42


	0
	11
	1
	20
	2
	9
	3
	24
	4
	41
	5
	16
	6
	36
	7
	20


	0
	18
	1
	38
	2
	40
	3
	22
	4
	19
	5
	35
	6
	39
	7
	13


	0
	25
	1
	14
	2
	33
	3
	21
	4
	44
	5
	22
	6
	36
	7
	8


	0
	27
	1
	37
	2
	16
	3
	22
	4
	11
	5
	13
	6
	27
	7
	11


	0
	42
	1
	6
	2
	18
	3
	5
	4
	10
	5
	47
	6
	26
	7
	31


	0
	31
	1
	24
	2
	34
	3
	15
	4
	40
	5
	11
	6
	28
	7
	45


	0
	40
	1
	31
	2
	34
	3
	16
	4
	8
	5
	40
	6
	29
	7
	47


	0
	35
	1
	43
	2
	43
	3
	16
	4
	25
	5
	41
	6
	22
	7
	42


	0
	17
	1
	25
	2
	21
	3
	39
	4
	16
	5
	15
	6
	19
	7
	14


	0
	29
	1
	17
	2
	28
	3
	38
	4
	41
	5
	18
	6
	14
	7
	13


	0
	41
	1
	32
	2
	48
	3
	19
	4
	39
	5
	31
	6
	20
	7
	13


	0
	8
	1
	22
	2
	31
	3
	14
	4
	5
	5
	42
	6
	11
	7
	23


	0
	27
	1
	15
	2
	16
	3
	44
	4
	36
	5
	49
	6
	37
	7
	37


	0
	34
	1
	15
	2
	36
	3
	22
	4
	21
	5
	41
	6
	47
	7
	26


	0
	25
	1
	36
	2
	45
	3
	31
	4
	48
	5
	35
	6
	42
	7
	37


	0
	23
	1
	7
	2
	28
	3
	46
	4
	34
	5
	38
	6
	32
	7
	39


	0
	5
	1
	22
	2
	7
	3
	47
	4
	21
	5
	44
	6
	32
	7
	45


	0
	40
	1
	31
	2
	44
	3
	11
	4
	47
	5
	45
	6
	43
	7
	19


	0
	7
	1
	45
	2
	43
	3
	28
	4
	37
	5
	33
	6
	16
	7
	8


	0
	8
	1
	46
	2
	22
	3
	37
	4
	37
	5
	7
	6
	18
	7
	24


	0
	19
	1
	15
	2
	21
	3
	46
	4
	17
	5
	42
	6
	19
	7
	14


	0
	48
	1
	19
	2
	27
	3
	38
	4
	36
	5
	15
	6
	29
	7
	32


	0
	15
	1
	12
	2
	29
	3
	38
	4
	26
	5
	14
	6
	12
	7
	32


	0
	11
	1
	21
	2
	22
	3
	34
	4
	15
	5
	37
	6
	11
	7
	46


	0
	18
	1
	45
	2
	29
	3
	34
	4
	39
	5
	41
	6
	44
	7
	43


	0
	23
	1
	23
	2
	15
	3
	21
	4
	36
	5
	30
	6
	47
	7
	27


	0
	16
	1
	41
	2
	15
	3
	19
	4
	12
	5
	11
	6
	17
	7
	7


	0
	32
	1
	31
	2
	46
	3
	42
	4
	16
	5
	47
	6
	9
	7
	29


	0
	9
	1
	23
	2
	35
	3
	37
	4
	21
	5
	46
	6
	16
	7
	22


	0
	46
	1
	26
	2
	49
	3
	44
	4
	43
	5
	29
	6
	47
	7
	16


	0
	25
	1
	21
	2
	39
	3
	19
	4
	23
	5
	44
	6
	31
	7
	29


	0
	16
	1
	34
	2
	49
	3
	31
	4
	12
	5
	36
	6
	40
	7
	15


	0
	38
	1
	24
	2
	41
	3
	20
	4
	5
	5
	12
	6
	39
	7
	9


	0
	44
	1
	6
	2
	28
	3
	38
	4
	15
	5
	40
	6
	47
	7
	18


	0
	47
	1
	42
	2
	14
	3
	21
	4
	30
	5
	18
	6
	26
	7
	17


	0
	8
	1
	27
	2
	8
	3
	33
	4
	33
	5
	7
	6
	48
	7
	37


	0
	25
	1
	33
	2
	24
	3
	36
	4
	23
	5
	41
	6
	13
	7
	32


	0
	35
	1
	14
	2
	24
	3
	16
	4
	34
	5
	34
	6
	25
	7
	35


	0
	18
	1
	6
	2
	7
	3
	48
	4
	10
	5
	38
	6
	8
	7
	41


	0
	40
	1
	20
	2
	7
	3
	35
	4
	30
	5
	25
	6
	28
	7
	21


	0
	27
	1
	42
	2
	7
	3
	27
	4
	30
	5
	21
	6
	19
	7
	44


	0
	15
	1
	35
	2
	16
	3
	8
	4
	29
	5
	36
	6
	21
	7
	24


	0
	6
	1
	35
	2
	17
	3
	12
	4
	35
	5
	30
	6
	30
	7
	8


	0
	41
	1
	31
	2
	35
	3
	44
	4
	41
	5
	19
	6
	29
	7
	27


	0
	17
	1
	16
	2
	42
	3
	17
	4
	16
	5
	40
	6
	16
	7
	7


	0
	26
	1
	16
	2
	38
	3
	18
	4
	11
	5
	11
	6
	27
	7
	12

