80
4
2

	0
	42
	1
	23
	2
	25
	3
	20


	0
	34
	1
	42
	2
	45
	3
	23


	0
	18
	1
	35
	2
	26
	3
	14


	0
	44
	1
	37
	2
	40
	3
	38


	0
	37
	1
	16
	2
	29
	3
	26


	0
	49
	1
	41
	2
	19
	3
	12


	0
	34
	1
	14
	2
	5
	3
	27


	0
	11
	1
	26
	2
	10
	3
	24


	0
	5
	1
	20
	2
	23
	3
	31


	0
	28
	1
	5
	2
	25
	3
	39


	0
	46
	1
	5
	2
	35
	3
	44


	0
	7
	1
	7
	2
	15
	3
	17


	0
	24
	1
	33
	2
	14
	3
	11


	0
	10
	1
	27
	2
	21
	3
	45


	0
	33
	1
	30
	2
	31
	3
	22


	0
	14
	1
	31
	2
	10
	3
	33


	0
	49
	1
	22
	2
	39
	3
	30


	0
	24
	1
	29
	2
	47
	3
	7


	0
	48
	1
	6
	2
	36
	3
	29


	0
	36
	1
	9
	2
	33
	3
	16


	0
	19
	1
	27
	2
	18
	3
	20


	0
	30
	1
	22
	2
	32
	3
	16


	0
	49
	1
	49
	2
	19
	3
	49


	0
	40
	1
	33
	2
	49
	3
	5


	0
	9
	1
	24
	2
	13
	3
	11


	0
	20
	1
	13
	2
	37
	3
	46


	0
	22
	1
	40
	2
	5
	3
	25


	0
	22
	1
	9
	2
	33
	3
	34


	0
	48
	1
	14
	2
	32
	3
	32


	0
	25
	1
	46
	2
	48
	3
	33


	0
	5
	1
	47
	2
	15
	3
	6


	0
	38
	1
	26
	2
	19
	3
	23


	0
	33
	1
	41
	2
	19
	3
	24


	0
	46
	1
	16
	2
	13
	3
	25


	0
	42
	1
	38
	2
	22
	3
	5


	0
	7
	1
	13
	2
	5
	3
	33


	0
	12
	1
	17
	2
	19
	3
	17


	0
	11
	1
	24
	2
	43
	3
	20


	0
	6
	1
	40
	2
	6
	3
	40


	0
	25
	1
	23
	2
	42
	3
	9


	0
	26
	1
	14
	2
	18
	3
	8


	0
	26
	1
	11
	2
	14
	3
	9


	0
	35
	1
	25
	2
	33
	3
	44


	0
	7
	1
	26
	2
	14
	3
	37


	0
	46
	1
	16
	2
	6
	3
	27


	0
	18
	1
	46
	2
	41
	3
	15


	0
	11
	1
	7
	2
	30
	3
	39


	0
	16
	1
	49
	2
	40
	3
	12


	0
	25
	1
	5
	2
	14
	3
	32


	0
	33
	1
	20
	2
	33
	3
	6


	0
	49
	1
	13
	2
	11
	3
	44


	0
	16
	1
	17
	2
	27
	3
	27


	0
	46
	1
	20
	2
	5
	3
	48


	0
	19
	1
	15
	2
	39
	3
	44


	0
	41
	1
	14
	2
	41
	3
	42


	0
	10
	1
	40
	2
	14
	3
	16


	0
	14
	1
	15
	2
	43
	3
	47


	0
	36
	1
	48
	2
	31
	3
	15


	0
	48
	1
	37
	2
	12
	3
	10


	0
	40
	1
	49
	2
	26
	3
	20


	0
	12
	1
	23
	2
	29
	3
	19


	0
	49
	1
	42
	2
	43
	3
	34


	0
	26
	1
	11
	2
	17
	3
	39


	0
	49
	1
	45
	2
	41
	3
	16


	0
	32
	1
	40
	2
	41
	3
	20


	0
	5
	1
	19
	2
	48
	3
	45


	0
	46
	1
	34
	2
	31
	3
	49


	0
	17
	1
	40
	2
	11
	3
	42


	0
	18
	1
	10
	2
	27
	3
	43


	0
	44
	1
	17
	2
	20
	3
	33


	0
	32
	1
	5
	2
	24
	3
	49


	0
	10
	1
	39
	2
	23
	3
	23


	0
	42
	1
	12
	2
	11
	3
	11


	0
	26
	1
	19
	2
	12
	3
	8


	0
	33
	1
	39
	2
	11
	3
	14


	0
	6
	1
	26
	2
	40
	3
	48


	0
	35
	1
	46
	2
	27
	3
	23


	0
	11
	1
	13
	2
	49
	3
	11


	0
	48
	1
	14
	2
	7
	3
	36


	0
	44
	1
	17
	2
	7
	3
	35

