80
4
5

	0
	40
	1
	23
	2
	17
	3
	14


	0
	16
	1
	13
	2
	14
	3
	41


	0
	12
	1
	38
	2
	35
	3
	20


	0
	10
	1
	42
	2
	12
	3
	5


	0
	46
	1
	39
	2
	12
	3
	10


	0
	44
	1
	34
	2
	35
	3
	10


	0
	28
	1
	24
	2
	6
	3
	43


	0
	30
	1
	24
	2
	26
	3
	18


	0
	37
	1
	28
	2
	42
	3
	23


	0
	6
	1
	46
	2
	46
	3
	35


	0
	24
	1
	35
	2
	41
	3
	36


	0
	24
	1
	24
	2
	37
	3
	33


	0
	25
	1
	38
	2
	16
	3
	46


	0
	30
	1
	48
	2
	11
	3
	17


	0
	43
	1
	34
	2
	47
	3
	25


	0
	49
	1
	40
	2
	18
	3
	16


	0
	9
	1
	24
	2
	45
	3
	15


	0
	34
	1
	13
	2
	19
	3
	43


	0
	25
	1
	9
	2
	48
	3
	11


	0
	12
	1
	21
	2
	15
	3
	32


	0
	49
	1
	6
	2
	22
	3
	8


	0
	6
	1
	8
	2
	15
	3
	37


	0
	17
	1
	35
	2
	13
	3
	42


	0
	46
	1
	41
	2
	49
	3
	24


	0
	25
	1
	39
	2
	25
	3
	17


	0
	30
	1
	36
	2
	19
	3
	13


	0
	13
	1
	26
	2
	32
	3
	21


	0
	11
	1
	44
	2
	16
	3
	13


	0
	13
	1
	20
	2
	38
	3
	6


	0
	40
	1
	32
	2
	47
	3
	36


	0
	24
	1
	23
	2
	44
	3
	45


	0
	24
	1
	22
	2
	17
	3
	38


	0
	19
	1
	35
	2
	30
	3
	5


	0
	6
	1
	43
	2
	35
	3
	43


	0
	16
	1
	41
	2
	40
	3
	23


	0
	10
	1
	21
	2
	38
	3
	12


	0
	44
	1
	30
	2
	49
	3
	18


	0
	37
	1
	33
	2
	28
	3
	32


	0
	5
	1
	7
	2
	37
	3
	5


	0
	45
	1
	34
	2
	27
	3
	18


	0
	17
	1
	10
	2
	16
	3
	41


	0
	45
	1
	39
	2
	41
	3
	10


	0
	48
	1
	43
	2
	39
	3
	6


	0
	29
	1
	24
	2
	7
	3
	28


	0
	45
	1
	47
	2
	11
	3
	39


	0
	38
	1
	33
	2
	39
	3
	47


	0
	13
	1
	33
	2
	17
	3
	36


	0
	25
	1
	16
	2
	21
	3
	22


	0
	22
	1
	19
	2
	40
	3
	15


	0
	11
	1
	26
	2
	46
	3
	15


	0
	42
	1
	45
	2
	21
	3
	7


	0
	25
	1
	47
	2
	18
	3
	35


	0
	5
	1
	44
	2
	13
	3
	27


	0
	25
	1
	36
	2
	24
	3
	37


	0
	8
	1
	23
	2
	10
	3
	35


	0
	21
	1
	39
	2
	29
	3
	30


	0
	40
	1
	27
	2
	28
	3
	21


	0
	41
	1
	30
	2
	15
	3
	15


	0
	23
	1
	25
	2
	37
	3
	42


	0
	37
	1
	42
	2
	24
	3
	35


	0
	25
	1
	18
	2
	31
	3
	33


	0
	10
	1
	13
	2
	30
	3
	20


	0
	22
	1
	30
	2
	16
	3
	48


	0
	10
	1
	21
	2
	5
	3
	29


	0
	45
	1
	17
	2
	22
	3
	16


	0
	16
	1
	34
	2
	17
	3
	49


	0
	30
	1
	26
	2
	38
	3
	25


	0
	48
	1
	36
	2
	8
	3
	29


	0
	12
	1
	39
	2
	47
	3
	44


	0
	47
	1
	42
	2
	48
	3
	37


	0
	32
	1
	43
	2
	20
	3
	36


	0
	23
	1
	12
	2
	16
	3
	42


	0
	40
	1
	30
	2
	21
	3
	31


	0
	30
	1
	34
	2
	36
	3
	9


	0
	30
	1
	41
	2
	6
	3
	26


	0
	31
	1
	49
	2
	33
	3
	9


	0
	26
	1
	45
	2
	15
	3
	11


	0
	29
	1
	49
	2
	31
	3
	45


	0
	12
	1
	14
	2
	7
	3
	25


	0
	23
	1
	24
	2
	28
	3
	14

